91.68
90.28
87.88
100.66
116.78
97.04
106.68
89.26
108.86
87.05
97.8
91.66
115.22
82.7
91.7
83.62
122.28
84.82
95.9
141.34
101.62
101.94
122
105.26
104.56
94.42
106.34
107.34
100.76
78.34
111.3
106.06
102.02
129.36
102.04
105.64
111.24
101.8
114.64
78.78
82.86
94.74
89.92
105.68
91.3
109.22
100.94
93.42
106.32
78.64
101.78
96.5
101.42
80.9
110.9
79.84
109.18
110.9
102.96
93.02
88.12
112.62
120.3
92.66
89.8
95.56
99.04
105.01
106.28
126.24
100.64
106.08
73.94
101.6
88.36
83.6
121.82
97.74
106.9
88.52
100.96
117.56
105.14
98.94
119.74
111.94
94.98
100.78
118.1
80.2
85.08
81.58
127.74
80.58
76.82
82.3
109.74
91.92
117.82
80.5
