        -0.73896          1.4924       -0.752947
         0.30709       -0.225138        -1.17054
         1.19754       -0.122621       -0.957806
     -0.00109621         1.06847        0.337807
        0.230803         1.20166       -0.914499
        0.150649       -0.893521        0.368454
       -0.965714       -0.237131        -2.03162
        -1.82719       -0.710985        0.736089
         0.25577         1.03506         1.19588
        -0.12101       0.0929995         1.69025
        0.809178         0.50387        0.142143
         0.35306        0.582868       -0.648254
      -0.0834971       -0.582654        -1.04065
         0.88948       -0.283768        -1.42269
        0.593233        0.749252       0.0170909
       0.0623778         0.44565        0.312429
         1.31552       -0.286244       -0.680156
       -0.645707        0.422352        0.468527
        -1.08426        -1.05841        0.450048
        -1.62757       -0.459461        -1.61574
        0.175596        0.787992       0.0221958
        0.607344        0.767957       -0.753408
        0.369899       -0.899602       -0.827423
        0.173706       -0.203094       -0.126262
        0.557159        -1.00388         0.64504
          1.0055        0.740104        -0.42556
       0.0742187       -0.681143        0.207212
        0.527723         1.44063        -0.16673
       -0.488212        0.730083       -0.460909
       0.0612334        0.219642        0.741466
        0.532245        -1.70996         1.24018
       -0.250451        0.898246       -0.376573
       -0.893151        -1.33569        -1.20522
      -0.0884455        0.822791       -0.818201
       -0.131233        0.260949       0.0689127
         1.06298      -0.0341242        -1.57842
       -0.443073        -1.51981        0.773512
        0.837591       0.0912565        0.727143
       -0.284462         0.31648        -1.07378
       -0.593752        0.652903        -1.55767
        0.801061       -0.634422        0.378824
        0.172723        0.677488       0.0499102
         0.21878        -1.05434         1.72927
        0.502903        -1.82533        0.277603
       -0.282655         0.40342        -1.80563
       -0.501006       -0.408287        0.573685
       -0.548768         2.68711        0.693648
          1.8043       -0.331173         1.32848
        0.715177        0.524839          1.4174
       0.0802391        0.652646        -2.19303
       -0.451765        -0.70855        0.120476
        -1.75024        0.509671        0.152832
        0.868572       -0.251128       -0.942789
        -2.30066      -0.0533326       -0.342312
        0.729087        0.997296        0.243332
       -0.180662        0.247959       -0.396416
       -0.166396       -0.595555        0.660423
          1.8647       -0.188444       -0.238002
        0.040272       -0.929963          0.1475
        -1.01824      -0.0996998       -0.571873
       -0.026964         -1.1587       -0.519903
        -1.31099           1.043        -1.51739
        0.929245       -0.428964       -0.431329
        0.660509       -0.688815       -0.646812
        0.975317       -0.938907        0.677813
        -1.71773       -0.829867        0.283522
        -2.45955        0.380369        -1.39821
        -0.83645        -2.47062       -0.203752
       -0.931505        0.828097       -0.289792
        -1.40827      -0.0258037         1.25807
      -0.0746319       -0.787512        0.962237
        0.199034       -0.583938       0.0506335
         2.10227        0.532311         1.92448
         1.99078        0.574165       -0.554346
         1.58971        0.793983        -1.55998
       0.0144972     -0.00670555         0.33062
         1.66317          0.2125        0.229178
      -0.0197671        0.718232        0.257992
        0.246929        -1.09759        0.101613
         1.01302        0.812111         2.20675
       -0.651791        0.202304       -0.236297
       -0.763462        0.634317        -1.21665
       -0.879596       -0.197193       -0.150568
         0.81572       -0.428278         2.41061
       -0.330116        0.537603        0.359766
        -1.75961         -1.2413        0.925534
        -1.36713        -1.20721      -0.0884488
       -0.339778       -0.590617      -0.0417679
        0.792684       -0.106568        0.936516
        0.779484         1.43595       -0.528788
       -0.179649       -0.207883         1.07401
       -0.908475        0.490279        0.838446
       -0.214496        0.686197        0.816349
       -0.718774        -1.06159        0.265688
        0.678407        0.688414       -0.812769
        0.326219         1.11115         1.31892
        0.433423        -1.30011        -1.93968
        0.515462       -0.466056        -1.58493
        0.888966      -0.0750367           1.914
        -1.28696        0.701998        -0.49703
       -0.532941      -0.0708827        0.166208
        0.281039        -1.08161        0.861984
        0.131353        0.491781      -0.0925563
       -0.608138         1.29029       -0.156162
        0.124502        0.976422        0.610507
        0.242413       -0.375263        0.539426
        -1.56309       -0.322914         1.49631
         1.01619      -0.0881062        0.827343
