-4.400000e-01
-6.000000e-01
-7.600000e-01
-8.400000e-01
-9.200000e-01
-9.200000e-01
-9.200000e-01
-9.200000e-01
-9.200000e-01
-9.200000e-01
-9.200000e-01
-9.200000e-01
-9.200000e-01
-9.200000e-01
-9.200000e-01
-9.200000e-01
-9.200000e-01
-9.200000e-01
-9.200000e-01
-9.200000e-01
-9.200000e-01
-9.200000e-01
-9.200000e-01
-9.200000e-01
-9.200000e-01
-9.200000e-01
-9.200000e-01
-9.200000e-01
-9.200000e-01
-9.200000e-01
-9.200000e-01
-9.200000e-01
-9.200000e-01
-9.200000e-01
-9.200000e-01
-9.200000e-01
-9.200000e-01
-9.200000e-01
-9.200000e-01
-9.200000e-01
-9.200000e-01
-9.200000e-01
-9.200000e-01
-9.200000e-01
-9.200000e-01
-9.200000e-01
-9.200000e-01
-9.200000e-01
-9.200000e-01
-9.200000e-01
-9.200000e-01
-9.200000e-01
-9.200000e-01
-9.200000e-01
-9.200000e-01
-9.200000e-01
-9.200000e-01
-9.200000e-01
-9.200000e-01
-9.200000e-01
-9.200000e-01
-9.200000e-01
-9.200000e-01
-9.200000e-01
-9.200000e-01
-9.200000e-01
-9.200000e-01
-9.200000e-01
-9.200000e-01
-9.200000e-01
-9.200000e-01
-9.200000e-01
-9.200000e-01
-9.200000e-01
-9.200000e-01
-9.200000e-01
-9.200000e-01
-9.200000e-01
-9.200000e-01
-9.200000e-01
-9.200000e-01
-9.200000e-01
-9.200000e-01
-9.200000e-01
-9.200000e-01
-9.200000e-01
-9.200000e-01
-9.200000e-01
-9.200000e-01
-9.200000e-01
-9.200000e-01
-9.200000e-01
-9.200000e-01
-9.200000e-01
-9.200000e-01
-9.200000e-01
-9.200000e-01
-9.200000e-01
-9.200000e-01
-9.200000e-01
-9.200000e-01
-9.200000e-01
-9.200000e-01
-9.200000e-01
-9.200000e-01
-9.200000e-01
-9.200000e-01
-9.200000e-01
-9.200000e-01
-9.200000e-01
-9.200000e-01
-9.200000e-01
-9.200000e-01
-9.200000e-01
-9.200000e-01
-9.200000e-01
-9.200000e-01
-9.200000e-01
-9.200000e-01
-9.200000e-01
-9.200000e-01
-9.200000e-01
-9.200000e-01
-9.200000e-01
-9.200000e-01
-9.200000e-01
-9.200000e-01
-9.200000e-01
-9.200000e-01
-9.200000e-01
-9.200000e-01
-9.200000e-01
-9.200000e-01
-9.200000e-01
-9.200000e-01
-9.200000e-01
-9.200000e-01
-9.200000e-01
-9.200000e-01
-9.200000e-01
-9.200000e-01
-9.200000e-01
-9.200000e-01
-9.200000e-01
-9.200000e-01
-9.200000e-01
-9.200000e-01
-9.200000e-01
-9.200000e-01
-9.200000e-01
