1.96
1.95998
1.95992
1.95983
1.9597
1.95953
1.95932
1.95907
1.95879
1.95847
1.95811
1.95771
1.95727
1.95679
1.95627
1.95571
1.9551
1.95446
1.95377
1.95304
1.95227
1.95145
1.95059
1.94968
1.94872
1.94771
1.94665
1.94555
1.94439
1.94318
1.94191
1.94059
1.93921
1.93778
1.93628
1.93472
1.9331
1.93141
1.92966
1.92784
1.92595
1.92399
1.92195
1.91984
1.91765
1.91538
1.91303
1.91059
1.90807
1.90545
1.90274
1.89994
1.89703
1.89403
1.89092
1.88771
1.88438
1.88095
1.87739
1.87371
1.86992
1.86599
1.86193
1.85774
1.85342
1.84895
1.84433
1.83957
1.83466
1.82959
1.82436
1.81897
1.81342
1.8077
1.80181
1.79574
1.7895
1.78308
1.77648
1.7697
1.76273
1.75558
1.74824
1.74071
1.73299
1.72509
1.71699
1.70872
1.70026
1.69162
1.6828
1.67381
1.66465
1.65532
1.64584
1.63621
1.62643
1.61651
1.60647
1.59632
1.58605
1.57569
1.56525
1.55473
1.54415
1.53353
1.52288
1.51221
1.50153
1.49086
1.48022
1.46961
1.45906
1.44857
1.43815
1.42783
1.41761
1.4075
1.39751
1.38765
1.37793
1.36837
1.35895
1.34969
1.3406
1.33168
1.32292
1.31434
1.30594
1.2977
1.28964
1.28175
1.27403
1.26648
1.2591
1.25187
1.24481
1.2379
1.23114
1.22453
1.21806
1.21173
1.20554
1.19948
1.19354
1.18773
1.18204
1.17647
1.17102
1.16567
1.16043
1.1553
1.15027
1.14535
1.14052
1.1358
1.13116
1.12663
1.12219
1.11784
1.11359
1.10943
1.10536
1.10137
1.09748
1.09368
1.08997
1.08635
1.08282
1.07937
1.07602
1.07275
1.06957
1.06648
1.06347
1.06056
1.05773
1.05499
1.05233
1.04977
1.04728
1.04489
1.04257
1.04035
1.0382
1.03614
1.03416
1.03226
1.03044
1.02871
1.02704
1.02546
1.02395
1.02251
1.02114
1.01985
1.01862
1.01745
1.01635
1.01531
1.01433
1.01341
1.01254
1.01173
1.01096
1.01024
1.00957
1.00894
1.00835
1.00779
1.00727
1.00678
1.00632
1.00589
1.00547
1.00509
1.00471
1.00436
1.00402
1.00369
1.00337
1.00306
1.00276
1.00245
1.00215
1.00185
1.00154
1.00124
1.00092
1.0006
1.00027
0.999928
0.999577
0.999215
0.99884
0.998451
0.998047
0.997627
0.997191
0.996738
0.996267
0.995778
0.995272
0.994748
0.994206
0.993645
0.993065
0.992466
0.991848
0.991211
0.990557
0.989885
0.989196
0.988492
0.987772
0.987038
0.98629
0.985532
0.984764
0.983989
0.983209
0.982426
0.981646
0.98087
0.980103
0.979349
0.978612
0.977898
0.977211
0.976559
0.975947
0.975382
0.97487
0.974421
0.97404
0.973736
0.973515
0.973387
0.973358
0.973436
0.973629
0.973941
0.974381
0.974954
0.975665
0.976519
0.977519
0.978668
0.979969
0.981421
0.983026
0.984781
0.986686
0.988736
0.990929
0.993259
0.995721
0.998307
1.00101
1.00383
1.00674
1.00975
1.01285
1.01602
1.01925
1.02255
1.02589
1.02927
1.03268
1.03611
1.03956
1.04301
1.04645
1.04989
1.05331
1.05671
1.06008
1.06342
1.06672
1.06998
1.07319
1.07635
1.07945
1.0825
1.08549
1.08843
1.09129
1.0941
1.09684
1.09951
1.10211
1.10465
1.10712
1.10952
1.11185
1.1141
1.11629
1.11841
1.12046
1.12244
1.12435
1.12619
1.12796
1.12967
1.1313
1.13286
1.13436
1.13579
1.13714
1.13844
1.13966
1.14081
1.1419
1.14292
1.14388
1.14477
1.14559
1.14635
1.14703
1.14766
1.14822
1.14871
1.14914
1.14951
1.14981
1.15005
1.15022
1.15034
1.15039
1.15038
1.15031
1.15018
1.14999
1.14974
1.14943
1.14907
1.14865
1.14817
1.14765
1.14706
1.14643
1.14575
1.14501
1.14423
1.1434
1.14253
1.14162
1.14066
1.13966
1.13863
1.13756
1.13646
1.13533
1.13417
1.13299
1.13178
1.13055
1.12931
1.12805
1.12677
1.12549
1.12421
1.12292
1.12163
1.12035
1.11907
1.11781
1.11656
1.11533
1.11412
1.11293
1.11178
1.11065
1.10957
1.10852
1.10751
1.10655
1.10564
1.10478
1.10397
1.10323
1.10255
1.10193
1.10138
1.10089
1.10048
1.10014
1.09987
1.09968
1.09957
1.09953
1.09957
1.09969
1.09989
1.10017
1.10053
1.10096
1.10147
1.10206
1.10272
1.10346
1.10426
1.10513
1.10607
1.10707
1.10813
1.10925
1.11042
1.11164
1.11291
1.11422
1.11556
1.11695
1.11836
1.1198
1.12127
1.12275
1.12425
1.12575
1.12727
1.12878
1.13029
1.1318
1.1333
1.13478
1.13625
1.13769
1.13911
1.1405
1.14187
1.1432
1.14449
1.14575
1.14697
1.14814
1.14928
1.15036
1.1514
1.15239
1.15334
1.15423
1.15507
1.15587
1.15661
1.1573
1.15795
1.15854
1.15909
1.15959
1.16004
1.16045
1.16081
1.16113
1.16141
1.16165
1.16185
1.16201
1.16214
1.16223
1.16229
1.16232
1.16232
1.16229
1.16224
1.16216
1.16206
1.16194
1.16179
1.16163
1.16145
1.16125
1.16103
1.1608
1.16056
1.16029
1.16002
1.15972
1.15942
1.1591
1.15876
1.15841
1.15804
1.15766
1.15727
1.15685
1.15642
1.15598
1.15551
1.15503
1.15452
1.15399
1.15344
1.15287
1.15228
1.15166
1.15102
1.15035
1.14966
1.14894
1.14819
1.14742
1.14662
1.14579
1.14493
1.14404
1.14312
1.14217
1.14119
1.14018
1.13914
1.13807
1.13698
1.13585
1.1347
1.13351
1.1323
1.13107
1.1298
1.12851
1.1272
1.12586
1.12451
1.12313
1.12173
1.12031
1.11887
1.11742
1.11596
1.11448
1.11299
1.1115
1.10999
1.10848
1.10697
1.10546
1.10394
1.10243
1.10092
1.09942
1.09793
1.09644
1.09497
1.09351
1.09207
1.09064
1.08923
1.08785
1.08648
1.08514
1.08382
1.08252
1.08126
1.08002
1.07881
1.07763
1.07648
1.07537
1.07428
1.07323
1.0722
1.07122
1.07026
1.06933
1.06844
1.06758
1.06675
1.06595
1.06518
1.06444
1.06373
1.06305
1.06239
1.06176
1.06116
1.06057
1.06002
1.05948
1.05897
1.05848
1.058
1.05755
1.05711
1.05669
1.05629
1.0559
1.05553
1.05517
1.05483
1.0545
1.05418
1.05388
1.05359
1.05331
1.05305
1.05279
1.05256
1.05233
1.05212
1.05193
1.05175
1.05159
1.05145
1.05133
1.05123
1.05115
1.05109
1.05106
1.05106
1.05108
1.05113
1.05122
1.05134
1.05149
1.05168
1.05191
1.05218
1.05249
1.05285
1.05325
1.05371
1.0542
1.05476
1.05536
1.05601
1.05673
1.05749
1.05831
1.05919
1.06013
1.06113
1.06219
1.0633
1.06448
1.06571
1.067
1.06835
1.06976
1.07122
1.07274
1.07431
1.07593
1.07761
1.07933
1.0811
1.08291
1.08476
1.08665
1.08858
1.09054
1.09253
1.09454
1.09659
1.09865
1.10073
1.10282
1.10492
1.10703
1.10915
1.11126
1.11337
1.11548
1.11757
1.11965
1.12171
1.12376
1.12577
1.12776
1.12972
1.13165
1.13354
1.13539
1.1372
1.13896
1.14068
1.14235
1.14396
1.14552
1.14703
1.14847
1.14986
1.15118
1.15244
1.15363
1.15476
1.15582
1.15681
1.15773
1.15858
1.15936
1.16006
1.1607
1.16126
1.16175
1.16216
1.1625
1.16277
1.16297
1.1631
1.16315
1.16313
1.16305
1.16289
1.16267
1.16238
1.16202
1.1616
1.16112
1.16057
1.15997
1.1593
1.15858
1.15781
1.15698
1.1561
1.15518
1.1542
1.15319
1.15213
1.15104
1.1499
1.14874
1.14754
1.14631
1.14505
1.14378
1.14248
1.14116
1.13983
1.13849
1.13714
1.13578
1.13441
1.13305
1.13169
1.13033
1.12898
1.12763
1.1263
1.12499
1.12369
1.12241
1.12116
1.11992
1.11872
1.11754
1.1164
1.11529
1.11421
1.11317
1.11217
1.11121
1.1103
1.10942
1.10859
1.1078
1.10706
1.10637
1.10573
1.10513
1.10458
1.10408
1.10363
1.10323
1.10288
1.10258
1.10232
1.10212
1.10196
1.10186
1.10179
1.10178
1.10181
1.10188
1.102
1.10216
1.10236
1.1026
1.10288
1.1032
1.10355
1.10394
1.10436
1.10481
1.1053
1.10581
1.10635
1.10692
1.10751
1.10812
1.10876
1.10941
1.11008
1.11078
1.11148
1.1122
1.11294
1.11368
1.11443
1.1152
1.11597
1.11674
1.11752
1.1183
1.11909
1.11987
1.12065
1.12143
1.12221
1.12298
1.12375
1.12451
1.12526
1.126
1.12673
1.12745
1.12815
1.12884
1.12951
1.13016
1.13079
1.13141
1.132
1.13257
1.13311
1.13363
1.13413
1.13459
1.13503
1.13543
1.13581
1.13615
1.13645
1.13672
1.13696
1.13716
1.13732
1.13744
1.13752
1.13756
1.13756
1.13751
1.13743
1.1373
1.13713
1.13692
1.13666
1.13636
1.13602
1.13563
1.1352
1.13473
1.13423
1.13368
1.13309
1.13246
1.1318
1.1311
1.13037
1.12961
1.12882
1.128
1.12715
1.12627
1.12538
1.12446
1.12353
1.12258
1.12162
1.12065
1.11967
1.11869
1.1177
1.11672
1.11573
1.11476
1.11379
1.11283
1.11189
1.11096
1.11006
1.10917
1.10831
1.10747
1.10667
1.10589
1.10515
1.10444
1.10377
1.10314
1.10255
1.10201
1.1015
1.10104
1.10063
1.10026
1.09994
1.09967
1.09945
1.09928
1.09916
1.09908
1.09906
1.09909
1.09917
1.0993
1.09947
1.0997
1.09998
1.1003
1.10067
1.10108
1.10154
1.10205
1.1026
1.10319
1.10383
1.1045
1.10522
1.10597
1.10677
1.10759
1.10846
1.10936
1.11029
1.11125
1.11225
1.11328
1.11433
1.11542
1.11653
1.11767
1.11884
1.12002
1.12124
1.12247
1.12372
1.125
1.12629
1.1276
1.12893
1.13027
1.13163
1.133
1.13437
1.13576
1.13716
1.13857
1.13997
1.14138
1.1428
1.14421
1.14562
1.14703
1.14843
1.14982
1.1512
1.15257
1.15393
1.15527
1.15659
1.15789
1.15917
1.16042
1.16164
1.16284
1.164
1.16513
1.16623
1.16729
1.1683
1.16928
1.17021
1.1711
1.17193
1.17272
1.17346
1.17414
1.17477
1.17534
1.17585
1.17631
1.1767
1.17703
1.1773
1.1775
1.17763
1.1777
1.1777
1.17762
1.17748
1.17727
1.17698
1.17662
1.17619
1.17569
1.1751
1.17445
1.17372
1.17291
1.17203
1.17107
1.17004
1.16893
1.16774
1.16648
1.16515
1.16374
1.16226
1.1607
1.15907
1.15736
1.15559
1.15374
1.15183
1.14984
1.14778
1.14566
1.14347
1.14122
1.1389
1.13652
1.13408
1.13158
1.12902
1.1264
1.12373
1.121
1.11822
1.1154
1.11252
1.1096
1.10663
1.10363
1.10058
1.0975
1.09439
1.09125
1.08808
1.08488
1.08167
1.07844
1.0752
1.07195
1.0687
1.06545
1.0622
1.05897
1.05575
1.05256
1.04939
1.04626
1.04317
1.04012
1.03713
1.03419
1.03132
1.02852
1.02579
1.02315
1.02059
1.01812
1.01575
1.01349
1.01132
1.00927
1.00733
1.0055
1.00379
1.0022
1.00073
0.999381
0.998149
0.997036
0.99604
0.995159
0.994391
0.993733
0.993181
0.992733
0.992383
0.992127
0.99196
0.991878
0.991876
0.991949
0.992093
0.992302
0.992571
0.992896
0.993272
0.993695
0.994161
0.994665
0.995205
0.995776
0.996375
0.997001
0.99765
0.99832
0.999008
0.999714
1.00044
1.00117
1.00192
1.00268
1.00346
1.00424
1.00504
1.00585
1.00666
1.00749
1.00833
1.00918
1.01004
1.01092
1.0118
1.0127
1.01361
1.01453
1.01547
1.01642
1.01738
1.01836
1.01935
1.02036
1.02138
1.02242
1.02348
1.02455
1.02564
1.02675
1.02787
1.02901
1.03016
1.03134
1.03253
1.03373
1.03496
1.0362
1.03746
1.03873
1.04003
1.04133
1.04266
1.044
1.04536
1.04673
1.04812
1.04953
1.05095
1.05238
1.05383
1.0553
1.05678
1.05827
1.05977
1.06129
1.06282
1.06436
1.06592
1.06748
1.06906
1.07065
1.07224
1.07385
1.07547
1.07709
1.07873
1.08037
1.08202
1.08368
1.08535
1.08702
1.0887
1.09038
1.09207
1.09376
1.09546
1.09716
1.09886
1.10057
1.10228
1.104
1.10571
1.10743
1.10915
1.11087
1.11258
1.1143
1.11602
1.11773
1.11945
1.12116
1.12287
1.12458
1.12628
1.12798
1.12968
1.13137
1.13305
1.13473
1.13641
1.13808
1.13974
1.14139
1.14303
1.14467
1.14629
1.14791
1.14951
1.15111
1.15269
1.15426
1.15581
1.15735
1.15888
1.16039
1.16189
1.16337
1.16483
1.16627
1.1677
1.1691
1.17049
1.17185
1.17319
1.17451
1.1758
1.17707
1.17831
1.17952
1.18071
1.18187
1.183
1.1841
1.18517
1.18621
1.18721
1.18819
1.18912
1.19003
1.19089
1.19173
1.19252
1.19328
1.194
1.19468
1.19532
1.19592
1.19648
1.197
1.19748
1.19792
1.19831
1.19866
1.19897
1.19924
1.19947
1.19965
1.19979
1.19989
1.19994
1.19995
1.19991
1.19984
1.19972
1.19956
1.19936
1.19911
1.19883
1.1985
1.19813
1.19773
1.19728
1.1968
1.19627
1.19572
1.19512
1.19449
1.19382
1.19312
1.19239
1.19163
1.19083
1.19001
1.18915
1.18827
1.18736
1.18642
1.18546
1.18447
1.18346
1.18243
1.18138
1.18031
1.17921
1.1781
1.17698
1.17584
1.17468
1.17351
1.17232
1.17113
1.16992
1.1687
1.16747
1.16624
1.16499
1.16374
1.16248
1.16122
1.15995
1.15868
1.1574
1.15612
1.15484
1.15355
1.15226
1.15097
1.14969
1.1484
1.14711
1.14582
1.14453
1.14325
1.14197
1.14069
1.13941
1.13814
1.13687
1.1356
1.13434
1.13309
1.13184
1.1306
1.12937
1.12815
1.12693
1.12573
1.12454
1.12336
1.12219
1.12104
1.11991
1.11879
1.11769
1.1166
1.11554
1.1145
1.11348
1.11248
1.1115
1.11056
1.10963
1.10874
1.10787
1.10703
1.10622
1.10544
1.10469
1.10397
1.10328
1.10262
1.10199
1.10139
1.10082
1.10028
1.09977
1.09929
1.09884
1.09841
1.09802
1.09765
1.0973
1.09698
1.09669
1.09641
1.09616
1.09593
1.09572
1.09553
1.09536
1.0952
1.09506
1.09494
1.09483
1.09474
1.09466
1.09459
1.09454
1.09449
1.09446
1.09444
1.09443
1.09442
1.09443
1.09445
1.09447
1.09451
1.09455
1.09461
1.09467
1.09474
1.09482
1.0949
1.095
1.0951
1.09522
1.09534
1.09547
1.09561
1.09576
1.09591
1.09608
1.09625
1.09643
1.09662
1.09682
1.09702
1.09722
1.09744
1.09766
1.09788
1.0981
1.09833
1.09857
1.0988
1.09903
1.09927
1.0995
1.09973
1.09996
1.10018
1.1004
1.10062
1.10083
1.10103
1.10123
1.10142
1.1016
1.10178
1.10195
1.10211
1.10227
1.10242
1.10256
1.1027
1.10283
1.10296
1.10308
1.10321
1.10333
1.10345
1.10357
1.10369
1.10382
1.10395
1.10409
1.10424
1.1044
1.10457
1.10475
1.10495
1.10515
1.10538
1.10562
1.10587
1.10614
1.10643
1.10674
1.10706
1.1074
1.10776
1.10814
1.10853
1.10894
1.10937
1.10981
1.11026
1.11072
1.1112
1.11168
1.11218
1.11268
1.11319
1.1137
1.11422
1.11474
1.11526
1.11578
1.11629
1.11681
1.11732
1.11783
1.11833
1.11882
1.11931
1.11978
1.12024
1.12069
1.12113
1.12156
1.12197
1.12237
1.12275
1.12311
1.12346
1.12379
1.1241
1.12439
1.12466
1.12491
1.12514
1.12534
1.12553
1.1257
1.12584
1.12596
1.12606
1.12613
1.12618
1.12621
1.12622
1.1262
1.12617
1.1261
1.12602
1.12591
1.12579
1.12564
1.12546
1.12527
1.12506
1.12483
1.12458
1.12431
1.12402
1.12371
1.12339
1.12305
1.12269
1.12232
1.12194
1.12154
1.12113
1.1207
1.12027
1.11983
1.11937
1.11891
1.11844
1.11797
1.11748
1.11699
1.1165
1.116
1.1155
1.11499
1.11448
1.11397
1.11346
1.11294
1.11242
1.1119
1.11138
1.11086
1.11034
1.10982
1.1093
1.10877
1.10825
1.10772
1.1072
1.10667
1.10614
1.10562
1.10509
1.10456
1.10402
1.10349
1.10295
1.10241
1.10187
1.10132
1.10077
1.10022
1.09966
1.0991
1.09853
1.09796
1.09739
1.09681
1.09622
1.09563
1.09503
1.09442
1.09381
1.09319
1.09257
1.09194
1.0913
1.09065
1.09
1.08935
1.08869
1.08802
1.08734
1.08666
1.08598
1.08529
1.08459
1.08389
1.08319
1.08248
1.08176
1.08105
1.08032
1.0796
1.07887
1.07814
1.0774
1.07666
1.07592
1.07518
1.07443
1.07369
1.07294
1.07218
1.07143
1.07067
1.06992
1.06916
1.06839
1.06763
1.06686
1.06609
1.06532
1.06455
1.06377
1.06299
1.06221
1.06143
1.06064
1.05985
1.05906
1.05826
1.05746
1.05665
1.05584
1.05503
1.05421
1.05339
1.05256
1.05174
1.0509
1.05006
1.04922
1.04838
1.04753
1.04668
1.04583
1.04497
1.04412
1.04326
1.04241
1.04155
1.0407
1.03985
1.03901
1.03817
1.03734
1.03652
1.0357
1.0349
1.03411
1.03334
1.03258
1.03184
1.03112
1.03042
1.02975
1.0291
1.02848
1.02789
1.02734
1.02681
1.02632
1.02587
1.02546
1.02509
1.02477
1.02449
1.02425
1.02407
1.02393
1.02385
1.02382
1.02385
1.02393
1.02407
1.02427
1.02453
1.02484
1.02522
1.02566
1.02615
1.02671
1.02733
1.02802
1.02876
1.02956
1.03043
1.03135
1.03233
1.03338
1.03448
1.03563
1.03685
1.03812
1.03944
1.04081
1.04224
1.04372
1.04524
1.04682
1.04843
1.05009
1.05179
1.05353
1.05531
1.05712
1.05896
1.06084
1.06275
1.06468
1.06664
1.06863
1.07063
1.07266
1.0747
1.07677
1.07884
1.08093
1.08302
1.08513
1.08724
1.08936
1.09147
1.09359
1.09571
1.09783
1.09994
1.10205
1.10415
1.10624
1.10832
1.11039
1.11245
1.11449
1.11652
1.11853
1.12052
1.12249
1.12444
1.12636
1.12827
1.13015
1.132
1.13382
1.13562
1.13739
1.13913
1.14083
1.14251
1.14415
1.14575
1.14732
1.14885
1.15034
1.1518
1.15321
1.15458
1.15591
1.1572
1.15844
1.15964
1.16079
1.1619
1.16295
1.16396
1.16493
1.16584
1.1667
1.16751
1.16827
1.16898
1.16963
1.17023
1.17078
1.17128
1.17172
1.17212
1.17245
1.17274
1.17297
1.17315
1.17327
1.17335
1.17337
1.17333
1.17325
1.17312
1.17293
1.1727
1.17242
1.17209
1.17172
1.17129
1.17083
1.17032
1.16977
1.16918
1.16855
1.16788
1.16718
1.16644
1.16567
1.16487
1.16404
1.16318
1.1623
1.16139
1.16045
1.1595
1.15853
1.15753
1.15653
1.1555
1.15447
1.15342
1.15236
1.1513
1.15022
1.14914
1.14806
1.14697
1.14588
1.14479
1.1437
1.14261
1.14152
1.14043
1.13934
1.13826
1.13718
1.13611
1.13504
1.13398
1.13292
1.13187
1.13082
1.12978
1.12875
1.12772
1.1267
1.12568
1.12467
1.12366
1.12266
1.12166
1.12067
1.11968
1.1187
1.11772
1.11675
1.11578
1.11481
1.11384
1.11288
1.11192
1.11097
1.11001
1.10906
1.10811
1.10716
1.10621
1.10527
1.10432
1.10338
1.10243
1.10149
1.10055
1.0996
1.09866
1.09772
1.09677
1.09583
1.09488
1.09393
1.09298
1.09203
1.09108
1.09013
1.08917
1.08821
1.08725
1.08629
1.08532
1.08435
1.08338
1.08241
1.08143
1.08045
1.07946
1.07847
1.07748
1.07648
1.07548
1.07447
1.07347
1.07246
1.07144
1.07042
1.06941
1.06838
1.06736
1.06634
1.06531
1.06429
1.06327
1.06225
1.06124
1.06022
1.05921
1.05821
1.05722
1.05623
1.05526
1.05429
1.05334
1.0524
1.05147
1.05057
1.04968
1.04881
1.04796
1.04714
1.04634
1.04557
1.04483
1.04411
1.04343
1.04279
1.04218
1.0416
1.04107
1.04057
1.04011
1.0397
1.03933
1.03901
1.03873
1.0385
1.03832
1.03819
1.03811
1.03807
1.03809
1.03816
1.03827
1.03844
1.03866
1.03893
1.03924
1.03961
1.04002
1.04048
1.04098
1.04153
1.04212
1.04276
1.04343
1.04415
1.0449
1.04568
1.0465
1.04735
1.04823
1.04914
1.05008
1.05103
1.05201
1.053
1.05401
1.05504
1.05607
1.05712
1.05817
1.05922
1.06028
1.06133
1.06238
1.06343
1.06447
1.06549
1.06651
1.06751
1.0685
1.06946
1.07041
1.07134
1.07224
1.07311
1.07397
1.07479
1.07559
1.07635
1.07709
1.07779
1.07846
1.0791
1.0797
1.08026
1.08079
1.08128
1.08173
1.08215
1.08253
1.08287
1.08317
1.08343
1.08366
1.08385
1.084
1.08411
1.08419
1.08423
1.08424
1.08421
1.08415
1.08406
1.08394
1.08378
1.0836
1.0834
1.08316
1.0829
1.08262
1.08232
1.08199
1.08165
1.08129
1.08091
1.08051
1.08011
1.07969
1.07926
1.07883
1.07839
1.07794
1.07749
1.07704
1.07659
1.07614
1.0757
1.07525
1.07482
1.07439
1.07397
1.07356
1.07316
1.07277
1.0724
1.07204
1.0717
1.07137
1.07106
1.07077
1.0705
1.07024
1.07001
1.0698
1.06961
1.06945
1.0693
1.06918
1.06908
1.06901
1.06896
1.06893
1.06893
1.06895
1.069
1.06907
1.06916
1.06928
1.06943
1.06959
1.06978
1.06999
1.07023
1.07049
1.07077
1.07108
1.0714
1.07175
1.07212
1.07251
1.07293
1.07336
1.07382
1.07429
1.07479
1.07531
1.07584
1.0764
1.07698
1.07757
1.07819
1.07882
1.07947
1.08013
1.08082
1.08152
1.08224
1.08297
1.08371
1.08448
1.08525
1.08604
1.08684
1.08766
1.08848
1.08932
1.09016
1.09101
1.09187
1.09274
1.09361
1.09449
1.09537
1.09626
1.09715
1.09803
1.09892
1.09981
1.10069
1.10157
1.10245
1.10332
1.10419
1.10505
1.1059
1.10674
1.10756
1.10838
1.10919
1.10998
1.11075
1.11151
1.11225
1.11298
1.11368
1.11437
1.11504
1.11568
1.1163
1.1169
1.11748
1.11803
1.11855
1.11905
1.11952
1.11996
1.12037
1.12075
1.1211
1.12142
1.1217
1.12195
1.12216
1.12234
1.12248
1.12258
1.12264
1.12265
1.12263
1.12257
1.12246
1.1223
1.1221
1.12185
1.12156
1.12121
1.12082
1.12037
1.11988
1.11933
1.11873
1.11808
1.11738
1.11662
1.11581
1.11494
1.11403
1.11306
1.11204
1.11096
1.10984
1.10867
1.10744
1.10617
1.10485
1.10349
1.10209
1.10064
1.09916
1.09764
1.09609
1.0945
1.09289
1.09125
1.08959
1.08792
1.08622
1.08451
1.0828
1.08108
1.07935
1.07763
1.07591
1.0742
1.07251
1.07083
1.06917
1.06753
1.06592
1.06434
1.0628
1.06129
1.05982
1.05839
1.05701
1.05568
1.0544
1.05317
1.052
1.05089
1.04984
1.04885
1.04793
1.04707
1.04629
1.04557
1.04493
1.04436
1.04387
1.04345
1.04311
1.04286
1.04268
1.04258
1.04257
1.04264
1.04279
1.04303
1.04335
1.04376
1.04425
1.04482
1.04549
1.04623
1.04706
1.04798
1.04897
1.05005
1.05121
1.05244
1.05376
1.05514
1.0566
1.05814
1.05973
1.0614
1.06313
1.06492
1.06676
1.06866
1.07061
1.07261
1.07465
1.07673
1.07884
1.08099
1.08317
1.08538
1.0876
1.08984
1.0921
1.09436
1.09663
1.09891
1.10118
1.10345
1.10571
1.10796
1.11019
1.11241
1.1146
1.11677
1.11891
1.12102
1.1231
1.12514
1.12715
1.12912
1.13104
1.13292
1.13476
1.13654
1.13828
1.13997
1.1416
1.14317
1.1447
1.14616
1.14756
1.14891
1.15019
1.15141
1.15257
1.15366
1.15468
1.15564
1.15654
1.15736
1.15812
1.15881
1.15943
1.15998
1.16047
1.16088
1.16122
1.16149
1.16169
1.16183
1.16189
1.16188
1.16181
1.16166
1.16145
1.16117
1.16083
1.16042
1.15994
1.1594
1.1588
1.15814
1.15742
1.15664
1.1558
1.1549
1.15395
1.15295
1.1519
1.1508
1.14966
1.14847
1.14724
1.14596
1.14465
1.14331
1.14193
1.14052
1.13908
1.13762
1.13613
1.13462
1.13309
1.13154
1.12999
1.12841
1.12683
1.12525
1.12365
1.12206
1.12046
1.11887
1.11728
1.1157
1.11413
1.11256
1.11101
1.10948
1.10796
1.10646
1.10497
1.10351
1.10207
1.10066
1.09927
1.0979
1.09657
1.09526
1.09398
1.09274
1.09152
1.09034
1.08918
1.08806
1.08698
1.08592
1.0849
1.08391
1.08295
1.08203
1.08114
1.08028
1.07945
1.07865
1.07788
1.07714
1.07643
1.07574
1.07508
1.07444
1.07382
1.07323
1.07265
1.07209
1.07155
1.07102
1.0705
1.06999
1.06949
1.069
1.06852
1.06803
1.06755
1.06706
1.06658
1.06608
1.06558
1.06508
1.06456
1.06402
1.06348
1.06291
1.06233
1.06173
1.06111
1.06047
1.0598
1.05911
1.05839
1.05765
1.05687
1.05607
1.05523
1.05437
1.05347
1.05254
1.05158
1.05059
1.04956
1.04851
1.04742
1.04629
1.04514
1.04395
1.04274
1.04149
1.04021
1.03891
1.03757
1.03621
1.03483
1.03342
1.03199
1.03053
1.02906
1.02757
1.02606
1.02454
1.023
1.02145
1.01989
1.01833
1.01676
1.01519
1.01362
1.01205
1.01048
1.00893
1.00738
1.00584
1.00432
1.00282
1.00134
0.999884
0.998454
0.997053
0.995684
0.994351
0.993057
0.991806
0.9906
0.989443
0.988338
0.987288
0.986297
0.985366
0.984501
0.983702
0.982975
0.982322
0.981747
0.981252
0.980841
0.980515
0.980278
0.980132
0.98008
0.980124
0.980266
0.980507
0.98085
0.981295
0.981845
0.9825
0.983261
0.984129
0.985104
0.986186
0.987375
0.98867
0.99007
0.991575
0.993181
0.994888
0.996693
0.998596
1.00059
1.00268
1.00486
1.00712
1.00946
1.01188
1.01438
1.01694
1.01958
1.02227
1.02502
1.02782
1.03067
1.03357
1.0365
1.03947
1.04247
1.04549
1.04853
1.05159
1.05466
1.05773
1.0608
1.06387
1.06693
1.06998
1.07302
1.07603
1.07902
1.08199
1.08492
1.08782
1.09068
1.09349
1.09627
1.099
1.10167
1.1043
1.10687
1.10939
1.11184
1.11424
1.11657
1.11884
1.12104
1.12317
1.12523
1.12723
1.12915
1.131
1.13277
1.13447
1.13609
1.13764
1.1391
1.14049
1.14179
1.14301
1.14416
1.14521
1.14619
1.14708
1.14789
1.14861
1.14925
1.1498
1.15027
1.15065
1.15094
1.15115
1.15127
1.1513
1.15125
1.15111
1.15089
1.15057
1.15018
1.14969
1.14913
1.14847
1.14774
1.14692
1.14602
1.14504
1.14399
1.14285
1.14164
1.14036
1.13901
1.13758
1.1361
1.13454
1.13293
1.13126
1.12953
1.12775
1.12592
1.12405
1.12213
1.12018
1.11819
1.11617
1.11413
1.11206
1.10998
1.10788
1.10578
1.10367
1.10156
1.09945
1.09735
1.09527
1.0932
1.09115
1.08912
1.08713
1.08517
1.08324
1.08135
1.07951
1.07771
1.07597
1.07427
1.07263
1.07105
1.06952
1.06806
1.06667
1.06534
1.06407
1.06288
1.06175
1.0607
1.05971
1.0588
1.05797
1.0572
1.05651
1.0559
1.05535
1.05488
1.05448
1.05416
1.05391
1.05372
1.05361
1.05357
1.05359
1.05369
1.05385
1.05407
1.05436
1.05471
1.05512
1.05559
1.05612
1.0567
1.05734
1.05803
1.05877
1.05955
1.06039
1.06127
1.06219
1.06315
1.06415
1.06519
1.06626
1.06736
1.0685
1.06966
1.07085
1.07205
1.07328
1.07453
1.0758
1.07708
1.07837
1.07967
1.08098
1.08229
1.08361
1.08493
1.08625
1.08756
1.08887
1.09018
1.09147
1.09275
1.09402
1.09527
1.09651
1.09773
1.09893
1.10011
1.10126
1.10239
1.10349
1.10457
1.10561
1.10663
1.10762
1.10857
1.10949
1.11038
1.11123
1.11204
1.11283
1.11357
1.11428
1.11495
1.11558
1.11618
1.11674
1.11725
1.11773
1.11817
1.11857
1.11894
1.11926
1.11955
1.1198
1.12001
1.12019
1.12033
1.12043
1.1205
1.12053
1.12052
1.12048
1.12041
1.12031
1.12017
1.12
1.11979
1.11956
1.11929
1.11899
1.11867
1.11831
1.11791
1.11749
1.11704
1.11656
1.11605
1.1155
1.11493
1.11432
1.11369
1.11302
1.11232
1.11159
1.11083
1.11004
1.10921
1.10836
1.10747
1.10655
1.10559
1.10461
1.10359
1.10255
1.10147
1.10036
1.09922
1.09805
1.09686
1.09563
1.09438
1.0931
1.0918
1.09047
1.08912
1.08775
1.08636
1.08496
1.08353
1.08209
1.08064
1.07918
1.07771
1.07623
1.07475
1.07326
1.07178
1.07029
1.06881
1.06734
1.06587
1.06442
1.06298
1.06155
1.06014
1.05874
1.05737
1.05602
1.0547
1.0534
1.05212
1.05088
1.04967
1.04849
1.04734
1.04622
1.04514
1.04409
1.04308
1.0421
1.04116
1.04026
1.03939
1.03856
1.03776
1.03701
1.03629
1.03561
1.03496
1.03435
1.03377
1.03323
1.03273
1.03226
1.03183
1.03143
1.03107
1.03074
1.03044
1.03018
1.02995
1.02975
1.02959
1.02946
1.02936
1.02929
1.02926
1.02925
1.02928
1.02935
1.02944
1.02956
1.02972
1.02991
1.03012
1.03038
1.03066
1.03097
1.03132
1.03169
1.0321
1.03254
1.033
1.0335
1.03403
1.03459
1.03518
1.0358
1.03645
1.03713
1.03784
1.03857
1.03934
1.04013
1.04095
1.04179
1.04267
1.04357
1.04449
1.04544
1.04641
1.04741
1.04843
1.04947
1.05053
1.05162
1.05272
1.05384
1.05498
1.05614
1.05731
1.0585
1.05971
1.06093
1.06217
1.06342
1.06468
1.06595
1.06723
1.06852
1.06982
1.07113
1.07245
1.07377
1.0751
1.07644
1.07777
1.07912
1.08046
1.08181
1.08315
1.0845
1.08584
1.08719
1.08853
1.08987
1.0912
1.09253
1.09386
1.09518
1.09649
1.0978
1.0991
1.10039
1.10167
1.10294
1.10419
1.10544
1.10668
1.1079
1.10911
1.11031
1.1115
1.11267
1.11382
1.11496
1.11609
1.1172
1.11829
1.11937
1.12043
1.12147
1.1225
1.12351
1.1245
1.12548
1.12643
1.12738
1.1283
1.1292
1.13009
1.13096
1.13181
1.13264
1.13346
1.13426
1.13504
1.13581
1.13656
1.13729
1.13801
1.13871
1.1394
1.14007
1.14072
1.14136
1.14198
1.14259
1.14319
1.14377
1.14433
1.14489
1.14543
1.14596
1.14647
1.14697
1.14746
1.14793
1.14839
1.14884
1.14928
1.1497
1.1501
1.1505
1.15088
1.15124
1.15159
1.15193
1.15225
1.15255
1.15284
1.15311
1.15336
1.15359
1.15381
1.154
1.15417
1.15433
1.15446
1.15456
1.15464
1.1547
1.15473
1.15474
1.15471
1.15466
1.15458
1.15446
1.15432
1.15414
1.15393
1.15368
1.15339
1.15308
1.15272
1.15233
1.1519
1.15143
1.15092
1.15038
1.14979
1.14917
1.14851
1.14781
1.14707
1.14629
1.14548
1.14462
1.14374
1.14282
1.14186
1.14087
1.13985
1.1388
1.13772
1.13661
1.13548
1.13432
1.13315
1.13196
1.13075
1.12953
1.12829
1.12705
1.1258
1.12455
1.1233
1.12205
1.12081
1.11957
1.11835
1.11713
1.11593
1.11475
1.1136
1.11246
1.11135
1.11027
1.10921
1.10819
1.1072
1.10625
1.10533
1.10444
1.1036
1.10279
1.10202
1.10129
1.1006
1.09995
1.09934
1.09876
1.09822
1.09772
1.09725
1.09681
1.0964
1.09601
1.09566
1.09532
1.095
1.0947
1.09442
1.09415
1.09388
1.09362
1.09336
1.0931
1.09284
1.09256
1.09228
1.09198
1.09166
1.09132
1.09095
1.09056
1.09014
1.08968
1.08919
1.08866
1.0881
1.08748
1.08683
1.08613
1.08539
1.08459
1.08375
1.08286
1.08192
1.08094
1.07991
1.07883
1.0777
1.07654
1.07533
1.07408
1.07279
1.07147
1.07012
1.06874
1.06733
1.06591
1.06446
1.06301
1.06154
1.06008
1.05861
1.05715
1.05569
1.05426
1.05284
1.05145
1.05008
1.04875
1.04746
1.0462
1.045
1.04384
1.04274
1.04169
1.04071
1.03978
1.03892
1.03813
1.0374
1.03674
1.03614
1.03562
1.03517
1.03478
1.03446
1.03421
1.03402
1.03389
1.03382
1.03381
1.03385
1.03395
1.03409
1.03428
1.03451
1.03478
1.03507
1.0354
1.03576
1.03613
1.03653
1.03694
1.03736
1.03778
1.03821
1.03864
1.03907
1.03949
1.03991
1.04031
1.0407
1.04108
1.04144
1.04178
1.0421
1.0424
1.04268
1.04293
1.04317
1.04338
1.04356
1.04373
1.04387
1.04399
1.04409
1.04417
1.04424
1.04428
1.04431
1.04433
1.04433
1.04433
1.04431
1.04429
1.04427
1.04424
1.04421
1.04419
1.04417
1.04415
1.04414
1.04414
1.04415
1.04418
1.04422
1.04427
1.04435
1.04444
1.04455
1.04469
1.04484
1.04503
1.04523
1.04546
1.04572
1.046
1.04631
1.04665
1.04701
1.0474
1.04782
1.04826
1.04873
1.04922
1.04974
1.05028
1.05085
1.05144
1.05205
1.05268
1.05333
1.054
1.05468
1.05538
1.0561
1.05683
1.05757
1.05832
1.05909
1.05986
1.06064
1.06143
1.06222
1.06302
1.06382
1.06463
1.06544
1.06625
1.06706
1.06787
1.06867
1.06948
1.07028
1.07108
1.07188
1.07267
1.07345
1.07424
1.07501
1.07578
1.07655
1.0773
1.07805
1.07879
1.07952
1.08025
1.08096
1.08167
1.08237
1.08306
1.08374
1.08442
1.08508
1.08573
1.08638
1.08701
1.08763
1.08824
1.08884
1.08943
1.09
1.09056
1.09111
1.09164
1.09216
1.09266
1.09314
1.09361
1.09406
1.09449
1.0949
1.09529
1.09565
1.096
1.09632
1.09661
1.09688
1.09713
1.09734
1.09753
1.09768
1.09781
1.0979
1.09796
1.09798
1.09797
1.09793
1.09785
1.09773
1.09757
1.09738
1.09715
1.09688
1.09657
1.09623
1.09584
1.09542
1.09497
1.09447
1.09394
1.09338
1.09278
1.09215
1.09149
1.09079
1.09007
1.08933
1.08856
1.08776
1.08695
1.08611
1.08526
1.0844
1.08352
1.08263
1.08174
1.08084
1.07994
1.07904
1.07814
1.07725
1.07637
1.0755
1.07465
1.07381
1.07299
1.0722
1.07143
1.07069
1.06998
1.06931
1.06867
1.06806
1.0675
1.06698
1.0665
1.06607
1.06569
1.06535
1.06507
1.06484
1.06466
1.06454
1.06447
1.06446
1.0645
1.0646
1.06476
1.06498
1.06525
1.06558
1.06597
1.06642
1.06692
1.06748
1.0681
1.06876
1.06949
1.07026
1.07108
1.07196
1.07288
1.07385
1.07486
1.07591
1.07701
1.07814
1.07931
1.08052
1.08176
1.08302
1.08432
1.08564
1.08698
1.08835
1.08973
1.09112
1.09253
1.09395
1.09538
1.09681
1.09824
1.09967
1.1011
1.10252
1.10394
1.10534
1.10673
1.1081
1.10946
1.11079
1.1121
1.11339
1.11464
1.11587
1.11707
1.11823
1.11935
1.12044
1.12149
1.1225
1.12346
1.12438
1.12526
1.12609
1.12687
1.1276
1.12828
1.12891
1.12949
1.13001
1.13048
1.13089
1.13125
1.13156
1.13181
1.13201
1.13215
1.13223
1.13226
1.13223
1.13215
1.13201
1.13182
1.13157
1.13127
1.13092
1.13051
1.13005
1.12954
1.12898
1.12837
1.1277
1.12699
1.12624
1.12543
1.12458
1.12369
1.12276
1.12178
1.12076
1.11971
1.11861
1.11748
1.11631
1.11511
1.11387
1.11261
1.11131
1.10998
1.10863
1.10725
1.10584
1.10441
1.10296
1.10148
1.09999
1.09848
1.09696
1.09542
1.09386
1.0923
1.09072
1.08913
1.08754
1.08594
1.08434
1.08273
1.08112
1.0795
1.07789
1.07628
1.07467
1.07306
1.07146
1.06986
1.06826
1.06667
1.06509
1.06352
1.06195
1.0604
1.05885
1.05731
1.05578
1.05426
1.05275
1.05125
1.04976
1.04828
1.04681
1.04534
1.04389
1.04245
1.04101
1.03958
1.03816
1.03674
1.03534
1.03394
1.03254
1.03116
1.02978
1.0284
1.02703
1.02566
1.02431
1.02295
1.02161
1.02026
1.01893
1.0176
1.01628
1.01497
1.01366
1.01237
1.01108
1.00981
1.00855
1.00731
1.00608
1.00487
1.00368
1.00251
1.00136
1.00024
0.999139
0.99807
0.997033
0.996028
0.995058
0.994126
0.993235
0.992385
0.991579
0.990821
0.990111
0.989452
0.988847
0.988297
0.987805
0.987372
0.987001
0.986692
0.986448
0.98627
0.986159
0.986116
0.986142
0.986238
0.986405
0.986642
0.986951
0.987332
0.987784
0.988308
0.988902
0.989566
0.9903
0.991103
0.991973
0.99291
0.993913
0.994979
0.996108
0.997297
0.998544
0.999848
1.00121
1.00262
1.00408
1.00559
1.00714
1.00874
1.01038
1.01206
1.01377
1.01552
1.01729
1.01909
1.02092
1.02277
1.02464
1.02653
1.02843
1.03035
1.03227
1.0342
1.03614
1.03808
1.04003
1.04197
1.04391
1.04584
1.04777
1.04968
1.05159
1.05349
1.05537
1.05724
1.05909
1.06093
1.06274
1.06454
1.06632
1.06808
1.06981
1.07152
1.07321
1.07488
1.07652
1.07813
1.07972
1.08129
1.08283
1.08434
1.08582
1.08728
1.08872
1.09013
1.09151
1.09286
1.09418
1.09548
1.09676
1.098
1.09922
1.10042
1.10158
1.10272
1.10384
1.10493
1.10599
1.10703
1.10804
1.10902
1.10999
1.11092
1.11183
1.11272
1.11358
1.11441
1.11522
1.11601
1.11678
1.11752
1.11823
1.11893
1.1196
1.12025
1.12088
1.12149
1.12207
1.12264
1.12318
1.12371
1.12421
1.1247
1.12516
1.12561
1.12604
1.12644
1.12683
1.12721
1.12756
1.12789
1.12821
1.12851
1.12879
1.12905
1.12929
1.12952
1.12972
1.12991
1.13007
1.13022
1.13034
1.13045
1.13053
1.13059
1.13063
1.13065
1.13064
1.13062
1.13056
1.13049
1.13039
1.13026
1.13012
1.12994
1.12975
1.12952
1.12928
1.12901
1.12871
1.1284
1.12805
1.12769
1.1273
1.1269
1.12647
1.12603
1.12557
1.12509
1.1246
1.12409
1.12357
1.12304
1.12251
1.12196
1.12142
1.12087
1.12031
1.11976
1.11921
1.11867
1.11813
1.1176
1.11708
1.11657
1.11608
1.1156
1.11513
1.11468
1.11426
1.11385
1.11347
1.11311
1.11277
1.11246
1.11217
1.11191
1.11168
1.11147
1.11129
1.11114
1.11101
1.11091
1.11084
1.11079
1.11077
1.11077
1.1108
1.11085
1.11092
1.11102
1.11113
1.11126
1.11141
1.11158
1.11176
1.11195
1.11216
1.11238
1.1126
1.11284
1.11308
1.11332
1.11357
1.11382
1.11408
1.11433
1.11458
1.11482
1.11506
1.11529
1.11552
1.11574
1.11595
1.11614
1.11633
1.1165
1.11666
1.1168
1.11693
1.11704
1.11713
1.11721
1.11726
1.11729
1.11731
1.1173
1.11726
1.11721
1.11713
1.11703
1.1169
1.11675
1.11657
1.11637
1.11614
1.11588
1.1156
1.11528
1.11494
1.11458
1.11418
1.11375
1.1133
1.11281
1.1123
1.11176
1.11119
1.11059
1.10996
1.1093
1.10861
1.10789
1.10715
1.10637
1.10557
1.10474
1.10389
1.103
1.10209
1.10116
1.1002
1.09921
1.09821
1.09718
1.09613
1.09505
1.09396
1.09285
1.09173
1.09059
1.08943
1.08826
1.08708
1.08589
1.08468
1.08348
1.08226
1.08104
1.07982
1.0786
1.07739
1.07617
1.07496
1.07376
1.07256
1.07138
1.07021
1.06905
1.06791
1.06679
1.06569
1.06461
1.06355
1.06252
1.06152
1.06054
1.05959
1.05868
1.0578
1.05695
1.05614
1.05536
1.05462
1.05393
1.05327
1.05265
1.05208
1.05155
1.05106
1.05062
1.05022
1.04986
1.04955
1.04928
1.04906
1.04888
1.04875
1.04866
1.04861
1.04861
1.04864
1.04872
1.04884
1.049
1.0492
1.04944
1.04971
1.05003
1.05037
1.05075
1.05117
1.05161
1.05209
1.05259
1.05312
1.05369
1.05427
1.05489
1.05553
1.05619
1.05687
1.05758
1.05831
1.05907
1.05984
1.06064
1.06145
1.06229
1.06314
1.06401
1.06491
1.06582
1.06675
1.06771
1.06868
1.06967
1.07069
1.07172
1.07278
1.07387
1.07497
1.0761
1.07725
1.07844
1.07964
1.08088
1.08214
1.08344
1.08476
1.08612
1.0875
1.08892
1.09037
1.09186
1.09337
1.09493
1.09651
1.09813
1.09979
1.10148
1.10321
1.10497
1.10676
1.10859
1.11045
1.11234
1.11427
1.11622
1.1182
1.12021
1.12225
1.12431
1.1264
1.1285
1.13063
1.13277
1.13493
1.1371
1.13929
1.14148
1.14369
1.1459
1.14811
1.15033
1.15254
1.15476
1.15697
1.15917
1.16136
1.16355
1.16572
1.16788
1.17002
1.17215
1.17425
1.17634
1.1784
1.18044
1.18245
1.18444
1.1864
1.18833
1.19023
1.19209
1.19393
1.19573
1.19749
1.19922
1.20091
1.20256
1.20417
1.20574
1.20726
1.20875
1.21018
1.21158
1.21292
1.21421
1.21546
1.21665
1.21779
1.21888
1.21991
1.22089
1.2218
1.22266
1.22346
1.22419
1.22486
1.22546
1.226
1.22647
1.22687
1.2272
1.22746
1.22765
1.22776
1.22779
1.22775
1.22764
1.22744
1.22717
1.22681
1.22638
1.22586
1.22526
1.22458
1.22382
1.22297
1.22204
1.22103
1.21993
1.21875
1.21749
1.21615
1.21472
1.21321
1.21162
1.20995
1.2082
1.20637
1.20447
1.20249
1.20043
1.19831
1.19611
1.19384
1.19151
1.18911
1.18665
1.18413
1.18155
1.17892
1.17624
1.1735
1.17072
1.1679
1.16504
1.16214
1.15921
1.15624
1.15326
1.15024
1.14721
1.14417
1.14111
1.13805
1.13498
1.13191
1.12885
1.1258
1.12276
1.11973
1.11673
1.11375
1.1108
1.10788
1.105
1.10216
1.09936
1.09661
1.09391
1.09126
1.08867
1.08613
1.08366
1.08126
1.07892
1.07665
1.07445
1.07232
1.07026
1.06829
1.06638
1.06456
1.06281
1.06114
1.05955
1.05803
1.0566
1.05524
1.05396
1.05275
1.05162
1.05056
1.04958
1.04866
1.04781
1.04703
1.04631
1.04566
1.04506
1.04452
1.04403
1.04359
1.0432
1.04286
1.04257
1.04231
1.04209
1.0419
1.04175
1.04163
1.04153
1.04146
1.04141
1.04137
1.04136
1.04136
1.04138
1.0414
1.04144
1.04148
1.04153
1.04158
1.04164
1.0417
1.04176
1.04183
1.0419
1.04197
1.04204
1.04211
1.04218
1.04225
1.04232
1.0424
1.04248
1.04256
1.04264
1.04273
1.04282
1.04292
1.04302
1.04313
1.04325
1.04337
1.0435
1.04364
1.04379
1.04394
1.0441
1.04427
1.04445
1.04463
1.04482
1.04501
1.04521
1.04541
1.04562
1.04582
1.04602
1.04622
1.04642
1.04661
1.04679
1.04697
1.04713
1.04728
1.04741
1.04753
1.04763
1.0477
1.04776
1.04779
1.04779
1.04777
1.04772
1.04763
1.04752
1.04737
1.04719
1.04698
1.04673
1.04645
1.04613
1.04578
1.0454
1.04499
1.04455
1.04408
1.04358
1.04306
1.04251
1.04195
1.04137
1.04078
1.04017
1.03957
1.03896
1.03836
1.03776
1.03718
1.03662
1.03607
1.03556
1.03508
1.03464
1.03425
1.0339
1.03361
1.03338
1.03321
1.03311
1.03308
1.03312
1.03325
1.03346
1.03375
1.03413
1.03459
1.03515
1.03579
1.03652
1.03733
1.03823
1.03921
1.04027
1.0414
1.04261
1.04389
1.04522
1.04662
1.04806
1.04956
1.05109
1.05266
1.05426
1.05588
1.05751
1.05915
1.0608
1.06244
1.06407
1.06569
1.06729
1.06885
1.07039
1.07189
1.07335
1.07476
1.07613
1.07744
1.0787
1.07989
1.08103
1.0821
1.0831
1.08404
1.08491
1.08571
1.08644
1.08711
1.0877
1.08822
1.08867
1.08906
1.08938
1.08963
1.08982
1.08995
1.09002
1.09003
1.08999
1.0899
1.08976
1.08958
1.08935
1.08909
1.08879
1.08845
1.08809
1.0877
1.08729
1.08686
1.08641
1.08595
1.08549
1.08501
1.08453
1.08406
1.08358
1.0831
1.08263
1.08217
1.08172
1.08127
1.08084
1.08042
1.08001
1.07962
1.07924
1.07887
1.07852
1.07818
1.07786
1.07754
1.07724
1.07695
1.07667
1.0764
1.07613
1.07587
1.07561
1.07535
1.0751
1.07484
1.07458
1.07432
1.07404
1.07377
1.07348
1.07318
1.07287
1.07254
1.0722
1.07184
1.07146
1.07106
1.07065
1.07021
1.06976
1.06928
1.06878
1.06825
1.06771
1.06714
1.06656
1.06595
1.06533
1.06468
1.06402
1.06335
1.06266
1.06195
1.06123
1.06051
1.05978
1.05904
1.0583
1.05755
1.05681
1.05607
1.05534
1.05461
1.05389
1.05319
1.0525
1.05183
1.05117
1.05053
1.04992
1.04933
1.04877
1.04823
1.04772
1.04724
1.04679
1.04637
1.04597
1.04561
1.04529
1.04499
1.04472
1.04448
1.04427
1.04409
1.04394
1.04381
1.04371
1.04364
1.04358
1.04355
1.04354
1.04355
1.04357
1.04361
1.04367
1.04373
1.04381
1.0439
1.044
1.04411
1.04422
1.04434
1.04446
1.04458
1.0447
1.04483
1.04495
1.04507
1.0452
1.04532
1.04543
1.04555
1.04566
1.04576
1.04586
1.04596
1.04605
1.04614
1.04623
1.04631
1.04638
1.04645
1.04652
1.04658
1.04663
1.04669
1.04674
1.04678
1.04683
1.04687
1.0469
1.04694
1.04697
1.04701
1.04704
1.04706
1.04709
1.04712
1.04715
1.04718
1.04721
1.04725
1.04729
1.04732
1.04737
1.04741
1.04746
1.04752
1.04758
1.04765
1.04773
1.04781
1.0479
1.048
1.04812
1.04824
1.04837
1.04852
1.04868
1.04886
1.04905
1.04925
1.04948
1.04972
1.04998
1.05026
1.05055
1.05087
1.05121
1.05158
1.05196
1.05237
1.0528
1.05325
1.05372
1.05422
1.05475
1.05529
1.05586
1.05645
1.05707
1.05771
1.05837
1.05905
1.05975
1.06047
1.06121
1.06196
1.06273
1.06352
1.06432
1.06512
1.06594
1.06677
1.0676
1.06843
1.06927
1.07011
1.07094
1.07178
1.0726
1.07342
1.07422
1.07501
1.07579
1.07655
1.07729
1.078
1.0787
1.07936
1.08
1.08061
1.08119
1.08174
1.08225
1.08272
1.08316
1.08356
1.08391
1.08423
1.08451
1.08474
1.08493
1.08508
1.08519
1.08525
1.08527
1.08525
1.08519
1.08508
1.08494
1.08476
1.08454
1.08428
1.08399
1.08366
1.08331
1.08292
1.08251
1.08207
1.0816
1.08112
1.08061
1.08009
1.07956
1.07901
1.07845
1.07788
1.07731
1.07674
1.07616
1.07559
1.07502
1.07446
1.0739
1.07336
1.07282
1.0723
1.0718
1.07131
1.07084
1.07039
1.06996
1.06955
1.06916
1.0688
1.06847
1.06816
1.06787
1.06761
1.06737
1.06717
1.06699
1.06684
1.06671
1.06661
1.06654
1.0665
1.06648
1.0665
1.06654
1.06661
1.06671
1.06684
1.06699
1.06718
1.06739
1.06764
1.06791
1.06822
1.06855
1.06892
1.06932
1.06976
1.07022
1.07072
1.07126
1.07182
1.07242
1.07306
1.07373
1.07444
1.07518
1.07595
1.07676
1.07761
1.07848
1.07939
1.08033
1.08131
1.08231
1.08334
1.0844
1.08548
1.08659
1.08772
1.08887
1.09004
1.09124
1.09244
1.09366
1.09489
1.09613
1.09738
1.09863
1.09988
1.10114
1.10239
1.10365
1.10489
1.10613
1.10737
1.10859
1.10981
1.11101
1.11219
1.11336
1.11451
1.11565
1.11676
1.11786
1.11893
1.11999
1.12102
1.12202
1.12301
1.12397
1.1249
1.12581
1.12669
1.12755
1.12838
1.12919
1.12997
1.13072
1.13144
1.13214
1.13281
1.13345
1.13406
1.13465
1.1352
1.13573
1.13623
1.1367
1.13715
1.13756
1.13795
1.1383
1.13863
1.13893
1.1392
1.13944
1.13965
1.13983
1.13999
1.14011
1.1402
1.14026
1.14029
1.1403
1.14027
1.14021
1.14012
1.14001
1.13986
1.13969
1.13948
1.13925
1.13898
1.13869
1.13837
1.13802
1.13764
1.13724
1.13681
1.13635
1.13587
1.13536
1.13483
1.13428
1.1337
1.1331
1.13248
1.13184
1.13118
1.13051
1.12982
1.12911
1.12839
1.12765
1.1269
1.12615
1.12538
1.12461
1.12383
1.12304
1.12225
1.12146
1.12067
1.11987
1.11908
1.11829
1.11751
1.11674
1.11597
1.11521
1.11446
1.11372
1.11299
1.11228
1.11159
1.11092
1.11026
1.10962
1.10901
1.10842
1.10786
1.10732
1.10681
1.10633
1.10588
1.10546
1.10507
1.10472
1.1044
1.10411
1.10387
1.10366
1.10349
1.10336
1.10327
1.10322
1.10321
1.10324
1.10331
1.10343
1.10359
1.10379
1.10403
1.10432
1.10464
1.10501
1.10542
1.10586
1.10634
1.10686
1.10741
1.108
1.10862
1.10927
1.10994
1.11064
1.11137
1.11212
1.11289
1.11367
1.11448
1.11529
1.11612
1.11696
1.1178
1.11864
1.11949
1.12034
1.12118
1.12202
1.12285
1.12368
1.12449
1.12529
1.12607
1.12684
1.12759
1.12832
1.12902
1.12971
1.13036
1.13099
1.1316
1.13217
1.13272
1.13323
1.13371
1.13416
1.13457
1.13495
1.13529
1.1356
1.13587
1.1361
1.13629
1.13645
1.13657
1.13664
1.13668
1.13668
1.13663
1.13655
1.13643
1.13626
1.13606
1.13582
1.13553
1.13521
1.13485
1.13445
1.13401
1.13353
1.13301
1.13246
1.13187
1.13125
1.13059
1.12989
1.12917
1.12841
1.12762
1.1268
1.12595
1.12507
1.12417
1.12324
1.12229
1.12132
1.12034
1.11933
1.11831
1.11727
1.11622
1.11516
1.11409
1.11302
1.11193
1.11085
1.10977
1.10869
1.1076
1.10653
1.10546
1.1044
1.10335
1.10231
1.10128
1.10027
1.09927
1.0983
1.09734
1.09641
1.09549
1.0946
1.09373
1.09289
1.09207
1.09128
1.09051
1.08977
1.08906
1.08838
1.08773
1.08711
1.08651
1.08594
1.08541
1.0849
1.08441
1.08396
1.08354
1.08314
1.08277
1.08242
1.08211
1.08181
1.08155
1.08131
1.08109
1.08089
1.08072
1.08058
1.08045
1.08035
1.08026
1.0802
1.08016
1.08014
1.08014
1.08015
1.08019
1.08024
1.08031
1.0804
1.0805
1.08062
1.08076
1.08091
1.08108
1.08127
1.08146
1.08168
1.08191
1.08215
1.0824
1.08267
1.08295
1.08324
1.08354
1.08385
1.08418
1.08451
1.08485
1.0852
1.08556
1.08592
1.08629
1.08667
1.08705
1.08743
1.08782
1.08821
1.0886
1.08899
1.08937
1.08976
1.09014
1.09052
1.09089
1.09126
1.09161
1.09196
1.0923
1.09263
1.09295
1.09325
1.09353
1.09381
1.09406
1.0943
1.09451
1.09471
1.09488
1.09503
1.09516
1.09526
1.09533
1.09537
1.09539
1.09537
1.09533
1.09525
1.09513
1.09499
1.0948
1.09459
1.09433
1.09403
1.0937
1.09333
1.09291
1.09245
1.09196
1.09141
1.09083
1.0902
1.08953
1.08881
1.08804
1.08723
1.08637
1.08547
1.08452
1.08352
1.08247
1.08138
1.08024
1.07906
1.07782
1.07654
1.07522
1.07385
1.07244
1.07098
1.06948
1.06794
1.06636
1.06474
1.06308
1.06138
1.05965
1.05789
1.0561
1.05429
1.05245
1.05058
1.0487
1.0468
1.04488
1.04296
1.04102
1.03909
1.03715
1.03522
1.03329
1.03137
1.02947
1.02758
1.02571
1.02387
1.02206
1.02028
1.01853
1.01683
1.01516
1.01354
1.01197
1.01045
1.00898
1.00757
1.00622
1.00493
1.0037
1.00253
1.00143
1.00039
0.99942
0.998518
0.997685
0.99692
0.996225
0.995598
0.995039
0.994549
0.994127
0.993771
0.993482
0.993258
0.993099
0.993004
0.99297
0.992997
0.993082
0.993226
0.993425
0.993679
0.993986
0.994344
0.994751
0.995207
0.995709
0.996256
0.996845
0.997476
0.998146
0.998854
0.999598
1.00038
1.00119
1.00203
1.00291
1.00381
1.00474
1.0057
1.00668
1.00768
1.00871
1.00975
1.01082
1.0119
1.01301
1.01412
1.01526
1.0164
1.01756
1.01874
1.01992
1.02111
1.02232
1.02353
1.02475
1.02598
1.02722
1.02846
1.02971
1.03096
1.03222
1.03348
1.03475
1.03602
1.0373
1.03857
1.03985
1.04113
1.04241
1.0437
1.04498
1.04627
1.04756
1.04884
1.05013
1.05142
1.05271
1.05399
1.05528
1.05656
1.05785
1.05913
1.06041
1.06168
1.06295
1.06422
1.06548
1.06673
1.06798
1.06921
1.07044
1.07165
1.07285
1.07403
1.0752
1.07635
1.07748
1.07858
1.07966
1.08072
1.08175
1.08274
1.08371
1.08464
1.08553
1.08638
1.08719
1.08796
1.08868
1.08936
1.08999
1.09056
1.09109
1.09156
1.09197
1.09233
1.09263
1.09287
1.09306
1.09318
1.09324
1.09324
1.09319
1.09307
1.0929
1.09266
1.09237
1.09203
1.09163
1.09118
1.09068
1.09013
1.08954
1.0889
1.08823
1.08751
1.08677
1.08599
1.08519
1.08436
1.08351
1.08265
1.08177
1.08088
1.07999
1.07909
1.0782
1.07731
1.07643
1.07556
1.0747
1.07386
1.07305
1.07225
1.07149
1.07075
1.07004
1.06937
1.06873
1.06813
1.06756
1.06704
1.06656
1.06612
1.06572
1.06537
1.06506
1.0648
1.06458
1.06441
1.06428
1.0642
1.06416
1.06416
1.06421
1.06431
1.06444
1.06462
1.06484
1.0651
1.06539
1.06573
1.0661
1.06651
1.06696
1.06744
1.06795
1.06849
1.06906
1.06966
1.07028
1.07094
1.07161
1.07231
1.07303
1.07377
1.07452
1.0753
1.07608
1.07688
1.07769
1.07851
1.07934
1.08017
1.08101
1.08185
1.08269
1.08352
1.08436
1.08519
1.08601
1.08683
1.08763
1.08843
1.08921
1.08998
1.09073
1.09147
1.09218
1.09288
1.09356
1.09422
1.09486
1.09547
1.09606
1.09663
1.09717
1.09769
1.09818
1.09865
1.09909
1.09951
1.0999
1.10026
1.1006
1.10092
1.10122
1.10149
1.10174
1.10197
1.10217
1.10236
1.10253
1.10268
1.10282
1.10295
1.10306
1.10315
1.10324
1.10332
1.10339
1.10346
1.10352
1.10357
1.10363
1.10368
1.10374
1.10379
1.10386
1.10392
1.10399
1.10407
1.10416
1.10426
1.10437
1.10449
1.10463
1.10477
1.10494
1.10511
1.10531
1.10552
1.10574
1.10598
1.10625
1.10652
1.10682
1.10714
1.10747
1.10782
1.10819
1.10859
1.10899
1.10942
1.10987
1.11033
1.11081
1.11131
1.11183
1.11237
1.11292
1.11348
1.11406
1.11466
1.11528
1.1159
1.11654
1.1172
1.11787
1.11855
1.11924
1.11994
1.12065
1.12138
1.12211
1.12285
1.1236
1.12436
1.12512
1.12588
1.12665
1.12743
1.12821
1.12899
1.12977
1.13055
1.13133
1.13211
1.13289
1.13366
1.13443
1.1352
1.13596
1.13671
1.13746
1.1382
1.13893
1.13965
1.14037
1.14107
1.14177
1.14245
1.14312
1.14378
1.14443
1.14507
1.14569
1.1463
1.1469
1.14748
1.14805
1.1486
1.14915
1.14967
1.15018
1.15068
1.15116
1.15163
1.15208
1.15252
1.15294
1.15334
1.15373
1.15411
1.15447
1.15481
1.15514
1.15545
1.15575
1.15603
1.1563
1.15655
1.15679
1.15701
1.15721
1.1574
1.15757
1.15772
1.15786
1.15798
1.15808
1.15816
1.15823
1.15828
1.15832
1.15833
1.15833
1.1583
1.15826
1.1582
1.15812
1.15802
1.1579
1.15776
1.1576
1.15742
1.15723
1.15701
1.15677
1.15651
1.15622
1.15592
1.1556
1.15525
1.15489
1.1545
1.15409
1.15366
1.15321
1.15273
1.15224
1.15172
1.15119
1.15063
1.15006
1.14946
1.14884
1.1482
1.14755
1.14687
1.14618
1.14546
1.14473
1.14398
1.14321
1.14243
1.14163
1.14081
1.13998
1.13913
1.13826
1.13738
1.13649
1.13558
1.13466
1.13373
1.13279
1.13183
1.13087
1.1299
1.12891
1.12792
1.12692
1.12591
1.1249
1.12387
1.12285
1.12182
1.12078
1.11974
1.1187
1.11765
1.1166
1.11555
1.1145
1.11345
1.1124
1.11135
1.1103
1.10925
1.10821
1.10716
1.10612
1.10509
1.10406
1.10303
1.102
1.10099
1.09997
1.09896
1.09796
1.09697
1.09597
1.09499
1.09401
1.09303
1.09206
1.0911
1.09014
1.08918
1.08823
1.08729
1.08634
1.0854
1.08447
1.08353
1.0826
1.08166
1.08073
1.0798
1.07886
1.07793
1.07699
1.07606
1.07512
1.07417
1.07323
1.07228
1.07132
1.07036
1.0694
1.06843
1.06746
1.06648
1.06549
1.06451
1.06351
1.06252
1.06152
1.06052
1.05951
1.05851
1.05751
1.0565
1.0555
1.05451
1.05352
1.05254
1.05156
1.0506
1.04965
1.04871
1.04779
1.04689
1.04601
1.04515
1.04431
1.0435
1.04272
1.04198
1.04126
1.04057
1.03993
1.03932
1.03875
1.03822
1.03773
1.03729
1.03689
1.03654
1.03624
1.03598
1.03577
1.03561
1.03551
1.03545
1.03544
1.03548
1.03557
1.03571
1.0359
1.03614
1.03642
1.03676
1.03714
1.03756
1.03803
1.03854
1.03909
1.03969
1.04032
1.04099
1.0417
1.04244
1.04322
1.04402
1.04486
1.04573
1.04662
1.04754
1.04848
1.04944
1.05043
1.05143
1.05245
1.05348
1.05453
1.05559
1.05666
1.05774
1.05882
1.05991
1.061
1.0621
1.0632
1.0643
1.06539
1.06648
1.06757
1.06865
1.06973
1.07079
1.07185
1.07289
1.07393
1.07495
1.07595
1.07694
1.07792
1.07887
1.07981
1.08073
1.08164
1.08252
1.08338
1.08422
1.08504
1.08583
1.08661
1.08736
1.08808
1.08878
1.08946
1.09011
1.09074
1.09134
1.09192
1.09247
1.093
1.0935
1.09398
1.09443
1.09485
1.09526
1.09563
1.09598
1.09631
1.09662
1.0969
1.09715
1.09739
1.0976
1.09778
1.09795
1.09809
1.09822
1.09832
1.0984
1.09847
1.09851
1.09854
1.09855
1.09854
1.09851
1.09847
1.09842
1.09835
1.09827
1.09817
1.09806
1.09794
1.09781
1.09767
1.09752
1.09737
1.0972
1.09703
1.09685
1.09666
1.09647
1.09628
1.09608
1.09588
1.09567
1.09547
1.09526
1.09506
1.09486
1.09465
1.09446
1.09426
1.09407
1.09388
1.0937
1.09352
1.09335
1.09319
1.09303
1.09288
1.09274
1.09261
1.09249
1.09238
1.09228
1.09218
1.0921
1.09203
1.09197
1.09193
1.09189
1.09187
1.09185
1.09185
1.09187
1.09189
1.09192
1.09197
1.09202
1.09209
1.09217
1.09226
1.09235
1.09246
1.09258
1.0927
1.09284
1.09298
1.09313
1.09328
1.09344
1.09361
1.09378
1.09396
1.09414
1.09432
1.0945
1.09469
1.09488
1.09507
1.09526
1.09544
1.09563
1.09581
1.09599
1.09617
1.09635
1.09652
1.09668
1.09684
1.09699
1.09714
1.09727
1.0974
1.09752
1.09763
1.09773
1.09782
1.09789
1.09796
1.09801
1.09805
1.09807
1.09808
1.09807
1.09804
1.098
1.09794
1.09785
1.09775
1.09762
1.09747
1.0973
1.0971
1.09688
1.09663
1.09636
1.09605
1.09572
1.09536
1.09496
1.09454
1.09409
1.0936
1.09309
1.09254
1.09196
1.09136
1.09072
1.09004
1.08934
1.08861
1.08785
1.08707
1.08626
1.08542
1.08456
1.08367
1.08277
1.08184
1.0809
1.07995
1.07898
1.078
1.07702
1.07603
1.07504
1.07404
1.07305
1.07207
1.07109
1.07012
1.06917
1.06823
1.06731
1.06641
1.06553
1.06468
1.06386
1.06307
1.06231
1.06159
1.06091
1.06026
1.05965
1.05909
1.05856
1.05809
1.05766
1.05728
1.05694
1.05665
1.05642
1.05623
1.05609
1.056
1.05596
1.05597
1.05603
1.05613
1.05629
1.05649
1.05674
1.05703
1.05737
1.05776
1.05819
1.05866
1.05917
1.05972
1.06031
1.06094
1.0616
1.0623
1.06304
1.0638
1.0646
1.06543
1.06629
1.06718
1.06809
1.06904
1.07001
1.071
1.07202
1.07306
1.07412
1.0752
1.0763
1.07743
1.07857
1.07973
1.08091
1.08211
1.08332
1.08455
1.0858
1.08705
1.08832
1.0896
1.0909
1.0922
1.09351
1.09483
1.09615
1.09748
1.09881
1.10014
1.10147
1.1028
1.10413
1.10544
1.10675
1.10805
1.10934
1.11061
1.11186
1.11309
1.1143
1.11549
1.11665
1.11778
1.11888
1.11995
1.12099
1.12199
1.12296
1.12388
1.12477
1.12562
1.12642
1.12718
1.12791
1.12858
1.12922
1.12982
1.13037
1.13088
1.13136
1.13179
1.13219
1.13255
1.13287
1.13316
1.13342
1.13365
1.13386
1.13403
1.13419
1.13432
1.13444
1.13453
1.13462
1.13468
1.13474
1.13479
1.13482
1.13486
1.13488
1.1349
1.13492
1.13493
1.13494
1.13495
1.13496
1.13496
1.13496
1.13496
1.13496
1.13495
1.13493
1.13492
1.13489
1.13486
1.13482
1.13477
1.13471
1.13463
1.13454
1.13444
1.13433
1.13419
1.13404
1.13387
1.13368
1.13346
1.13323
1.13297
1.13269
1.13239
1.13206
1.13171
1.13133
1.13093
1.1305
1.13005
1.12957
1.12907
1.12855
1.128
1.12742
1.12683
1.12621
1.12557
1.12491
1.12423
1.12353
1.12281
1.12208
1.12133
1.12056
1.11979
1.119
1.1182
1.1174
1.11658
1.11577
1.11494
1.11412
1.1133
1.11247
1.11166
1.11084
1.11004
1.10924
1.10845
1.10768
1.10692
1.10617
1.10545
1.10474
1.10406
1.1034
1.10276
1.10215
1.10157
1.10102
1.1005
1.10001
1.09956
1.09915
1.09877
1.09842
1.09812
1.09786
1.09764
1.09746
1.09732
1.09722
1.09717
1.09716
1.0972
1.09728
1.0974
1.09757
1.09778
1.09803
1.09833
1.09867
1.09906
1.09949
1.09995
1.10046
1.10101
1.10159
1.10222
1.10287
1.10357
1.10429
1.10505
1.10584
1.10665
1.10749
1.10836
1.10925
1.11015
1.11108
1.11202
1.11298
1.11395
1.11492
1.1159
1.11688
1.11787
1.11885
1.11983
1.1208
1.12176
1.12271
1.12364
1.12455
1.12545
1.12631
1.12715
1.12797
1.12875
1.12949
1.1302
1.13087
1.1315
1.13208
1.13261
1.1331
1.13354
1.13392
1.13425
1.13452
1.13473
1.13489
1.13498
1.13501
1.13497
1.13487
1.13471
1.13447
1.13416
1.13379
1.13334
1.13283
1.13224
1.13157
1.13084
1.13003
1.12914
1.12818
1.12715
1.12604
1.12486
1.1236
1.12228
1.12087
1.1194
1.11785
1.11624
1.11456
1.11281
1.11099
1.10911
1.10717
1.10517
1.10311
1.101
1.09884
1.09663
1.09438
1.09208
1.08975
1.08739
1.08499
1.08258
1.08014
1.07769
1.07524
1.07277
1.07031
1.06786
1.06542
1.063
1.0606
1.05823
1.0559
1.05361
1.05136
1.04917
1.04703
1.04495
1.04294
1.041
1.03913
1.03734
1.03564
1.03401
1.03248
1.03103
1.02967
1.02841
1.02724
1.02616
1.02519
1.0243
1.02351
1.02282
1.02222
1.02171
1.0213
1.02097
1.02073
1.02057
1.02049
1.0205
1.02058
1.02073
1.02095
1.02125
1.0216
1.02202
1.0225
1.02303
1.02362
1.02426
1.02494
1.02567
1.02643
1.02723
1.02807
1.02894
1.02984
1.03077
1.03172
1.03269
1.03369
1.0347
1.03572
1.03676
1.03781
1.03888
1.03995
1.04102
1.04211
1.04319
1.04428
1.04537
1.04647
1.04756
1.04865
1.04974
1.05082
1.0519
1.05298
1.05405
1.05512
1.05618
1.05724
1.05829
1.05934
1.06037
1.06141
1.06243
1.06345
1.06446
1.06546
1.06646
1.06745
1.06844
1.06941
1.07039
1.07135
1.07231
1.07327
1.07422
1.07516
1.0761
1.07704
1.07797
1.0789
1.07983
1.08076
1.08168
1.0826
1.08353
1.08445
1.08537
1.0863
1.08722
1.08815
1.08908
1.09002
1.09096
1.0919
1.09284
1.0938
1.09475
1.09572
1.09669
1.09766
1.09865
1.09964
1.10064
1.10166
1.10268
1.10371
1.10475
1.10581
1.10688
1.10796
1.10905
1.11016
1.11128
1.11242
1.11358
1.11475
1.11594
1.11714
1.11837
1.11961
1.12086
1.12214
1.12344
1.12475
1.12608
1.12743
1.1288
1.13019
1.13159
1.13302
1.13445
1.13591
1.13738
1.13887
1.14037
1.14188
1.14341
1.14494
1.14649
1.14804
1.14959
1.15116
1.15272
1.15428
1.15584
1.1574
1.15895
1.16049
1.16202
1.16353
1.16502
1.1665
1.16795
1.16938
1.17078
1.17214
1.17347
1.17476
1.17601
1.17722
1.17838
1.17948
1.18054
1.18153
1.18247
1.18334
1.18414
1.18488
1.18555
1.18614
1.18665
1.18709
1.18744
1.1877
1.18788
1.18797
1.18797
1.18788
1.18769
1.18741
1.18703
1.18655
1.18597
1.18529
1.18451
1.18364
1.18266
1.18158
1.1804
1.17912
1.17775
1.17627
1.1747
1.17304
1.17128
1.16944
1.1675
1.16549
1.16339
1.16121
1.15896
1.15665
1.15426
1.15182
1.14932
1.14677
1.14417
1.14153
1.13886
1.13616
1.13343
1.13069
1.12794
1.12519
1.12244
1.1197
1.11697
1.11427
1.11159
1.10895
1.10635
1.10379
1.10129
1.09884
1.09646
1.09414
1.0919
1.08973
1.08763
1.08562
1.08369
1.08185
1.0801
1.07844
1.07687
1.07539
1.074
1.07271
1.07151
1.07039
1.06937
1.06844
1.0676
1.06683
1.06616
1.06556
1.06504
1.0646
1.06423
1.06393
1.0637
1.06354
1.06344
1.06339
1.06341
1.06348
1.0636
1.06377
1.06398
1.06425
1.06455
1.0649
1.06528
1.06571
1.06617
1.06666
1.06719
1.06775
1.06835
1.06897
1.06962
1.0703
1.07101
1.07175
1.07252
1.07331
1.07413
1.07498
1.07586
1.07676
1.07769
1.07864
1.07963
1.08064
1.08167
1.08274
1.08383
1.08495
1.08609
1.08726
1.08846
1.08968
1.09093
1.09221
1.09351
1.09483
1.09618
1.09756
1.09896
1.10038
1.10182
1.10329
1.10477
1.10628
1.1078
1.10934
1.11089
1.11246
1.11405
1.11564
1.11725
1.11886
1.12048
1.12211
1.12374
1.12537
1.12699
1.12862
1.13024
1.13185
1.13345
1.13504
1.13662
1.13818
1.13972
1.14123
1.14273
1.14419
1.14563
1.14704
1.14841
1.14974
1.15104
1.1523
1.15351
1.15467
1.15579
1.15685
1.15787
1.15883
1.15973
1.16057
1.16135
1.16207
1.16273
1.16332
1.16384
1.16429
1.16467
1.16498
1.16521
1.16537
1.16546
1.16546
1.16539
1.16525
1.16502
1.16471
1.16433
1.16386
1.16332
1.16269
1.16198
1.16119
1.16033
1.15938
1.15836
1.15726
1.15608
1.15482
1.15349
1.15208
1.1506
1.14905
1.14743
1.14574
1.14398
1.14215
1.14026
1.13831
1.1363
1.13423
1.1321
1.12992
1.12769
1.1254
1.12307
1.12069
1.11827
1.1158
1.1133
1.11077
1.1082
1.10559
1.10297
1.10031
1.09763
1.09494
1.09222
1.08949
1.08674
1.08399
1.08123
1.07847
1.0757
1.07293
1.07017
1.06741
1.06466
1.06193
1.05921
1.0565
1.05382
1.05116
1.04853
1.04592
1.04335
1.04081
1.03831
1.03586
1.03344
1.03108
1.02876
1.0265
1.0243
1.02215
1.02008
1.01807
1.01613
1.01427
1.01248
1.01078
1.00917
1.00764
1.00621
1.00488
1.00365
1.00252
1.0015
1.00059
0.999794
0.999112
0.998548
0.998105
0.997783
0.997585
0.997511
0.997561
0.997737
0.998036
0.99846
0.999007
0.999674
1.00046
1.00136
1.00238
1.0035
1.00473
1.00605
1.00747
1.00898
1.01057
1.01224
1.01398
1.01578
1.01763
1.01953
1.02147
1.02345
1.02545
1.02746
1.02949
1.03152
1.03354
1.03554
1.03753
1.03949
1.04142
1.04331
1.04515
1.04695
1.04868
1.05036
1.05196
1.0535
1.05497
1.05636
1.05767
1.05889
1.06004
1.0611
1.06207
1.06296
1.06377
1.06448
1.06511
1.06565
1.06612
1.06649
1.06679
1.06701
1.06716
1.06723
1.06724
1.06718
1.06705
1.06687
1.06664
1.06636
1.06603
1.06565
1.06525
1.06481
1.06434
1.06385
1.06335
1.06283
1.0623
1.06177
1.06125
1.06073
1.06022
1.05973
1.05925
1.0588
1.05838
1.05799
1.05763
1.05731
1.05703
1.05679
1.0566
1.05646
1.05637
1.05633
1.05634
1.05641
1.05653
1.0567
1.05693
1.05721
1.05755
1.05794
1.05839
1.05889
1.05943
1.06003
1.06068
1.06137
1.0621
1.06288
1.0637
1.06456
1.06545
1.06638
1.06734
1.06833
1.06934
1.07039
1.07145
1.07253
1.07364
1.07476
1.07589
1.07704
1.0782
1.07937
1.08055
1.08174
1.08293
1.08412
1.08531
1.08651
1.08771
1.0889
1.09009
1.09128
1.09246
1.09364
1.09481
1.09597
1.09712
1.09827
1.0994
1.10053
1.10164
1.10274
1.10383
1.1049
1.10595
1.107
1.10802
1.10903
1.11002
1.111
1.11195
1.11288
1.1138
1.11469
1.11557
1.11642
1.11725
1.11806
1.11884
1.1196
1.12034
1.12105
1.12173
1.12239
1.12302
1.12362
1.1242
1.12475
1.12526
1.12575
1.1262
1.12662
1.127
1.12735
1.12767
1.12795
1.12819
1.1284
1.12857
1.12869
1.12878
1.12882
1.12883
1.12878
1.1287
1.12857
1.12839
1.12817
1.1279
1.12758
1.12722
1.12681
1.12635
1.12584
1.12528
1.12467
1.12401
1.1233
1.12255
1.12174
1.12089
1.11999
1.11904
1.11804
1.117
1.11592
1.11479
1.11362
1.1124
1.11115
1.10986
1.10853
1.10717
1.10577
1.10434
1.10288
1.10139
1.09988
1.09834
1.09678
1.0952
1.0936
1.09199
1.09036
1.08873
1.08709
1.08544
1.08378
1.08213
1.08048
1.07883
1.07719
1.07555
1.07393
1.07232
1.07072
1.06914
1.06758
1.06604
1.06452
1.06303
1.06156
1.06012
1.05871
1.05733
1.05598
1.05467
1.05338
1.05214
1.05092
1.04975
1.04861
1.0475
1.04644
1.04541
1.04442
1.04346
1.04255
1.04167
1.04083
1.04002
1.03925
1.03852
1.03783
1.03716
1.03654
1.03595
1.03539
1.03486
1.03437
1.0339
1.03347
1.03307
1.03269
1.03235
1.03204
1.03175
1.03149
1.03125
1.03105
1.03087
1.03071
1.03059
1.03049
1.03041
1.03036
1.03034
1.03034
1.03036
1.03042
1.03049
1.0306
1.03073
1.03089
1.03107
1.03128
1.03152
1.03179
1.03208
1.0324
1.03275
1.03313
1.03353
1.03396
1.03441
1.03489
1.0354
1.03593
1.03648
1.03706
1.03765
1.03827
1.03891
1.03956
1.04023
1.04091
1.04161
1.04231
1.04302
1.04373
1.04445
1.04517
1.04588
1.04659
1.04729
1.04798
1.04866
1.04932
1.04996
1.05059
1.05118
1.05175
1.05229
1.0528
1.05328
1.05372
1.05412
1.05448
1.0548
1.05508
1.05532
1.0555
1.05565
1.05574
1.05579
1.05578
1.05573
1.05562
1.05547
1.05526
1.05501
1.05471
1.05435
1.05395
1.0535
1.053
1.05246
1.05187
1.05124
1.05056
1.04984
1.04909
1.04829
1.04746
1.04659
1.04569
1.04476
1.0438
1.04281
1.04179
1.04075
1.03969
1.03861
1.03751
1.03639
1.03526
1.03411
1.03296
1.03179
1.03062
1.02945
1.02827
1.02708
1.0259
1.02472
1.02354
1.02236
1.02119
1.02002
1.01887
1.01772
1.01658
1.01545
1.01434
1.01323
1.01214
1.01106
1.01
1.00896
1.00793
1.00691
1.00591
1.00493
1.00397
1.00303
1.0021
1.00119
1.00031
0.999434
0.998582
0.997748
0.996932
0.996135
0.995356
0.994596
0.993854
0.993132
0.992428
0.991745
0.99108
0.990435
0.98981
0.989205
0.98862
0.988056
0.987512
0.986989
0.986488
0.986009
0.985551
0.985117
0.984705
0.984318
0.983955
0.983617
0.983306
0.983021
0.982764
0.982536
0.982339
0.982172
0.982038
0.981938
0.981873
0.981843
0.981851
0.981898
0.981985
0.982113
0.982285
0.982501
0.982762
0.983069
0.983425
0.983829
0.984284
0.984791
0.985351
0.985965
0.986634
0.987359
0.98814
0.988978
0.989874
0.990827
0.991838
0.992907
0.994035
0.99522
0.996463
0.997762
0.999118
1.00053
1.00199
1.00351
1.00508
1.0067
1.00836
1.01007
1.01182
1.01362
1.01545
1.01732
1.01922
1.02115
1.02311
1.02509
1.02709
1.0291
1.03113
1.03317
1.03522
1.03727
1.03931
1.04136
1.04339
1.04541
1.04742
1.0494
1.05137
1.0533
1.05521
1.05709
1.05892
1.06073
1.06249
1.0642
1.06587
1.06749
1.06906
1.07057
1.07203
1.07343
1.07477
1.07605
1.07727
1.07842
1.0795
1.08052
1.08148
1.08236
1.08318
1.08393
1.08461
1.08522
1.08576
1.08623
1.08664
1.08698
1.08725
1.08746
1.0876
1.08768
1.0877
1.08766
1.08755
1.08739
1.08718
1.0869
1.08658
1.08621
1.08579
1.08532
1.08481
1.08426
1.08367
1.08305
1.08239
1.0817
1.08098
1.08024
1.07948
1.07869
1.07789
1.07708
1.07625
1.07542
1.07458
1.07374
1.0729
1.07206
1.07123
1.07041
1.06959
1.06879
1.068
1.06723
1.06647
1.06574
1.06503
1.06434
1.06368
1.06304
1.06243
1.06184
1.06128
1.06076
1.06026
1.05979
1.05935
1.05893
1.05855
1.0582
1.05787
1.05757
1.0573
1.05706
1.05684
1.05665
1.05649
1.05635
1.05623
1.05613
1.05606
1.05601
1.05597
1.05596
1.05597
1.056
1.05604
1.0561
1.05618
1.05628
1.0564
1.05653
1.05668
1.05684
1.05702
1.05722
1.05744
1.05768
1.05793
1.0582
1.05849
1.0588
1.05913
1.05947
1.05984
1.06023
1.06064
1.06107
1.06152
1.06199
1.06249
1.063
1.06354
1.0641
1.06469
1.06529
1.06592
1.06656
1.06723
1.06792
1.06862
1.06935
1.07009
1.07085
1.07162
1.07241
1.07322
1.07403
1.07486
1.0757
1.07654
1.0774
1.07825
1.07912
1.07998
1.08085
1.08171
1.08257
1.08343
1.08428
1.08513
1.08597
1.08679
1.08761
1.08841
1.08919
1.08996
1.09071
1.09144
1.09215
1.09284
1.09351
1.09415
1.09477
1.09536
1.09593
1.09647
1.09699
1.09747
1.09793
1.09836
1.09876
1.09913
1.09947
1.09978
1.10006
1.1003
1.10052
1.10071
1.10087
1.10099
1.10109
1.10116
1.1012
1.10121
1.1012
1.10116
1.10109
1.101
1.10089
1.10075
1.10059
1.1004
1.1002
1.09998
1.09974
1.09949
1.09922
1.09893
1.09864
1.09833
1.09802
1.0977
1.09737
1.09704
1.0967
1.09637
1.09604
1.0957
1.09538
1.09506
1.09475
1.09444
1.09415
1.09387
1.0936
1.09336
1.09312
1.09291
1.09272
1.09254
1.09239
1.09227
1.09217
1.09209
1.09205
1.09203
1.09204
1.09208
1.09215
1.09226
1.09239
1.09256
1.09275
1.09298
1.09324
1.09354
1.09386
1.09422
1.09461
1.09503
1.09548
1.09597
1.09648
1.09703
1.0976
1.09821
1.09884
1.0995
1.10018
1.10089
1.10163
1.10239
1.10318
1.10398
1.10481
1.10566
1.10653
1.10741
1.10832
1.10923
1.11016
1.11111
1.11206
1.11303
1.114
1.11498
1.11597
1.11696
1.11794
1.11893
1.11992
1.1209
1.12188
1.12285
1.1238
1.12475
1.12568
1.12659
1.12749
1.12836
1.12922
1.13004
1.13084
1.13162
1.13236
1.13306
1.13374
1.13437
1.13497
1.13553
1.13604
1.13651
1.13693
1.13731
1.13763
1.13791
1.13813
1.1383
1.13842
1.13847
1.13848
1.13842
1.13831
1.13813
1.1379
1.13761
1.13725
1.13683
1.13636
1.13582
1.13522
1.13456
1.13383
1.13305
1.1322
1.1313
1.13034
1.12931
1.12823
1.1271
1.12591
1.12466
1.12336
1.122
1.1206
1.11915
1.11765
1.1161
1.11451
1.11288
1.1112
1.10949
1.10775
1.10597
1.10416
1.10232
1.10046
1.09857
1.09666
1.09473
1.09279
1.09084
1.08888
1.08691
1.08494
1.08297
1.08101
1.07905
1.07709
1.07516
1.07323
1.07133
1.06945
1.06759
1.06576
1.06397
1.0622
1.06048
1.05879
1.05715
1.05555
1.054
1.0525
1.05105
1.04965
1.04831
1.04702
1.04579
1.04462
1.04351
1.04246
1.04147
1.04054
1.03967
1.03886
1.03812
1.03743
1.0368
1.03624
1.03572
1.03527
1.03487
1.03452
1.03422
1.03397
1.03377
1.03361
1.0335
1.03342
1.03339
1.03339
1.03342
1.03348
1.03358
1.0337
1.03384
1.03401
1.0342
1.0344
1.03462
1.03486
1.03511
1.03537
1.03564
1.03592
1.03621
1.03651
1.03681
1.03712
1.03743
1.03775
1.03808
1.03841
1.03874
1.03909
1.03944
1.03979
1.04015
1.04052
1.0409
1.04129
1.04168
1.04209
1.0425
1.04293
1.04337
1.04382
1.04429
1.04478
1.04527
1.04579
1.04632
1.04687
1.04744
1.04802
1.04863
1.04925
1.0499
1.05056
1.05125
1.05196
1.05269
1.05344
1.05422
1.05502
1.05584
1.05668
1.05755
1.05844
1.05935
1.06028
1.06124
1.06222
1.06322
1.06424
1.06528
1.06634
1.06742
1.06853
1.06965
1.07079
1.07195
1.07313
1.07432
1.07553
1.07676
1.07799
1.07925
1.08051
1.08179
1.08307
1.08436
1.08566
1.08697
1.08828
1.0896
1.09092
1.09224
1.09356
1.09488
1.09619
1.09751
1.09881
1.10011
1.1014
1.10269
1.10396
1.10522
1.10647
1.1077
1.10892
1.11012
1.1113
1.11246
1.11361
1.11473
1.11583
1.11691
1.11796
1.11899
1.12
1.12098
1.12194
1.12287
1.12377
1.12465
1.1255
1.12632
1.12712
1.12789
1.12864
1.12936
1.13006
1.13073
1.13137
1.132
1.1326
1.13318
1.13374
1.13427
1.13479
1.13529
1.13577
1.13623
1.13667
1.1371
1.13752
1.13792
1.13831
1.13868
1.13904
1.1394
1.13974
1.14007
1.1404
1.14071
1.14102
1.14132
1.14162
1.14191
1.14219
1.14247
1.14274
1.14301
1.14328
1.14354
1.1438
1.14406
1.14431
1.14456
1.14481
1.14505
1.14529
1.14553
1.14577
1.146
1.14624
1.14647
1.1467
1.14692
1.14715
1.14737
1.1476
1.14782
1.14804
1.14826
1.14848
1.14869
1.14891
1.14912
1.14933
1.14954
1.14975
1.14996
1.15017
1.15037
1.15058
1.15078
1.15099
1.15119
1.15139
1.15159
1.15179
1.15198
1.15218
1.15237
1.15256
1.15274
1.15292
1.1531
1.15328
1.15344
1.1536
1.15376
1.15391
1.15404
1.15417
1.15429
1.1544
1.15449
1.15458
1.15464
1.1547
1.15473
1.15475
1.15475
1.15472
1.15468
1.15461
1.15451
1.15439
1.15423
1.15405
1.15384
1.15359
1.15331
1.15299
1.15263
1.15223
1.15179
1.15131
1.15079
1.15022
1.14961
1.14895
1.14824
1.14748
1.14667
1.14581
1.1449
1.14393
1.14292
1.14184
1.14072
1.13954
1.1383
1.13701
1.13567
1.13426
1.13281
1.1313
1.12973
1.12811
1.12644
1.12471
1.12293
1.12111
1.11923
1.1173
1.11532
1.11329
1.11122
1.1091
1.10694
1.10474
1.1025
1.10021
1.09789
1.09553
1.09314
1.09072
1.08826
1.08577
1.08325
1.08071
1.07814
1.07555
1.07293
1.0703
1.06765
1.06499
1.06231
1.05962
1.05693
1.05422
1.05152
1.04881
1.0461
1.04339
1.04069
1.03799
1.03531
1.03263
1.02997
1.02733
1.02471
1.02211
1.01954
1.01699
1.01447
1.01198
1.00953
1.00711
1.00473
1.00239
1.0001
0.997852
0.995654
0.993507
0.991413
0.989374
0.987392
0.985469
0.983608
0.981809
0.980075
0.978409
0.97681
0.975282
0.973825
0.97244
0.97113
0.969894
0.968735
0.967654
0.966652
0.96573
0.964888
0.964128
0.96345
0.962856
0.962344
0.961917
0.961573
0.961313
0.961138
0.961047
0.96104
0.961118
0.961279
0.961525
0.961853
0.962265
0.96276
0.963336
0.963993
0.96473
0.965545
0.966438
0.967407
0.968452
0.96957
0.970759
0.972018
0.973344
0.974736
0.976191
0.977706
0.97928
0.98091
0.982593
0.984326
0.986108
0.987934
0.989802
0.99171
0.993655
0.995634
0.997643
0.99968
1.00174
1.00383
1.00593
1.00805
1.01018
1.01232
1.01448
1.01663
1.01879
1.02095
1.02311
1.02527
1.02742
1.02956
1.03169
1.0338
1.0359
1.03799
1.04005
1.0421
1.04412
1.04613
1.0481
1.05005
1.05198
1.05387
1.05574
1.05758
1.05938
1.06115
1.06289
1.0646
1.06627
1.06791
1.06951
1.07108
1.07261
1.07411
1.07557
1.07699
1.07838
1.07973
1.08105
1.08233
1.08357
1.08478
1.08596
1.0871
1.08821
1.08928
1.09033
1.09134
1.09231
1.09326
1.09418
1.09507
1.09593
1.09677
1.09757
1.09835
1.09911
1.09984
1.10055
1.10123
1.10189
1.10253
1.10316
1.10376
1.10434
1.10491
1.10546
1.106
1.10652
1.10703
1.10753
1.10801
1.10849
1.10895
1.1094
1.10985
1.11029
1.11072
1.11115
1.11157
1.11199
1.1124
1.11281
1.11321
1.11361
1.11401
1.11441
1.11481
1.1152
1.11559
1.11598
1.11638
1.11677
1.11715
1.11754
1.11793
1.11832
1.11871
1.1191
1.11948
1.11987
1.12025
1.12063
1.12101
1.12139
1.12177
1.12214
1.1225
1.12287
1.12323
1.12358
1.12393
1.12427
1.12461
1.12494
1.12526
1.12557
1.12588
1.12617
1.12646
1.12674
1.127
1.12726
1.12751
1.12774
1.12796
1.12817
1.12836
1.12854
1.12871
1.12886
1.129
1.12913
1.12923
1.12933
1.12941
1.12947
1.12952
1.12955
1.12956
1.12956
1.12954
1.12951
1.12946
1.12939
1.1293
1.1292
1.12908
1.12895
1.12879
1.12862
1.12843
1.12823
1.12801
1.12777
1.12751
1.12723
1.12694
1.12663
1.1263
1.12596
1.12559
1.12521
1.12482
1.1244
1.12397
1.12352
1.12305
1.12256
1.12205
1.12153
1.12098
1.12042
1.11984
1.11924
1.11862
1.11798
1.11732
1.11665
1.11595
1.11523
1.11449
1.11373
1.11295
1.11215
1.11132
1.11047
1.1096
1.1087
1.10778
1.10684
1.10587
1.10488
1.10386
1.10282
1.10175
1.10065
1.09952
1.09837
1.09718
1.09597
1.09473
1.09346
1.09216
1.09082
1.08946
1.08807
1.08664
1.08519
1.0837
1.08218
1.08063
1.07905
1.07744
1.0758
1.07413
1.07242
1.07069
1.06893
1.06714
1.06533
1.06349
1.06162
1.05973
1.05781
1.05588
1.05392
1.05195
1.04996
1.04795
1.04593
1.0439
1.04186
1.03982
1.03777
1.03571
1.03366
1.03161
1.02957
1.02753
1.02551
1.0235
1.0215
1.01952
1.01757
1.01564
1.01374
1.01187
1.01004
1.00824
1.00648
1.00477
1.00311
1.00149
0.99993
0.998424
0.996977
0.995591
0.99427
0.993016
0.991831
0.990718
0.989681
0.98872
0.987839
0.98704
0.986324
0.985695
0.985153
0.984701
0.98434
0.984072
0.983898
0.98382
0.983838
0.983954
0.984169
0.984482
0.984896
0.985409
0.986023
0.986738
0.987555
0.988471
0.989488
0.990606
0.991823
0.99314
0.994554
0.996067
0.997676
0.99938
1.00118
1.00307
1.00505
1.00713
1.00929
1.01153
1.01386
1.01628
1.01877
1.02134
1.02399
1.02672
1.02951
1.03237
1.0353
1.03829
1.04134
1.04445
1.04762
1.05083
1.0541
1.05741
1.06076
1.06415
1.06758
1.07104
1.07453
1.07804
1.08158
1.08513
1.0887
1.09228
1.09587
1.09947
1.10306
1.10666
1.11024
1.11382
1.11738
1.12093
1.12446
1.12797
1.13145
1.1349
1.13832
1.14171
1.14505
1.14835
1.15161
1.15482
1.15798
1.16109
1.16414
1.16713
1.17006
1.17293
1.17573
1.17846
1.18112
1.1837
1.18621
1.18865
1.191
1.19328
1.19547
1.19758
1.1996
1.20154
1.20339
1.20515
1.20682
1.20841
1.2099
1.2113
1.2126
1.21382
1.21494
1.21597
1.21691
1.21776
1.21851
1.21917
1.21974
1.22021
1.2206
1.2209
1.22111
1.22123
1.22127
1.22122
1.22109
1.22088
1.2206
1.22023
1.21979
1.21927
1.21869
1.21803
1.21731
1.21652
1.21567
1.21476
1.2138
1.21277
1.21169
1.21056
1.20938
1.20816
1.20688
1.20557
1.20421
1.20281
1.20137
1.1999
1.19839
1.19685
1.19528
1.19367
1.19204
1.19037
1.18868
1.18696
1.18521
1.18343
1.18162
1.17979
1.17793
1.17604
1.17412
1.17217
1.1702
1.16819
1.16615
1.16408
1.16199
1.15985
1.15769
1.15548
1.15325
1.15097
1.14866
1.14632
1.14393
1.1415
1.13904
1.13654
1.13399
1.13141
1.12879
1.12613
1.12343
1.12069
1.11792
1.11511
1.11226
1.10938
1.10647
1.10353
1.10057
1.09757
1.09456
1.09152
1.08847
1.0854
1.08231
1.07922
1.07613
1.07303
1.06993
1.06684
1.06376
1.06069
1.05764
1.05461
1.05161
1.04864
1.0457
1.0428
1.03994
1.03713
1.03437
1.03166
1.02901
1.02642
1.0239
1.02145
1.01907
1.01676
1.01454
1.0124
1.01034
1.00837
1.00648
1.00469
1.003
1.0014
0.999896
0.998493
0.99719
0.995988
0.994889
0.993892
0.992999
0.99221
0.991524
0.990942
0.990464
0.99009
0.989819
0.989651
0.989585
0.98962
0.989755
0.989989
0.990321
0.990751
0.991275
0.991893
0.992603
0.993402
0.994291
0.995267
0.996327
0.99747
0.998694
0.999997
1.00138
1.00283
1.00436
1.00595
1.00762
1.00934
1.01113
1.01298
1.01489
1.01685
1.01886
1.02092
1.02303
1.02518
1.02736
1.02958
1.03184
1.03412
1.03643
1.03876
1.04111
1.04347
1.04585
1.04823
1.05062
1.053
1.05539
1.05776
1.06012
1.06247
1.06479
1.0671
1.06937
1.07161
1.07382
1.07599
1.07812
1.0802
1.08223
1.0842
1.08612
1.08798
1.08978
1.09151
1.09318
1.09477
1.09629
1.09773
1.09909
1.10038
1.10158
1.10269
1.10372
1.10467
1.10552
1.10629
1.10696
1.10755
1.10804
1.10844
1.10875
1.10897
1.1091
1.10914
1.10909
1.10895
1.10872
1.10841
1.10801
1.10753
1.10696
1.10632
1.1056
1.1048
1.10393
1.10298
1.10197
1.10089
1.09975
1.09854
1.09728
1.09596
1.09459
1.09317
1.0917
1.09019
1.08864
1.08705
1.08543
1.08378
1.0821
1.08039
1.07867
1.07692
1.07516
1.0734
1.07162
1.06983
1.06805
1.06627
1.06449
1.06272
1.06096
1.05922
1.05749
1.05578
1.0541
1.05244
1.05081
1.04921
1.04765
1.04612
1.04464
1.04319
1.04179
1.04044
1.03913
1.03787
1.03667
1.03552
1.03442
1.03339
1.03241
1.0315
1.03064
1.02985
1.02912
1.02846
1.02786
1.02733
1.02686
1.02645
1.02611
1.02583
1.02562
1.02547
1.02539
1.02536
1.02539
1.02549
1.02564
1.02584
1.0261
1.02641
1.02677
1.02717
1.02762
1.02812
1.02865
1.02922
1.02983
1.03046
1.03113
1.03182
1.03254
1.03328
1.03404
1.03481
1.0356
1.03639
1.0372
1.03801
1.03882
1.03964
1.04045
1.04126
1.04206
1.04286
1.04364
1.04442
1.04518
1.04593
1.04666
1.04738
1.04808
1.04876
1.04942
1.05006
1.05067
1.05127
1.05184
1.05238
1.05291
1.05341
1.05389
1.05434
1.05477
1.05518
1.05556
1.05592
1.05626
1.05657
1.05686
1.05712
1.05737
1.05759
1.05779
1.05797
1.05813
1.05826
1.05838
1.05848
1.05856
1.05861
1.05865
1.05867
1.05867
1.05865
1.05862
1.05856
1.05849
1.05839
1.05828
1.05815
1.058
1.05783
1.05763
1.05742
1.05719
1.05694
1.05666
1.05637
1.05605
1.05571
1.05535
1.05497
1.05456
1.05413
1.05368
1.05321
1.05271
1.05218
1.05164
1.05106
1.05046
1.04984
1.04919
1.04852
1.04782
1.0471
1.04635
1.04558
1.04478
1.04395
1.04311
1.04223
1.04134
1.04042
1.03947
1.03851
1.03752
1.03651
1.03547
1.03442
1.03334
1.03225
1.03113
1.03
1.02885
1.02768
1.02649
1.02529
1.02407
1.02284
1.0216
1.02034
1.01907
1.01779
1.0165
1.0152
1.0139
1.01258
1.01127
1.00995
1.00862
1.0073
1.00597
1.00465
1.00334
1.00203
1.00072
0.999429
0.998147
0.996879
0.995626
0.994392
0.993178
0.991987
0.990822
0.989685
0.988579
0.987508
0.986472
0.985476
0.984522
0.983612
0.982749
0.981937
0.981178
0.980476
0.979832
0.979251
0.978734
0.978284
0.977904
0.977595
0.977361
0.977203
0.977124
0.977125
0.977208
0.977374
0.977625
0.977963
0.978388
0.978901
0.979503
0.980193
0.980972
0.98184
0.982796
0.98384
0.984971
0.986187
0.987488
0.988872
0.990337
0.991881
0.993503
0.9952
0.99697
0.998809
1.00072
1.00269
1.00472
1.00682
1.00896
1.01116
1.01341
1.0157
1.01803
1.0204
1.02281
1.02524
1.0277
1.03018
1.03269
1.0352
1.03773
1.04027
1.04281
1.04536
1.0479
1.05044
1.05297
1.05548
1.05799
1.06047
1.06294
1.06538
1.0678
1.07018
1.07254
1.07486
1.07715
1.0794
1.08161
1.08377
1.08589
1.08797
1.08999
1.09197
1.0939
1.09577
1.09758
1.09935
1.10105
1.10269
1.10428
1.1058
1.10726
1.10866
1.10999
1.11126
1.11246
1.1136
1.11466
1.11566
1.1166
1.11746
1.11825
1.11897
1.11963
1.12021
1.12072
1.12117
1.12154
1.12185
1.12208
1.12225
1.12235
1.12238
1.12235
1.12224
1.12208
1.12184
1.12155
1.12119
1.12077
1.12029
1.11975
1.11916
1.11851
1.11781
1.11706
1.11626
1.11541
1.11451
1.11357
1.11259
1.11157
1.11052
1.10943
1.10831
1.10716
1.10598
1.10478
1.10355
1.10231
1.10105
1.09978
1.0985
1.09722
1.09592
1.09463
1.09333
1.09204
1.09076
1.08948
1.08822
1.08697
1.08574
1.08453
1.08333
1.08217
1.08103
1.07991
1.07883
1.07778
1.07676
1.07578
1.07484
1.07394
1.07307
1.07225
1.07147
1.07074
1.07005
1.0694
1.0688
1.06824
1.06773
1.06727
1.06685
1.06648
1.06615
1.06587
1.06563
1.06544
1.06529
1.06518
1.06512
1.06509
1.0651
1.06516
1.06524
1.06537
1.06553
1.06572
1.06594
1.0662
1.06648
1.06679
1.06712
1.06748
1.06786
1.06826
1.06868
1.06912
1.06958
1.07005
1.07053
1.07103
1.07154
1.07206
1.07259
1.07312
1.07367
1.07421
1.07477
1.07532
1.07588
1.07644
1.077
1.07757
1.07813
1.07869
1.07924
1.0798
1.08035
1.08089
1.08143
1.08197
1.0825
1.08303
1.08355
1.08406
1.08457
1.08507
1.08557
1.08605
1.08654
1.08701
1.08748
1.08794
1.0884
1.08885
1.08929
1.08973
1.09016
1.09059
1.09102
1.09144
1.09186
1.09228
1.0927
1.09312
1.09354
1.09397
1.09439
1.09482
1.09525
1.09569
1.09614
1.0966
1.09706
1.09754
1.09802
1.09852
1.09904
1.09957
1.10012
1.10068
1.10126
1.10187
1.10249
1.10314
1.1038
1.10449
1.10521
1.10595
1.10672
1.10751
1.10833
1.10918
1.11006
1.11096
1.11189
1.11285
1.11383
1.11484
1.11588
1.11695
1.11804
1.11915
1.12029
1.12146
1.12264
1.12385
1.12508
1.12633
1.1276
1.12888
1.13017
1.13148
1.1328
1.13412
1.13546
1.1368
1.13815
1.13949
1.14084
1.14218
1.14353
1.14486
1.14619
1.1475
1.14881
1.1501
1.15137
1.15263
1.15387
1.15508
1.15627
1.15744
1.15858
1.15969
1.16077
1.16182
1.16283
1.16381
1.16475
1.16566
1.16652
1.16735
1.16813
1.16888
1.16958
1.17024
1.17085
1.17142
1.17194
1.17242
1.17285
1.17324
1.17358
1.17388
1.17412
1.17433
1.17448
1.1746
1.17466
1.17469
1.17467
1.1746
1.17449
1.17435
1.17415
1.17392
1.17365
1.17334
1.17299
1.1726
1.17217
1.17171
1.17121
1.17067
1.1701
1.1695
1.16886
1.16819
1.16749
1.16676
1.166
1.1652
1.16437
1.16352
1.16263
1.16172
1.16077
1.1598
1.1588
1.15777
1.15671
1.15562
1.15451
1.15337
1.15219
1.15099
1.14977
1.14851
1.14723
1.14592
1.14458
1.14321
1.14182
1.14041
1.13897
1.1375
1.13601
1.1345
1.13297
1.13141
1.12983
1.12824
1.12663
1.125
1.12336
1.1217
1.12004
1.11836
1.11668
1.115
1.11332
1.11163
1.10995
1.10827
1.10661
1.10495
1.1033
1.10167
1.10006
1.09846
1.09689
1.09534
1.09382
1.09233
1.09086
1.08943
1.08803
1.08667
1.08534
1.08405
1.0828
1.08158
1.08041
1.07927
1.07818
1.07712
1.0761
1.07512
1.07418
1.07328
1.07241
1.07158
1.07078
1.07002
1.06929
1.06859
1.06791
1.06727
1.06665
1.06606
1.0655
1.06495
1.06443
1.06393
1.06345
1.06299
1.06255
1.06214
1.06174
1.06135
1.06099
1.06065
1.06033
1.06003
1.05975
1.0595
1.05926
1.05905
1.05887
1.05871
1.05858
1.05848
1.05841
1.05838
1.05837
1.0584
1.05846
1.05856
1.0587
1.05887
1.05908
1.05933
1.05962
1.05995
1.06033
1.06074
1.06119
1.06168
1.06222
1.06279
1.0634
1.06404
1.06472
1.06544
1.06618
1.06696
1.06777
1.0686
1.06946
1.07034
1.07125
1.07217
1.07311
1.07406
1.07503
1.07601
1.07699
1.07798
1.07897
1.07996
1.08095
1.08193
1.0829
1.08387
1.08483
1.08577
1.08669
1.0876
1.08849
1.08936
1.0902
1.09102
1.09181
1.09257
1.09331
1.09401
1.09468
1.09532
1.09593
1.0965
1.09704
1.09754
1.09801
1.09844
1.09883
1.09919
1.0995
1.09979
1.10003
1.10023
1.1004
1.10054
1.10063
1.10069
1.10071
1.1007
1.10065
1.10057
1.10045
1.1003
1.10011
1.09989
1.09964
1.09936
1.09904
1.09869
1.09831
1.09791
1.09747
1.097
1.0965
1.09598
1.09543
1.09485
1.09424
1.0936
1.09294
1.09225
1.09154
1.0908
1.09004
1.08925
1.08843
1.08759
1.08673
1.08584
1.08493
1.084
1.08304
1.08206
1.08106
1.08004
1.07899
1.07792
1.07683
1.07572
1.07459
1.07344
1.07227
1.07108
1.06987
1.06864
1.0674
1.06614
1.06486
1.06357
1.06226
1.06094
1.05961
1.05826
1.05691
1.05555
1.05418
1.0528
1.05141
1.05002
1.04863
1.04724
1.04584
1.04445
1.04305
1.04166
1.04028
1.0389
1.03753
1.03617
1.03482
1.03348
1.03216
1.03085
1.02955
1.02827
1.02701
1.02578
1.02456
1.02336
1.02219
1.02104
1.01992
1.01882
1.01775
1.01671
1.01569
1.01471
1.01375
1.01282
1.01193
1.01106
1.01023
1.00943
1.00866
1.00791
1.00721
1.00653
1.00588
1.00526
1.00468
1.00412
1.0036
1.0031
1.00264
1.0022
1.00179
1.00141
1.00105
1.00073
1.00043
1.00015
0.999902
0.999678
0.999479
0.999305
0.999154
0.999027
0.998923
0.998841
0.998782
0.998745
0.99873
0.998736
0.998763
0.998811
0.998879
0.998968
0.999076
0.999205
0.999353
0.999521
0.999709
0.999917
1.00015
1.00039
1.00066
1.00095
1.00126
1.00158
1.00193
1.0023
1.00268
1.00309
1.00352
1.00396
1.00443
1.00491
1.00542
1.00594
1.00649
1.00705
1.00763
1.00823
1.00885
1.00949
1.01015
1.01082
1.01151
1.01222
1.01294
1.01368
1.01444
1.01522
1.01601
1.01681
1.01763
1.01846
1.01931
1.02017
1.02104
1.02193
1.02283
1.02374
1.02466
1.0256
1.02654
1.0275
1.02846
1.02944
1.03043
1.03142
1.03243
1.03344
1.03447
1.0355
1.03654
1.03759
1.03865
1.03972
1.04081
1.0419
1.043
1.0441
1.04522
1.04635
1.04749
1.04863
1.04979
1.05095
1.05212
1.0533
1.05449
1.05569
1.0569
1.05811
1.05933
1.06056
1.0618
1.06304
1.06429
1.06554
1.0668
1.06805
1.06932
1.07058
1.07185
1.07311
1.07437
1.07564
1.07689
1.07815
1.0794
1.08064
1.08187
1.0831
1.08431
1.08551
1.08669
1.08786
1.08902
1.09015
1.09127
1.09236
1.09344
1.09448
1.0955
1.0965
1.09747
1.0984
1.09931
1.10018
1.10102
1.10182
1.10259
1.10332
1.10402
1.10467
1.10529
1.10586
1.1064
1.10689
1.10735
1.10776
1.10813
1.10846
1.10876
1.109
1.10921
1.10938
1.10951
1.10961
1.10966
1.10968
1.10967
1.10962
1.10953
1.10942
1.10928
1.10911
1.10892
1.1087
1.10846
1.1082
1.10792
1.10763
1.10733
1.10701
1.10668
1.10635
1.10601
1.10567
1.10533
1.10499
1.10466
1.10434
1.10402
1.10371
1.10342
1.10315
1.10289
1.10265
1.10242
1.10223
1.10205
1.1019
1.10178
1.10168
1.10161
1.10157
1.10156
1.10157
1.10162
1.1017
1.10181
1.10195
1.10213
1.10233
1.10256
1.10282
1.1031
1.10342
1.10375
1.10412
1.1045
1.10491
1.10534
1.10578
1.10624
1.10672
1.10721
1.10771
1.10822
1.10873
1.10925
1.10977
1.11029
1.11081
1.11132
1.11183
1.11233
1.11281
1.11328
1.11374
1.11417
1.11459
1.11498
1.11535
1.11569
1.11601
1.11629
1.11655
1.11677
1.11696
1.11711
1.11723
1.1173
1.11735
1.11735
1.11731
1.11723
1.11712
1.11696
1.11677
1.11653
1.11626
1.11595
1.1156
1.11521
1.11479
1.11434
1.11385
1.11333
1.11278
1.1122
1.11159
1.11096
1.11031
1.10964
1.10895
1.10824
1.10751
1.10678
1.10603
1.10528
1.10452
1.10376
1.103
1.10223
1.10147
1.10072
1.09998
1.09924
1.09851
1.0978
1.0971
1.09642
1.09576
1.09512
1.0945
1.0939
1.09332
1.09277
1.09224
1.09174
1.09126
1.09081
1.09038
1.08997
1.08959
1.08924
1.0889
1.08859
1.08831
1.08804
1.08779
1.08756
1.08735
1.08715
1.08697
1.0868
1.08663
1.08648
1.08633
1.08619
1.08604
1.0859
1.08575
1.0856
1.08544
1.08527
1.08509
1.0849
1.0847
1.08447
1.08423
1.08397
1.08369
1.08338
1.08305
1.08269
1.08231
1.0819
1.08146
1.081
1.0805
1.07998
1.07942
1.07884
1.07823
1.07759
1.07692
1.07623
1.07551
1.07477
1.074
1.07322
1.07242
1.0716
1.07076
1.06992
1.06907
1.06821
1.06734
1.06648
1.06562
1.06477
1.06392
1.06309
1.06228
1.06148
1.06071
1.05996
1.05924
1.05855
1.0579
1.05728
1.05671
1.05617
1.05568
1.05524
1.05484
1.05449
1.05419
1.05394
1.05374
1.0536
1.0535
1.05346
1.05346
1.05352
1.05363
1.05378
1.05398
1.05422
1.0545
1.05483
1.05519
1.05558
1.05601
1.05647
1.05696
1.05748
1.05801
1.05857
1.05914
1.05973
1.06033
1.06094
1.06156
1.06218
1.0628
1.06342
1.06405
1.06467
1.06529
1.0659
1.0665
1.0671
1.06769
1.06827
1.06883
1.06939
1.06993
1.07047
1.07099
1.0715
1.072
1.07249
1.07296
1.07343
1.07389
1.07434
1.07478
1.07522
1.07565
1.07607
1.07649
1.0769
1.07731
1.07772
1.07813
1.07853
1.07894
1.07935
1.07976
1.08017
1.08059
1.08101
1.08144
1.08187
1.08231
1.08276
1.08321
1.08367
1.08414
1.08462
1.0851
1.0856
1.0861
1.08661
1.08713
1.08766
1.08819
1.08874
1.08929
1.08985
1.09042
1.091
1.09159
1.09218
1.09278
1.09339
1.094
1.09462
1.09525
1.09588
1.09653
1.09717
1.09783
1.09849
1.09916
1.09984
1.10052
1.10122
1.10192
1.10263
1.10335
1.10408
1.10482
1.10558
1.10634
1.10712
1.10791
1.10872
1.10954
1.11037
1.11123
1.1121
1.11299
1.11389
1.11482
1.11578
1.11675
1.11774
1.11876
1.1198
1.12086
1.12195
1.12305
1.12419
1.12534
1.12652
1.12772
1.12894
1.13019
1.13145
1.13274
1.13404
1.13536
1.1367
1.13805
1.13941
1.14078
1.14217
1.14356
1.14495
1.14635
1.14775
1.14915
1.15054
1.15193
1.15331
1.15468
1.15604
1.15738
1.15871
1.16001
1.16129
1.16254
1.16377
1.16497
1.16614
1.16727
1.16837
1.16943
1.17045
1.17143
1.17237
1.17326
1.17411
1.17491
1.17566
1.17636
1.17701
1.17761
1.17816
1.17866
1.1791
1.17949
1.17983
1.18011
1.18034
1.18052
1.18064
1.18071
1.18073
1.1807
1.18062
1.18049
1.18032
1.18009
1.17982
1.17951
1.17916
1.17876
1.17833
1.17786
1.17735
1.17681
1.17624
1.17564
1.17501
1.17436
1.17369
1.17299
1.17228
1.17155
