1.10035
1.1011
1.10191
1.10275
1.10364
1.10458
1.10555
1.10657
1.10762
1.10872
1.10985
1.11102
1.11222
1.11346
1.11473
1.11604
1.11738
1.11875
1.12015
1.12158
1.12304
1.12452
1.12603
1.12756
1.12911
1.13068
1.13227
1.13388
1.13551
1.13714
1.1388
1.14046
1.14213
1.14381
1.1455
1.1472
1.14889
1.15059
1.15229
1.15399
1.15569
1.15738
1.15907
1.16075
1.16243
1.16409
1.16574
1.16738
1.16901
1.17061
1.1722
1.17377
1.17532
1.17685
1.17835
1.17982
1.18127
1.18268
1.18407
1.18542
1.18673
1.18801
1.18924
1.19044
1.19159
1.1927
1.19376
1.19477
1.19573
1.19663
1.19749
1.19829
1.19903
1.19972
1.20034
1.20091
1.20141
1.20185
1.20223
1.20255
1.20279
1.20298
1.20309
1.20315
1.20313
1.20305
1.2029
1.20268
1.2024
1.20204
1.20163
1.20114
1.20059
1.19997
1.19928
1.19853
1.19771
1.19683
1.19588
1.19487
1.1938
1.19266
1.19146
1.19021
1.18889
1.1875
1.18607
1.18457
1.18301
1.1814
1.17973
1.178
1.17622
1.17438
1.17249
1.17054
1.16854
1.16649
1.16438
1.16222
1.16002
1.15776
1.15544
1.15308
1.15067
1.14821
1.1457
1.14314
1.14054
1.13788
1.13518
1.13243
1.12964
1.1268
1.12391
1.12097
1.11799
1.11496
1.11189
1.10877
1.1056
1.10239
1.09913
1.09583
1.09247
1.08907
1.08563
1.08213
1.07859
1.075
1.07136
1.06767
1.06393
1.06013
1.05629
1.05239
1.04843
1.04442
1.04035
1.03623
1.03204
1.02779
1.02347
1.01909
1.01465
1.01013
1.00554
1.00088
0.996149
0.991336
0.986445
0.981472
0.976416
0.971275
0.966047
0.960732
0.955327
0.949831
0.944244
0.938564
0.932791
0.926926
0.920968
0.91492
0.908782
0.902557
0.896248
0.889859
0.883393
0.876858
0.87026
0.863607
0.856907
0.850171
0.843411
0.836639
0.82987
0.82312
0.816406
0.809746
0.803161
0.796671
0.790298
0.784066
0.777999
0.772121
0.766458
0.761034
0.755874
0.751001
0.74644
0.742212
0.738337
0.734833
0.731716
0.728999
0.726694
0.724807
0.723343
0.722304
0.721687
0.721487
0.721696
0.722302
0.723293
0.724651
0.72636
0.728398
0.730744
0.733376
0.736269
0.739401
0.742747
0.746283
0.749985
0.753832
0.7578
0.761868
0.766017
0.770228
0.774484
0.778767
0.783063
0.787359
0.791641
0.795898
0.800121
0.804301
0.808431
0.812503
0.816511
0.820452
0.824322
0.828116
0.831834
0.835473
0.839033
0.842512
0.845911
0.84923
0.852471
0.855634
0.858722
0.861736
0.864679
0.867552
0.87036
0.873104
0.875788
0.878414
0.880986
0.883506
0.885979
0.888406
0.890792
0.89314
0.895452
0.897733
0.899984
0.902209
0.904411
0.906593
0.908757
0.910907
0.913044
0.915172
0.917292
0.919406
0.921516
0.923624
0.925732
0.927841
0.929952
0.932068
0.934188
0.936314
0.938448
0.940589
0.942738
0.944897
0.947065
0.949244
0.951432
0.953631
0.955842
0.958064
0.960297
0.962542
0.964798
0.967066
0.969345
0.971637
0.973939
0.976254
0.978581
0.98092
0.983271
0.985634
0.988009
0.990397
0.992796
0.995208
0.997632
1.00007
1.00252
1.00498
1.00745
1.00994
1.01244
1.01494
1.01747
1.02
1.02254
1.02509
1.02765
1.03022
1.0328
1.03539
1.03798
1.04057
1.04317
1.04577
1.04837
1.05097
1.05356
1.05615
1.05873
1.0613
1.06386
1.0664
1.06892
1.07142
1.0739
1.07636
1.07878
1.08117
1.08353
1.08585
1.08813
1.09036
1.09254
1.09468
1.09676
1.09878
1.10075
1.10265
1.10449
1.10627
1.10797
1.10961
1.11117
1.11266
1.11407
1.1154
1.11665
1.11783
1.11892
1.11994
1.12087
1.12172
1.12249
1.12318
1.12379
1.12432
1.12477
1.12515
1.12544
1.12567
1.12582
1.1259
1.12591
1.12585
1.12573
1.12554
1.1253
1.125
1.12464
1.12423
1.12378
1.12328
1.12273
1.12215
1.12153
1.12088
1.12019
1.11949
1.11876
1.11801
1.11724
1.11646
1.11568
1.11489
1.1141
1.11331
1.11252
1.11175
1.11098
1.11023
1.1095
1.1088
1.10811
1.10745
1.10683
1.10623
1.10568
1.10516
1.10468
1.10424
1.10384
1.1035
1.10319
1.10294
1.10273
1.10258
1.10247
1.10242
1.10241
1.10246
1.10255
1.1027
1.10289
1.10313
1.10341
1.10374
1.10411
1.10452
1.10498
1.10546
1.10598
1.10654
1.10712
1.10773
1.10836
1.10901
1.10967
1.11035
1.11105
1.11175
1.11246
1.11317
1.11388
1.11459
1.11529
1.11599
1.11667
1.11735
1.118
1.11864
1.11926
1.11986
1.12044
1.12099
1.12151
1.12201
1.12247
1.12291
1.12331
1.12368
1.12401
1.12431
1.12458
1.12481
1.125
1.12516
1.12528
1.12536
1.12541
1.12541
1.12538
1.12532
1.12521
1.12508
1.1249
1.12469
1.12444
1.12416
1.12385
1.1235
1.12312
1.1227
1.12225
1.12178
1.12127
1.12073
1.12016
1.11956
1.11894
1.11829
1.11761
1.11691
1.11618
1.11543
1.11465
1.11386
1.11304
1.11219
1.11133
1.11045
1.10955
1.10862
1.10768
1.10672
1.10574
1.10474
1.10372
1.10268
1.10163
1.10056
1.09946
1.09835
1.09722
1.09606
1.09489
1.09369
1.09247
1.09123
1.08996
1.08866
1.08734
1.08599
1.08461
1.08319
1.08175
1.08027
1.07875
1.07719
1.0756
1.07396
1.07229
1.07056
1.0688
1.06698
1.06512
1.06321
1.06125
1.05923
1.05717
1.05505
1.05288
1.05066
1.04839
1.04607
1.0437
1.04128
1.03882
1.03632
1.03378
1.03121
1.0286
1.02598
1.02333
1.02067
1.018
1.01533
1.01267
1.01003
1.00741
1.00482
1.00228
0.999781
0.997345
0.994978
0.992688
0.990484
0.988375
0.986367
0.984469
0.982686
0.981025
0.979491
0.978088
0.976819
0.975686
0.97469
0.973832
0.973109
0.972522
0.972065
0.971736
0.97153
0.97144
0.97146
0.971583
0.971802
0.972108
0.972492
0.972947
0.973463
0.974032
0.974645
0.975294
0.97597
0.976665
0.977372
0.978085
0.978796
0.979498
0.980187
0.980857
0.981504
0.982125
0.982715
0.983271
0.983792
0.984274
0.984716
0.985118
0.985478
0.985796
0.986072
0.986308
0.986503
0.986658
0.986776
0.986857
0.986903
0.986916
0.986899
0.986852
0.986779
0.986682
0.986562
0.986422
0.986265
0.986092
0.985907
0.985711
0.985507
0.985297
0.985083
0.984867
0.984652
0.984438
0.984228
0.984025
0.98383
0.983644
0.983471
0.983311
0.983165
0.983036
0.982925
0.982834
0.982763
0.982713
0.982688
0.982687
0.982711
0.982762
0.98284
0.982947
0.983084
0.983251
0.983451
0.983682
0.983947
0.984247
0.984581
0.984951
0.985357
0.9858
0.986281
0.9868
0.987358
0.987955
0.988591
0.989267
0.989983
0.990738
0.991533
0.992369
0.993244
0.994159
0.995113
0.996108
0.997141
0.998213
0.999323
1.00047
1.00166
1.00288
1.00414
1.00543
1.00676
1.00812
1.00952
1.01094
1.0124
1.01389
1.0154
1.01695
1.01851
1.02011
1.02172
1.02336
1.02502
1.0267
1.02839
1.0301
1.03183
1.03356
1.03531
1.03706
1.03882
1.04059
1.04236
1.04413
1.0459
1.04767
1.04943
1.05119
1.05294
1.05467
1.0564
1.05811
1.05981
1.06149
1.06315
1.06478
1.0664
1.06799
1.06955
1.07108
1.07258
1.07404
1.07548
1.07687
1.07823
1.07955
1.08082
1.08205
1.08324
1.08438
1.08547
1.08651
1.0875
1.08843
1.08931
1.09014
1.0909
1.09161
1.09226
1.09284
1.09337
1.09382
1.09422
1.09455
1.09481
1.09501
1.09514
1.09519
1.09518
1.0951
1.09495
1.09473
1.09444
1.09408
1.09365
1.09314
1.09257
1.09192
1.09121
1.09042
1.08957
1.08865
1.08767
1.08662
1.08551
1.08433
1.08309
1.08179
1.08044
1.07903
1.07757
1.07605
1.07449
1.07288
1.07122
1.06953
1.06779
1.06602
1.06421
1.06238
1.06051
1.05862
1.05671
1.05478
1.05284
1.05088
1.04891
1.04693
1.04496
1.04297
1.04099
1.03902
1.03705
1.03508
1.03313
1.03119
1.02926
1.02735
1.02546
1.02359
1.02174
1.01991
1.01811
1.01633
1.01457
1.01284
1.01114
1.00947
1.00783
1.00621
1.00462
1.00307
1.00154
1.00004
0.998565
0.997122
0.995708
0.994321
0.992962
0.99163
0.990326
0.989049
0.987799
0.986574
0.985376
0.984202
0.983053
0.981929
0.980829
0.979754
0.978702
0.977675
0.976672
0.975693
0.97474
0.973812
0.972909
0.972032
0.97118
0.970355
0.969557
0.968786
0.968044
0.96733
0.966647
0.965994
0.965373
0.964784
0.964228
0.963707
0.963221
0.962771
0.962359
0.961986
0.961653
0.961361
0.96111
0.960902
0.960738
0.960618
0.960544
0.960516
0.960536
0.960604
0.960722
0.960889
0.961108
0.961378
0.961702
0.962079
0.962511
0.962997
0.963539
0.964137
0.964792
0.965504
0.966273
0.967099
0.967984
0.968927
0.969928
0.970987
0.972103
0.973278
0.974511
0.9758
0.977146
0.978548
0.980005
0.981517
0.983081
0.984698
0.986366
0.988083
0.989848
0.99166
0.993516
0.995416
0.997357
0.999338
1.00136
1.00341
1.00549
1.00761
1.00975
1.01193
1.01412
1.01633
1.01857
1.02082
1.02308
1.02535
1.02763
1.02992
1.03221
1.0345
1.03679
1.03907
1.04135
1.04362
1.04588
1.04813
1.05036
1.05258
1.05478
1.05696
1.05912
1.06125
1.06336
1.06545
1.0675
1.06953
1.07153
1.0735
1.07544
1.07735
1.07923
1.08107
1.08288
1.08466
1.0864
1.08811
1.08978
1.09142
1.09302
1.09458
1.09612
1.09761
1.09907
1.1005
1.10189
1.10325
1.10457
1.10586
1.10712
1.10834
1.10953
1.11068
1.1118
1.11289
1.11395
1.11498
1.11598
1.11694
1.11788
1.11878
1.11965
1.1205
1.12131
1.1221
1.12285
1.12358
1.12428
1.12495
1.12559
1.12621
1.12679
1.12735
1.12788
1.12838
1.12885
1.1293
1.12972
1.13011
1.13047
1.1308
1.13111
1.13138
1.13163
1.13185
1.13205
1.13221
1.13235
1.13245
1.13253
1.13258
1.1326
1.13259
1.13256
1.13249
1.13239
1.13227
1.13211
1.13193
1.13171
1.13147
1.1312
1.13089
1.13056
1.1302
1.12981
1.12939
1.12895
1.12847
1.12797
1.12743
1.12687
1.12629
1.12567
1.12503
1.12436
1.12367
1.12295
1.12221
1.12144
1.12065
1.11984
1.11901
1.11815
1.11728
1.11638
1.11547
1.11453
1.11359
1.11262
1.11164
1.11065
1.10965
1.10863
1.10761
1.10657
1.10553
1.10449
1.10344
1.10239
1.10133
1.10028
1.09922
1.09817
1.09713
1.09609
1.09505
1.09402
1.09301
1.092
1.09101
1.09003
1.08906
1.08811
1.08718
1.08627
1.08537
1.0845
1.08365
1.08282
1.08201
1.08123
1.08047
1.07974
1.07903
1.07835
1.0777
1.07707
1.07647
1.07589
1.07534
1.07481
1.07431
1.07384
1.07339
1.07296
1.07256
1.07218
1.07182
1.07148
1.07116
1.07086
1.07057
1.0703
1.07005
1.06981
1.06959
1.06937
1.06916
1.06897
1.06877
1.06859
1.06841
1.06823
1.06805
1.06787
1.0677
1.06752
1.06733
1.06714
1.06695
1.06675
1.06654
1.06632
1.06609
1.06585
1.06561
1.06535
1.06507
1.06479
1.06449
1.06417
1.06384
1.0635
1.06314
1.06277
1.06238
1.06197
1.06155
1.06111
1.06066
1.06019
1.0597
1.0592
1.05868
1.05814
1.05758
1.05701
1.05642
1.05581
1.05519
1.05454
1.05388
1.0532
1.05249
1.05177
1.05103
1.05027
1.04949
1.0487
1.04788
1.04705
1.0462
1.04533
1.04445
1.04355
1.04265
1.04173
1.04081
1.03989
1.03896
1.03804
1.03712
1.03622
1.03533
1.03446
1.03362
1.0328
1.03203
1.03129
1.03061
1.02997
1.0294
1.02889
1.02845
1.02808
1.02779
1.02758
1.02746
1.02743
1.02748
1.02763
1.02788
1.02821
1.02864
1.02915
1.02976
1.03045
1.03121
1.03206
1.03298
1.03396
1.035
1.0361
1.03724
1.03841
1.03963
1.04086
1.04211
1.04337
1.04464
1.0459
1.04715
1.04839
1.0496
1.05079
1.05194
1.05306
1.05414
1.05517
1.05615
1.05709
1.05797
1.0588
1.05957
1.06029
1.06095
1.06156
1.06211
1.06261
1.06305
1.06344
1.06378
1.06407
1.06432
1.06451
1.06467
1.06478
1.06486
1.06489
1.0649
1.06487
1.06482
1.06473
1.06463
1.0645
1.06436
1.06419
1.06401
1.06382
1.06362
1.0634
1.06318
1.06296
1.06273
1.06249
1.06226
1.06202
1.06179
1.06155
1.06132
1.06109
1.06086
1.06064
1.06042
1.06021
1.06001
1.05981
1.05962
1.05943
1.05926
1.05909
1.05893
1.05877
1.05863
1.0585
1.05837
1.05825
1.05815
1.05805
1.05796
1.05788
1.05782
1.05776
1.05771
1.05768
1.05765
1.05764
1.05764
1.05766
1.05768
1.05772
1.05777
1.05784
1.05792
1.05802
1.05813
1.05825
1.05839
1.05855
1.05871
1.0589
1.0591
1.05931
1.05954
1.05979
1.06004
1.06031
1.0606
1.06089
1.0612
1.06152
1.06185
1.06219
1.06254
1.06289
1.06326
1.06362
1.064
1.06437
1.06475
1.06513
1.06551
1.06589
1.06627
1.06665
1.06702
1.06739
1.06775
1.0681
1.06844
1.06877
1.06908
1.06939
1.06967
1.06995
1.0702
1.07043
1.07064
1.07083
1.07099
1.07113
1.07124
1.07132
1.07137
1.07139
1.07137
1.07131
1.07122
1.07109
1.07092
1.07071
1.07046
1.07016
1.06982
1.06943
1.069
1.06851
1.06798
1.06741
1.06678
1.0661
1.06538
1.06461
1.06379
1.06292
1.06201
1.06106
1.06007
1.05904
1.05798
1.05689
1.05576
1.05462
1.05345
1.05227
1.05108
1.04988
1.04869
1.04751
1.04634
1.04519
1.04408
1.04299
1.04196
1.04097
1.04004
1.03918
1.0384
1.0377
1.03708
1.03656
1.03615
1.03584
1.03565
1.03558
1.03563
1.0358
1.03611
1.03655
1.03712
1.03783
1.03867
1.03964
1.04075
1.04198
1.04334
1.04481
1.04641
1.04811
1.04992
1.05183
1.05383
1.05592
1.05809
1.06033
1.06263
1.06499
1.06739
1.06984
1.07232
1.07483
1.07736
1.07991
1.08246
1.08501
1.08756
1.0901
1.09262
1.09512
1.0976
1.10005
1.10247
1.10485
1.10719
1.10949
1.11175
1.11396
1.11612
1.11823
1.12029
1.12229
1.12424
1.12614
1.12797
1.12975
1.13147
1.13313
1.13473
1.13628
1.13776
1.13918
1.14055
1.14185
1.14309
1.14428
1.1454
1.14646
1.14746
1.14841
1.14929
1.15011
1.15087
1.15158
1.15222
1.15281
1.15334
1.15381
1.15423
1.15458
1.15489
1.15513
1.15532
1.15546
1.15554
1.15557
1.15554
1.15546
1.15533
1.15514
1.1549
1.15462
1.15428
1.15389
1.15345
1.15297
1.15243
1.15185
1.15122
1.15055
1.14983
1.14906
1.14825
1.1474
1.1465
1.14557
1.14458
1.14356
1.1425
1.1414
1.14026
1.13908
1.13786
1.1366
1.13531
1.13398
1.13262
1.13122
1.12979
1.12832
1.12682
1.12529
1.12372
1.12212
1.1205
1.11884
1.11715
1.11543
1.11368
1.11191
1.1101
1.10827
1.10642
1.10453
1.10262
1.10069
1.09873
1.09675
1.09475
1.09272
1.09068
1.08861
1.08652
1.08441
1.08229
1.08014
1.07798
1.07581
1.07362
1.07142
1.0692
1.06697
1.06473
1.06249
1.06023
1.05796
1.05569
1.05342
1.05114
1.04886
1.04657
1.04429
1.04201
1.03973
1.03746
1.0352
1.03294
1.0307
1.02847
1.02625
1.02405
1.02186
1.01969
1.01755
1.01543
1.01333
1.01127
1.00923
1.00722
1.00525
1.00331
1.0014
0.999542
0.997719
0.99594
0.994204
0.992515
0.990873
0.989281
0.98774
0.986253
0.98482
0.983443
0.982122
0.980861
0.979659
0.978517
0.977437
0.97642
0.975465
0.974574
0.973747
0.972984
0.972285
0.97165
0.97108
0.970574
0.970131
0.969752
0.969435
0.969179
0.968984
0.968848
0.96877
0.968749
0.968784
0.968874
0.969015
0.969207
0.969447
0.969733
0.970064
0.970436
0.970849
0.9713
0.971786
0.972306
0.972858
0.973438
0.974046
0.974677
0.975331
0.976004
0.976695
0.977401
0.978121
0.978853
0.979594
0.980343
0.981098
0.981857
0.98262
0.983383
0.984147
0.98491
0.98567
0.986426
0.987179
0.987926
0.988668
0.989403
0.990132
0.990854
0.991568
0.992276
0.992976
0.993669
0.994356
0.995036
0.99571
0.996379
0.997044
0.997705
0.998364
0.99902
0.999676
1.00033
1.00099
1.00165
1.00231
1.00298
1.00366
1.00434
1.00503
1.00574
1.00645
1.00718
1.00792
1.00867
1.00945
1.01024
1.01105
1.01188
1.01272
1.01359
1.01448
1.0154
1.01633
1.01729
1.01827
1.01927
1.0203
1.02135
1.02242
1.02351
1.02462
1.02576
1.02692
1.02809
1.02928
1.03049
1.03171
1.03295
1.0342
1.03546
1.03673
1.03801
1.03929
1.04057
1.04186
1.04315
1.04443
1.04571
1.04698
1.04825
1.0495
1.05074
1.05196
1.05317
1.05435
1.05551
1.05665
1.05776
1.05884
1.05988
1.0609
1.06188
1.06283
1.06374
1.0646
1.06543
1.06622
1.06696
1.06766
1.06831
1.06892
1.06948
1.07
1.07047
1.0709
1.07128
1.07161
1.07191
1.07215
1.07236
1.07252
1.07264
1.07273
1.07278
1.07279
1.07278
1.07273
1.07265
1.07255
1.07243
1.07229
1.07213
1.07196
1.07178
1.07159
1.07139
1.07119
1.071
1.07081
1.07063
1.07046
1.0703
1.07016
1.07003
1.06993
1.06985
1.0698
1.06978
1.06978
1.06982
1.06989
1.07
1.07014
1.07031
1.07052
1.07077
1.07106
1.07138
1.07174
1.07213
1.07256
1.07302
1.07352
1.07405
1.07461
1.07519
1.07581
1.07644
1.0771
1.07778
1.07848
1.0792
1.07993
1.08067
1.08142
1.08217
1.08294
1.0837
1.08447
1.08523
1.08599
1.08674
1.08749
1.08822
1.08895
1.08966
1.09035
1.09103
1.09168
1.09232
1.09294
1.09353
1.0941
1.09465
1.09517
1.09566
1.09612
1.09656
1.09696
1.09734
1.09768
1.09799
1.09828
1.09853
1.09875
1.09894
1.0991
1.09922
1.09932
1.09938
1.09941
1.09942
1.09939
1.09933
1.09924
1.09913
1.09898
1.09881
1.09861
1.09838
1.09813
1.09785
1.09755
1.09723
1.09688
1.09652
1.09613
1.09573
1.0953
1.09487
1.09441
1.09395
1.09347
1.09298
1.09248
1.09198
1.09147
1.09095
1.09043
1.08991
1.08939
1.08887
1.08835
1.08784
1.08733
1.08683
1.08634
1.08586
1.08539
1.08494
1.08449
1.08406
1.08365
1.08325
1.08286
1.0825
1.08215
1.08181
1.0815
1.0812
1.08092
1.08065
1.08041
1.08018
1.07996
1.07976
1.07958
1.07941
1.07925
1.07911
1.07897
1.07885
1.07874
1.07864
1.07855
1.07846
1.07838
1.07831
1.07824
1.07818
1.07812
1.07807
1.07802
1.07797
1.07792
1.07788
1.07784
1.0778
1.07776
1.07773
1.07769
1.07766
1.07763
1.07761
1.07758
1.07756
1.07755
1.07753
1.07752
1.07751
1.0775
1.0775
1.07751
1.07751
1.07752
1.07753
1.07755
1.07757
1.07759
1.07761
1.07763
1.07766
1.07768
1.0777
1.07772
1.07774
1.07776
1.07777
1.07778
1.07778
1.07778
1.07777
1.07775
1.07772
1.07767
1.07762
1.07755
1.07747
1.07738
1.07727
1.07714
1.077
1.07683
1.07665
1.07645
1.07623
1.07599
1.07573
1.07545
1.07514
1.07481
1.07446
1.07408
1.07368
1.07325
1.0728
1.07232
1.07181
1.07128
1.07072
1.07013
1.06952
1.06887
1.0682
1.0675
1.06678
1.06602
1.06523
1.06442
1.06357
1.0627
1.06179
1.06085
1.05989
1.05889
1.05786
1.0568
1.05571
1.05459
1.05343
1.05224
1.05102
1.04977
1.04848
1.04716
1.04581
1.04442
1.043
1.04155
1.04006
1.03855
1.03699
1.03541
1.03379
1.03214
1.03046
1.02874
1.027
1.02522
1.02341
1.02157
1.0197
1.01781
1.01588
1.01393
1.01195
1.00994
1.00791
1.00586
1.00378
1.00169
0.999571
0.997437
0.995285
0.993118
0.990936
0.988742
0.986536
0.984319
0.982095
0.979863
0.977627
0.975387
0.973146
0.970905
0.968665
0.966429
0.964198
0.961972
0.959755
0.957547
0.95535
0.953166
0.950997
0.948844
0.946708
0.944591
0.942494
0.940418
0.938366
0.936338
0.934337
0.932363
0.930417
0.928502
0.926617
0.924766
0.922948
0.921166
0.91942
0.917712
0.916043
0.914415
0.912828
0.911283
0.909783
0.908328
0.90692
0.905559
0.904247
0.902986
0.901777
0.90062
0.899518
0.898472
0.897484
0.896554
0.895683
0.894874
0.894129
0.893447
0.892832
0.892285
0.891806
0.891398
0.891062
0.890799
0.89061
0.890498
0.890463
0.890506
0.89063
0.890833
0.891119
0.891486
0.891937
0.892471
0.893089
0.893791
0.894578
0.895449
0.896404
0.897442
0.898564
0.899767
0.901052
0.902418
0.903862
0.905383
0.906981
0.908652
0.910396
0.912209
0.91409
0.916035
0.918042
0.920108
0.922231
0.924407
0.926632
0.928904
0.93122
0.933575
0.935967
0.938392
0.940846
0.943326
0.945828
0.948348
0.950882
0.953427
0.95598
0.958535
0.961091
0.963642
0.966187
0.96872
0.97124
0.973743
0.976226
0.978686
0.98112
0.983525
0.985899
0.98824
0.990544
0.99281
0.995036
0.997221
0.999361
1.00146
1.0035
1.0055
1.00745
1.00935
1.0112
1.013
1.01475
1.01644
1.01808
1.01967
1.0212
1.02268
1.0241
1.02548
1.0268
1.02807
1.02928
1.03045
1.03157
1.03263
1.03365
1.03463
1.03555
1.03643
1.03727
1.03807
1.03882
1.03953
1.04021
1.04085
1.04145
1.04202
1.04256
1.04307
1.04354
1.04399
1.04441
1.04481
1.04518
1.04553
1.04585
1.04615
1.04644
1.04671
1.04696
1.04719
1.04741
1.04761
1.0478
1.04798
1.04814
1.0483
1.04844
1.04857
1.0487
1.04881
1.04892
1.04902
1.04911
1.04919
1.04926
1.04932
1.04938
1.04943
1.04947
1.0495
1.04952
1.04954
1.04954
1.04954
1.04952
1.0495
1.04947
1.04942
1.04937
1.0493
1.04923
1.04914
1.04904
1.04892
1.0488
1.04866
1.0485
1.04834
1.04816
1.04796
1.04775
1.04752
1.04728
1.04702
1.04675
1.04646
1.04616
1.04584
1.0455
1.04515
1.04478
1.04439
1.04399
1.04358
1.04314
1.0427
1.04224
1.04176
1.04127
1.04076
1.04024
1.03971
1.03917
1.03861
1.03804
1.03747
1.03688
1.03628
1.03567
1.03506
1.03444
1.03381
1.03318
1.03255
1.03191
1.03127
1.03063
1.02999
1.02935
1.02872
1.02809
1.02747
1.02685
1.02625
1.02565
1.02506
1.02449
1.02394
1.0234
1.02288
1.02238
1.02191
1.02145
1.02102
1.02062
1.02025
1.01991
1.0196
1.01932
1.01908
1.01888
1.01871
1.01858
1.01849
1.01845
1.01845
1.01849
1.01858
1.01871
1.01889
1.01911
1.01939
1.01971
1.02008
1.02049
1.02096
1.02147
1.02203
1.02263
1.02328
1.02398
1.02472
1.0255
1.02633
1.0272
1.02811
1.02906
1.03004
1.03106
1.03211
1.0332
1.03431
1.03546
1.03663
1.03782
1.03904
1.04028
1.04154
1.04281
1.0441
1.0454
1.04671
1.04803
1.04935
1.05068
1.05201
1.05334
1.05466
1.05598
1.0573
1.05861
1.0599
1.06118
1.06245
1.0637
1.06494
1.06615
1.06734
1.06851
1.06965
1.07077
1.07186
1.07291
1.07394
1.07493
1.07589
1.07682
1.0777
1.07855
1.07936
1.08013
1.08086
1.08154
1.08219
1.08279
1.08334
1.08385
1.08431
1.08473
1.08509
1.08541
1.08569
1.08591
1.08609
1.08622
1.0863
1.08633
1.08632
1.08626
1.08615
1.08599
1.08579
1.08555
1.08526
1.08492
1.08455
1.08413
1.08367
1.08317
1.08264
1.08207
1.08146
1.08082
1.08015
1.07945
1.07872
1.07797
1.07719
1.07638
1.07556
1.07472
1.07386
1.07299
1.0721
1.0712
1.0703
1.06939
1.06847
1.06755
1.06663
1.06571
1.06479
1.06388
1.06297
1.06207
1.06119
1.06031
1.05945
1.05861
1.05778
1.05697
1.05618
1.05542
1.05467
1.05395
1.05325
1.05258
1.05194
1.05132
1.05074
1.05018
1.04965
1.04916
1.0487
1.04827
1.04788
1.04752
1.0472
1.04691
1.04666
1.04645
1.04627
1.04613
1.04603
1.04596
1.04593
1.04594
1.04599
1.04608
1.04621
1.04637
1.04657
1.04681
1.04709
1.0474
1.04776
1.04815
1.04857
1.04903
1.04953
1.05007
1.05063
1.05124
1.05187
1.05254
1.05324
1.05398
1.05474
1.05553
1.05636
1.05721
1.05809
1.05899
1.05992
1.06088
1.06186
1.06286
1.06388
1.06492
1.06598
1.06706
1.06815
1.06926
1.07038
1.07152
1.07266
1.07382
1.07499
1.07616
1.07734
1.07853
1.07972
1.08091
1.0821
1.08329
1.08448
1.08567
1.08685
1.08803
1.0892
1.09036
1.09151
1.09265
1.09378
1.0949
1.096
1.09709
1.09816
1.09921
1.10025
1.10126
1.10225
1.10322
1.10417
1.10509
1.10599
1.10686
1.1077
1.10852
1.1093
1.11005
1.11077
1.11146
1.11212
1.11274
1.11332
1.11387
1.11437
1.11484
1.11527
1.11566
1.11601
1.11631
1.11657
1.11679
1.11696
1.11708
1.11716
1.11719
1.11717
1.11711
1.11699
1.11682
1.1166
1.11633
1.11601
1.11563
1.1152
1.11472
1.11419
1.1136
1.11296
1.11226
1.11152
1.11072
1.10986
1.10896
1.10801
1.107
1.10595
1.10484
1.10369
1.10249
1.10124
1.09995
1.09861
1.09723
1.09581
1.09436
1.09286
1.09134
1.08977
1.08818
1.08656
1.08491
1.08324
1.08155
1.07983
1.0781
1.07636
1.0746
1.07284
1.07107
1.06929
1.06751
1.06573
1.06396
1.06219
1.06042
1.05867
1.05692
1.05519
1.05348
1.05178
1.0501
1.04844
1.04681
1.04519
1.0436
1.04204
1.0405
1.03898
1.03749
1.03603
1.0346
1.0332
1.03182
1.03047
1.02915
1.02786
1.02659
1.02534
1.02413
1.02293
1.02176
1.02061
1.01948
1.01838
1.01729
1.01622
1.01516
1.01413
1.01311
1.0121
1.0111
1.01012
1.00915
1.0082
1.00725
1.00632
1.00539
1.00447
1.00357
1.00267
1.00179
1.00091
1.00005
0.999197
0.998355
0.997527
0.996712
0.995911
0.995126
0.994358
0.993608
0.992878
0.992169
0.991483
0.990821
0.990185
0.989575
0.988995
0.988445
0.987927
0.987443
0.986993
0.986578
0.986202
0.985864
0.985565
0.985308
0.985091
0.984915
0.984782
0.984692
0.984645
0.984641
0.984678
0.984756
0.984875
0.985033
0.985229
0.985462
0.985731
0.986033
0.986366
0.986729
0.987118
0.987531
0.987966
0.988419
0.988888
0.989369
0.98986
0.990357
0.990857
0.991356
0.991851
0.992339
0.992816
0.99328
0.993727
0.994155
0.99456
0.99494
0.995291
0.995612
0.9959
0.996154
0.996372
0.996551
0.996692
0.996793
0.996853
0.996872
0.996851
0.99679
0.996689
0.996549
0.996371
0.996158
0.995911
0.995633
0.995325
0.99499
0.994631
0.994252
0.993856
0.993447
0.993028
0.992602
0.992174
0.991748
0.991328
0.990916
0.990518
0.990137
0.989776
0.989439
0.98913
0.988852
0.988609
0.988402
0.988235
0.988109
0.988027
0.98799
0.987999
0.988057
0.988163
0.988319
0.988523
0.988777
0.989079
0.98943
0.989829
0.990274
0.990766
0.991302
0.991881
0.992502
0.993164
0.993866
0.994606
0.995384
0.996196
0.997043
0.997922
0.998833
0.999775
1.00075
1.00175
1.00277
1.00383
1.00491
1.00602
1.00715
1.0083
1.00948
1.01069
1.01192
1.01317
1.01444
1.01574
1.01705
1.01839
1.01976
1.02114
1.02254
1.02397
1.02541
1.02687
1.02835
1.02985
1.03136
1.03289
1.03443
1.03599
1.03756
1.03914
1.04072
1.04232
1.04391
1.04551
1.04711
1.04871
1.05031
1.0519
1.05348
1.05505
1.05661
1.05815
1.05968
1.06119
1.06267
1.06413
1.06556
1.06696
1.06833
1.06966
1.07096
1.07222
1.07343
1.07461
1.07574
1.07682
1.07785
1.07883
1.07976
1.08063
1.08145
1.08222
1.08292
1.08357
1.08416
1.0847
1.08517
1.08559
1.08595
1.08626
1.08651
1.0867
1.08685
1.08694
1.08698
1.08698
1.08694
1.08686
1.08673
1.08658
1.0864
1.08619
1.08597
1.08572
1.08547
1.08521
1.08495
1.08469
1.08445
1.08421
1.084
1.08381
1.08365
1.08353
1.08344
1.0834
1.0834
1.08345
1.08355
1.0837
1.08391
1.08417
1.08449
1.08487
1.0853
1.08578
1.08632
1.0869
1.08753
1.08819
1.0889
1.08964
1.0904
1.09119
1.09199
1.0928
1.09361
1.09441
1.09521
1.09599
1.09674
1.09746
1.09814
1.09878
1.09936
1.09989
1.10036
1.10075
1.10108
1.10132
1.10149
1.10156
1.10155
1.10145
1.10125
1.10095
1.10056
1.10006
1.09947
1.09877
1.09797
1.09707
1.09607
1.09497
1.09377
1.09248
1.0911
1.08963
1.08807
1.08642
1.0847
1.08291
1.08104
1.07911
1.07712
1.07507
1.07297
1.07083
1.06865
1.06644
1.06421
1.06195
1.05969
1.05742
1.05515
1.0529
1.05065
1.04843
1.04625
1.0441
1.04199
1.03993
1.03793
1.03599
1.03413
1.03233
1.03062
1.029
1.02746
1.02603
1.02469
1.02345
1.02233
1.02131
1.02041
1.01962
1.01894
1.01839
1.01795
1.01763
1.01742
1.01733
1.01736
1.0175
1.01775
1.01811
1.01857
1.01913
1.01979
1.02054
1.02138
1.02231
1.02331
1.02439
1.02554
1.02675
1.02801
1.02933
1.03069
1.0321
1.03353
1.035
1.03649
1.038
1.03952
1.04104
1.04257
1.0441
1.04562
1.04712
1.04861
1.05008
1.05153
1.05295
1.05434
1.05569
1.05701
1.05829
1.05953
1.06072
1.06187
1.06298
1.06404
1.06505
1.06601
1.06693
1.06779
1.06861
1.06938
1.0701
1.07077
1.07139
1.07197
1.07251
1.073
1.07345
1.07387
1.07424
1.07458
1.07488
1.07516
1.0754
1.07562
1.07581
1.07597
1.07612
1.07625
1.07636
1.07646
1.07655
1.07663
1.0767
1.07677
1.07684
1.07691
1.07698
1.07706
1.07714
1.07724
1.07734
1.07746
1.07759
1.07774
1.07791
1.07809
1.0783
1.07853
1.07878
1.07905
1.07934
1.07966
1.08001
1.08038
1.08077
1.08119
1.08163
1.08209
1.08257
1.08308
1.0836
1.08415
1.08471
1.08528
1.08586
1.08645
1.08705
1.08766
1.08826
1.08887
1.08947
1.09006
1.09064
1.09121
1.09175
1.09228
1.09278
1.09325
1.09369
1.0941
1.09446
1.09479
1.09506
1.0953
1.09548
1.09561
1.09568
1.0957
1.09566
1.09556
1.0954
1.09518
1.0949
1.09455
1.09414
1.09367
1.09315
1.09256
1.09191
1.09121
1.09045
1.08963
1.08877
1.08786
1.0869
1.0859
1.08486
1.08379
1.08268
1.08154
1.08038
1.0792
1.07799
1.07677
1.07554
1.07431
1.07306
1.07182
1.07058
1.06935
1.06813
1.06692
1.06572
1.06455
1.06339
1.06226
1.06116
1.06008
1.05904
1.05803
1.05705
1.05611
1.0552
1.05434
1.05351
1.05273
1.05198
1.05128
1.05062
1.05001
1.04943
1.0489
1.04841
1.04797
1.04757
1.04721
1.04689
1.04662
1.04639
1.0462
1.04606
1.04595
1.04589
1.04587
1.04589
1.04594
1.04604
1.04617
1.04635
1.04656
1.04681
1.04709
1.04742
1.04778
1.04817
1.0486
1.04907
1.04957
1.05011
1.05068
1.05129
1.05193
1.0526
1.05331
1.05405
1.05482
1.05562
1.05646
1.05732
1.05822
1.05914
1.06009
1.06107
1.06208
1.06311
1.06417
1.06526
1.06636
1.06749
1.06864
1.06981
1.07099
1.07219
1.07341
1.07464
1.07588
1.07713
1.07838
1.07965
1.08091
1.08218
1.08345
1.08472
1.08599
1.08725
1.0885
1.08974
1.09098
1.09219
1.09339
1.09458
1.09574
1.09689
1.09801
1.0991
1.10017
1.10121
1.10222
1.1032
1.10415
1.10506
1.10594
1.10678
1.10759
1.10836
1.1091
1.10979
1.11045
1.11107
1.11165
1.11219
1.1127
1.11317
1.1136
1.11399
1.11435
1.11468
1.11498
1.11524
1.11548
1.11568
1.11586
1.11602
1.11615
1.11627
1.11636
1.11644
1.11651
1.11657
1.11662
1.11666
1.1167
1.11673
1.11677
1.11681
1.11686
1.11691
1.11698
1.11706
1.11714
1.11725
1.11737
1.11751
1.11766
1.11784
1.11803
1.11825
1.11848
1.11874
1.11901
1.11931
1.11962
1.11995
1.12029
1.12065
1.12103
1.12141
1.12181
1.12221
1.12263
1.12304
1.12346
1.12389
1.12431
1.12473
1.12514
1.12554
1.12594
1.12633
1.1267
1.12706
1.1274
1.12773
1.12803
1.12832
1.12858
1.12883
1.12904
1.12924
1.12941
1.12955
1.12967
1.12976
1.12982
1.12986
1.12987
1.12986
1.12981
1.12974
1.12965
1.12953
1.12938
1.12921
1.12901
1.12879
1.12855
1.12828
1.12799
1.12768
1.12734
1.12698
1.12661
1.12621
1.12579
1.12535
1.12489
1.12441
1.12391
1.12339
1.12285
1.12229
1.12172
1.12112
1.12051
1.11987
1.11922
1.11855
1.11786
1.11715
1.11643
1.11568
1.11492
1.11414
1.11335
1.11254
1.11171
1.11086
1.11
1.10912
1.10823
1.10732
1.1064
1.10547
1.10453
1.10357
1.10261
1.10163
1.10065
1.09965
1.09866
1.09765
1.09664
1.09563
1.09461
1.0936
1.09258
1.09156
1.09055
1.08954
1.08853
1.08753
1.08654
1.08555
1.08458
1.08362
1.08266
1.08173
1.0808
1.0799
1.07901
1.07814
1.07728
1.07645
1.07564
1.07485
1.07408
1.07334
1.07262
1.07192
1.07125
1.07061
1.07
1.06941
1.06886
1.06833
1.06783
1.06735
1.06691
1.0665
1.06611
1.06576
1.06544
1.06514
1.06488
1.06464
1.06443
1.06425
1.0641
1.06398
1.06389
1.06382
1.06378
1.06377
1.06378
1.06381
1.06387
1.06395
1.06406
1.06419
1.06434
1.0645
1.06469
1.06489
1.06511
1.06535
1.0656
1.06587
1.06614
1.06643
1.06673
1.06703
1.06735
1.06767
1.06799
1.06832
1.06865
1.06898
1.06931
1.06964
1.06997
1.07029
1.07061
1.07092
1.07123
1.07152
1.0718
1.07207
1.07233
1.07257
1.0728
1.073
1.0732
1.07336
1.07351
1.07364
1.07374
1.07381
1.07386
1.07388
1.07387
1.07383
1.07376
1.07365
1.07351
1.07333
1.07312
1.07286
1.07257
1.07224
1.07187
1.07145
1.071
1.0705
1.06995
1.06936
1.06873
1.06805
1.06732
1.06655
1.06573
1.06487
1.06396
1.06301
1.06202
1.06098
1.0599
1.05878
1.05763
1.05644
1.05522
1.05396
1.05268
1.05137
1.05004
1.0487
1.04734
1.04597
1.04459
1.04322
1.04185
1.04049
1.03915
1.03782
1.03653
1.03526
1.03404
1.03286
1.03173
1.03066
1.02965
1.0287
1.02784
1.02705
1.02634
1.02573
1.0252
1.02477
1.02445
1.02422
1.0241
1.02409
1.02418
1.02438
1.02469
1.0251
1.02562
1.02624
1.02695
1.02776
1.02867
1.02965
1.03072
1.03187
1.03309
1.03437
1.03571
1.03711
1.03855
1.04003
1.04155
1.04309
1.04466
1.04624
1.04783
1.04942
1.05101
1.0526
1.05417
1.05573
1.05726
1.05877
1.06024
1.06169
1.06309
1.06446
1.06578
1.06705
1.06827
1.06945
1.07056
1.07163
1.07263
1.07358
1.07447
1.0753
1.07606
1.07677
1.07741
1.07798
1.07849
1.07894
1.07931
1.07963
1.07988
1.08006
1.08018
1.08023
1.08022
1.08014
1.08
1.07979
1.07953
1.0792
1.0788
1.07835
1.07784
1.07727
1.07664
1.07595
1.07521
1.07441
1.07356
1.07266
1.07171
1.07071
1.06967
1.06858
1.06744
1.06627
1.06506
1.06382
1.06254
1.06123
1.05989
1.05852
1.05714
1.05573
1.05431
1.05287
1.05142
1.04996
1.0485
1.04704
1.04558
1.04413
1.04269
1.04126
1.03985
1.03846
1.03709
1.03575
1.03445
1.03318
1.03194
1.03075
1.02961
1.02851
1.02747
1.02648
1.02555
1.02468
1.02388
1.02314
1.02247
1.02187
1.02134
1.02088
1.0205
1.02019
1.01997
1.01982
1.01975
1.01976
1.01985
1.02001
1.02026
1.02058
1.02098
1.02146
1.02201
1.02264
1.02334
1.02411
1.02495
1.02585
1.02682
1.02786
1.02895
1.0301
1.03131
1.03257
1.03388
1.03523
1.03664
1.03809
1.03958
1.04111
1.04267
1.04427
1.0459
1.04756
1.04925
1.05097
1.0527
1.05446
1.05623
1.05803
1.05983
1.06166
1.06349
1.06533
1.06719
1.06905
1.07091
1.07278
1.07466
1.07653
1.07841
1.08028
1.08215
1.08402
1.08589
1.08775
1.0896
1.09145
1.09329
1.09512
1.09693
1.09874
1.10053
1.10231
1.10408
1.10583
1.10756
1.10927
1.11096
1.11263
1.11428
1.11591
1.11751
1.11908
1.12063
1.12215
1.12364
1.1251
1.12653
1.12792
1.12927
1.13059
1.13187
1.13311
1.1343
1.13546
1.13657
1.13763
1.13864
1.13961
1.14053
1.14139
1.14221
1.14297
1.14367
1.14432
1.14492
1.14545
1.14594
1.14636
1.14672
1.14703
1.14728
1.14747
1.1476
1.14768
1.14771
1.14768
1.14759
1.14746
1.14727
1.14704
1.14677
1.14645
1.14609
1.14569
1.14526
1.14479
1.1443
1.14378
1.14324
1.14269
1.14212
1.14154
1.14095
1.14036
1.13976
1.13918
1.1386
1.13803
1.13747
1.13692
1.1364
1.1359
1.13542
1.13496
1.13452
1.13412
1.13374
1.13338
1.13305
1.13275
1.13247
1.13222
1.13199
1.13178
1.13159
1.13141
1.13125
1.1311
1.13095
1.13081
1.13068
1.13054
1.13039
1.13024
1.13007
1.12989
1.12969
1.12947
1.12922
1.12894
1.12863
1.12828
1.1279
1.12748
1.12701
1.1265
1.12594
1.12533
1.12468
1.12397
1.12321
1.12239
1.12152
1.1206
1.11961
1.11858
1.11748
1.11633
1.11512
1.11386
1.11254
1.11117
1.10975
1.10827
1.10674
1.10517
1.10354
1.10187
1.10015
1.09839
1.09659
1.09474
1.09286
1.09095
1.089
1.08702
1.08501
1.08298
1.08092
1.07884
1.07674
1.07462
1.07249
1.07034
1.06819
1.06603
1.06387
1.06171
1.05955
1.05739
1.05523
1.05309
1.05095
1.04883
1.04672
1.04463
1.04256
1.04051
1.03849
1.03649
1.03452
1.03257
1.03066
1.02878
1.02693
1.02511
1.02333
1.02159
1.01989
1.01822
1.01659
1.015
1.01345
1.01195
1.01048
1.00905
1.00767
1.00632
1.00502
1.00376
1.00254
1.00135
1.00021
0.999107
0.99804
0.997011
0.996018
0.99506
0.994136
0.993246
0.992387
0.99156
0.990761
0.989992
0.989249
0.988532
0.987839
0.987168
0.98652
0.985891
0.98528
0.984685
0.984105
0.983539
0.982984
0.98244
0.981905
0.981376
0.980854
0.980336
0.979822
0.979309
0.978797
0.978284
0.977769
0.977252
0.97673
0.976204
0.975672
0.975133
0.974588
0.974035
0.973474
0.972906
0.97233
0.971746
0.971157
0.970561
0.969959
0.969353
0.968743
0.968132
0.967521
0.966912
0.966308
0.965712
0.965125
0.964551
0.963994
0.963456
0.962943
0.962457
0.962003
0.961585
0.961208
0.960875
0.960591
0.960362
0.960191
0.960083
0.960042
0.960073
0.96018
0.960366
0.960635
0.96099
0.961434
0.961969
0.962596
0.963318
0.964135
0.965047
0.966054
0.967156
0.968352
0.96964
0.971018
0.972483
0.974034
0.975666
0.977378
0.979164
0.981021
0.982945
0.98493
0.986972
0.989066
0.991208
0.993392
0.995615
0.99787
1.00015
1.00246
1.00479
1.00714
1.00949
1.01186
1.01423
1.0166
1.01897
1.02133
1.02369
1.02604
1.02838
1.0307
1.03301
1.0353
1.03757
1.03982
1.04206
1.04426
1.04645
1.04861
1.05075
1.05286
1.05495
1.05701
1.05904
1.06105
1.06303
1.06499
1.06691
1.06881
1.07069
1.07253
1.07435
1.07615
1.07791
1.07965
1.08136
1.08304
1.0847
1.08633
1.08793
1.0895
1.09105
1.09257
1.09407
1.09554
1.09698
1.09839
1.09978
1.10114
1.10247
1.10377
1.10505
1.1063
1.10752
1.10871
1.10988
1.11102
1.11213
1.11322
1.11427
1.1153
1.1163
1.11727
1.11821
1.11912
1.12
1.12085
1.12167
1.12247
1.12323
1.12396
1.12467
1.12534
1.12598
1.1266
1.12718
1.12773
1.12826
1.12875
1.12921
1.12965
1.13005
1.13042
1.13076
1.13107
1.13135
1.1316
1.13182
1.13201
1.13217
1.1323
1.1324
1.13247
1.13251
1.13252
1.1325
1.13245
1.13238
1.13227
1.13213
1.13197
1.13178
1.13156
1.13131
1.13104
1.13074
1.13041
1.13006
1.12968
1.12927
1.12884
1.12839
1.12791
1.1274
1.12688
1.12633
1.12577
1.12518
1.12457
1.12395
1.1233
1.12264
1.12197
1.12127
1.12057
1.11985
1.11912
1.11837
1.11762
1.11686
1.11609
1.11531
1.11453
1.11374
1.11295
1.11216
1.11137
1.11057
1.10978
1.10899
1.10821
1.10742
1.10665
1.10588
1.10511
1.10436
1.10361
1.10287
1.10214
1.10142
1.10072
1.10002
1.09934
1.09866
1.098
1.09735
1.09671
1.09609
1.09548
1.09487
1.09428
1.0937
1.09313
1.09256
1.09201
1.09146
1.09091
1.09038
1.08984
1.08931
1.08878
1.08826
1.08773
1.0872
1.08666
1.08612
1.08558
1.08503
1.08447
1.0839
1.08332
1.08272
1.08212
1.0815
1.08086
1.08021
1.07954
1.07885
1.07814
1.07741
1.07666
1.07589
1.0751
1.07429
1.07345
1.07259
1.07171
1.0708
1.06988
1.06892
1.06795
1.06695
1.06593
1.06489
1.06382
1.06273
1.06162
1.06049
1.05934
1.05817
1.05698
1.05577
1.05454
1.0533
1.05203
1.05075
1.04946
1.04815
1.04682
1.04548
1.04412
1.04275
1.04137
1.03998
1.03857
1.03715
1.03573
1.03429
1.03284
1.03137
1.0299
1.02843
1.02694
1.02544
1.02393
1.02242
1.0209
1.01937
1.01783
1.01629
1.01474
1.01319
1.01163
1.01006
1.00849
1.00691
1.00534
1.00376
1.00217
1.00059
0.999007
0.997425
0.995845
0.994268
0.992696
0.991131
0.989574
0.988028
0.986492
0.984971
0.983465
0.981978
0.980512
0.979069
0.977651
0.976262
0.974905
0.973581
0.972295
0.971048
0.969844
0.968685
0.967575
0.966517
0.965513
0.964567
0.963682
0.962861
0.962106
0.961419
0.960804
0.960262
0.959795
0.959405
0.959094
0.958864
0.958715
0.958648
0.958666
0.958768
0.958955
0.959226
0.959581
0.96002
0.960542
0.961145
0.96183
0.962594
0.963436
0.964355
0.965349
0.966415
0.967551
0.968755
0.970024
0.971356
0.972748
0.974198
0.975703
0.977259
0.978866
0.980519
0.982216
0.983954
0.985731
0.987543
0.989389
0.991265
0.99317
0.995101
0.997055
0.99903
1.00102
1.00304
1.00506
1.0071
1.00915
1.01121
1.01328
1.01536
1.01744
1.01952
1.02161
1.0237
1.02578
1.02787
1.02995
1.03203
1.03411
1.03618
1.03824
1.0403
1.04235
1.04439
1.04642
1.04844
1.05044
1.05244
1.05442
1.05639
1.05834
1.06028
1.0622
1.0641
1.06599
1.06785
1.0697
1.07152
1.07332
1.0751
1.07685
1.07858
1.08029
1.08197
1.08362
1.08524
1.08683
1.08838
1.08991
1.0914
1.09286
1.09429
1.09567
1.09702
1.09834
1.09961
1.10085
1.10204
1.10319
1.1043
1.10537
1.10639
1.10736
1.10829
1.10917
1.11
1.11079
1.11152
1.11221
1.11284
1.11342
1.11395
1.11443
1.11486
1.11524
1.11556
1.11583
1.11604
1.11621
1.11632
1.11637
1.11637
1.11632
1.11622
1.11607
1.11586
1.1156
1.11528
1.11492
1.1145
1.11404
1.11352
1.11296
1.11235
1.11168
1.11098
1.11022
1.10942
1.10857
1.10768
1.10675
1.10578
1.10476
1.10371
1.10262
1.10149
1.10032
1.09912
1.09789
1.09662
1.09533
1.094
1.09265
1.09126
1.08986
1.08843
1.08698
1.08551
1.08401
1.08251
1.08098
1.07944
1.07789
1.07633
1.07476
1.07318
1.07159
1.07
1.06841
1.06681
1.06522
1.06363
1.06204
1.06046
1.05888
1.05731
1.05575
1.0542
1.05266
1.05114
1.04963
1.04813
1.04666
1.0452
1.04376
1.04235
1.04095
1.03958
1.03823
1.0369
1.0356
1.03433
1.03308
1.03186
1.03066
1.0295
1.02836
1.02725
1.02617
1.02511
1.02409
1.0231
1.02214
1.0212
1.0203
1.01943
1.01858
1.01777
1.01699
1.01623
1.01551
1.01482
1.01415
1.01352
1.01292
1.01235
1.01181
1.01129
1.01081
1.01036
1.00994
1.00955
1.00919
1.00886
1.00857
1.0083
1.00806
1.00785
1.00768
1.00753
1.00742
1.00733
1.00728
1.00725
1.00726
1.00729
1.00735
1.00744
1.00756
1.0077
1.00787
1.00807
1.00829
1.00853
1.0088
1.00908
1.00939
1.00971
1.01005
1.01041
1.01078
1.01116
1.01155
1.01194
1.01234
1.01275
1.01315
1.01355
1.01395
1.01434
1.01473
1.0151
1.01546
1.0158
1.01612
1.01642
1.0167
1.01695
1.01717
1.01736
1.01752
1.01764
1.01773
1.01778
1.01778
1.01774
1.01766
1.01754
1.01737
1.01715
1.01688
1.01657
1.01621
1.0158
1.01534
1.01483
1.01428
1.01368
1.01303
1.01234
1.01161
1.01084
1.01003
1.00918
1.0083
1.00738
1.00644
1.00547
1.00448
1.00347
1.00244
1.0014
1.00035
0.999292
0.998232
0.997173
0.996118
0.995071
0.994035
0.993014
0.992012
0.991031
0.990076
0.989148
0.988252
0.98739
0.986565
0.985778
0.985031
0.984328
0.983669
0.983057
0.982493
0.981978
0.981513
0.981098
0.980734
0.980422
0.980162
0.979954
0.979798
0.979693
0.979638
0.979632
0.979675
0.979767
0.979905
0.980088
0.980315
0.980583
0.980893
0.981241
0.981626
0.982048
0.982504
0.982992
0.983511
0.984058
0.984632
0.985231
0.985852
0.986492
0.987151
0.987826
0.988516
0.989219
0.989932
0.990653
0.991382
0.992117
0.992856
0.993596
0.994337
0.995078
0.995818
0.996554
0.997287
0.998013
0.998733
0.999445
1.00015
1.00084
1.00152
1.0022
1.00286
1.0035
1.00414
1.00476
1.00537
1.00597
1.00655
1.00712
1.00767
1.00821
1.00874
1.00925
1.00975
1.01024
1.01072
1.01118
1.01163
1.01207
1.0125
1.01292
1.01333
1.01373
1.01412
1.0145
1.01488
1.01524
1.0156
1.01595
1.0163
1.01663
1.01697
1.01729
1.01761
1.01793
1.01823
1.01853
1.01883
1.01912
1.0194
1.01967
1.01993
1.02019
1.02044
1.02067
1.0209
1.02111
1.02131
1.0215
1.02167
1.02183
1.02197
1.02209
1.0222
1.02228
1.02234
1.02238
1.0224
1.02239
1.02236
1.0223
1.02222
1.0221
1.02196
1.02178
1.02158
1.02134
1.02107
1.02077
1.02044
1.02008
1.01968
1.01925
1.01879
1.01829
1.01777
1.01721
1.01663
1.01602
1.01538
1.01471
1.01402
1.01331
1.01258
1.01183
1.01106
1.01028
1.00949
1.00868
1.00787
1.00706
1.00624
1.00543
1.00462
1.00382
1.00303
1.00226
1.00151
1.00077
1.00006
0.999385
0.998735
0.99812
0.997542
0.997004
0.996509
0.996058
0.995655
0.995302
0.995001
0.994753
0.99456
0.994424
0.994346
0.994327
0.994366
0.994466
0.994625
0.994844
0.995122
0.995459
0.995853
0.996304
0.996809
0.997369
0.99798
0.998642
0.999353
1.00011
1.00091
1.00175
1.00262
1.00353
1.00448
1.00545
1.00645
1.00748
1.00852
1.00958
1.01066
1.01175
1.01285
1.01396
1.01507
1.01618
1.01729
1.01839
1.01949
1.02058
1.02167
1.02274
1.02379
1.02484
1.02586
1.02687
1.02786
1.02884
1.02979
1.03072
1.03163
1.03252
1.03339
1.03424
1.03506
1.03587
1.03665
1.03741
1.03816
1.03888
1.03958
1.04026
1.04093
1.04158
1.04221
1.04283
1.04343
1.04401
1.04458
1.04513
1.04567
1.0462
1.04671
1.04721
1.04769
1.04816
1.04862
1.04906
1.04949
1.0499
1.05029
1.05067
1.05103
1.05137
1.05168
1.05198
1.05225
1.0525
1.05273
1.05293
1.05309
1.05323
1.05334
1.05342
1.05347
1.05348
1.05345
1.05339
1.0533
1.05316
1.05299
1.05278
1.05253
1.05224
1.05192
1.05155
1.05115
1.05071
1.05023
1.04972
1.04917
1.04859
1.04797
1.04733
1.04665
1.04595
1.04522
1.04446
1.04368
1.04288
1.04206
1.04123
1.04038
1.03951
1.03864
1.03776
1.03687
1.03597
1.03508
1.03418
1.03329
1.0324
1.03151
1.03064
1.02977
1.02892
1.02807
1.02725
1.02643
1.02564
1.02486
1.0241
1.02337
1.02265
1.02196
1.02129
1.02065
1.02003
1.01943
1.01886
1.01832
1.0178
1.01731
1.01685
1.01641
1.016
1.01561
1.01525
1.01491
1.0146
1.01431
1.01405
1.01381
1.01359
1.01339
1.01321
1.01306
1.01292
1.0128
1.01269
1.0126
1.01253
1.01247
1.01242
1.01238
1.01235
1.01234
1.01233
1.01232
1.01232
1.01233
1.01234
1.01235
1.01237
1.01239
1.0124
1.01241
1.01243
1.01243
1.01244
1.01244
1.01244
1.01243
1.01241
1.01239
1.01236
1.01232
1.01228
1.01222
1.01216
1.01209
1.01201
1.01193
1.01183
1.01173
1.01162
1.0115
1.01137
1.01124
1.01109
1.01094
1.01079
1.01062
1.01045
1.01028
1.01009
1.00991
1.00972
1.00952
1.00932
1.00912
1.00892
1.00871
1.00851
1.0083
1.00809
1.00789
1.00769
1.00749
1.00729
1.0071
1.00692
1.00674
1.00657
1.0064
1.00625
1.0061
1.00597
1.00584
1.00573
1.00563
1.00555
1.00549
1.00544
1.0054
1.00539
1.00539
1.00542
1.00547
1.00554
1.00564
1.00576
1.0059
1.00608
1.00628
1.00651
1.00677
1.00706
1.00739
1.00774
1.00813
1.00856
1.00902
1.00951
1.01005
1.01062
1.01122
1.01187
1.01255
1.01328
1.01404
1.01484
1.01568
1.01656
1.01748
1.01844
1.01944
1.02048
1.02156
1.02268
1.02383
1.02503
1.02627
1.02754
1.02885
1.0302
1.03158
1.03299
1.03444
1.03592
1.03744
1.03898
1.04055
1.04215
1.04378
1.04543
1.04711
1.04881
1.05053
1.05227
1.05402
1.05579
1.05758
1.05938
1.06118
1.063
1.06483
1.06666
1.06849
1.07033
1.07217
1.07401
1.07584
1.07768
1.07951
1.08133
1.08314
1.08495
1.08675
1.08854
1.09031
1.09208
1.09383
1.09556
1.09729
1.099
1.10069
1.10237
1.10404
1.10569
1.10732
1.10894
1.11055
1.11214
1.11371
1.11527
1.11682
1.11836
1.11988
1.12138
1.12288
1.12436
1.12584
1.1273
1.12875
1.13019
1.13162
1.13304
1.13445
1.13586
1.13726
1.13865
1.14003
1.14141
1.14278
1.14414
1.1455
1.14685
1.14819
1.14953
1.15086
1.15218
1.1535
1.15481
1.15611
1.1574
1.15868
1.15996
1.16122
1.16247
1.16371
1.16494
1.16616
1.16736
1.16854
1.16971
1.17086
1.17199
1.17311
1.1742
1.17527
1.17632
1.17734
1.17834
1.17931
1.18025
1.18117
1.18205
1.18291
1.18373
1.18451
1.18526
1.18598
1.18666
1.1873
1.1879
1.18846
1.18898
1.18946
1.1899
1.1903
1.19065
1.19095
1.19121
1.19142
1.19159
1.19171
1.19179
1.19181
1.19179
1.19172
1.19161
1.19144
1.19123
1.19097
1.19066
1.1903
1.1899
1.18945
1.18895
1.18841
1.18782
1.18719
1.18652
1.1858
1.18504
1.18424
1.18339
1.18251
1.18159
1.18063
1.17964
1.17861
1.17755
1.17646
1.17533
1.17418
1.173
1.17179
1.17056
1.1693
1.16803
1.16673
1.16542
1.16409
1.16274
1.16138
1.16001
1.15863
1.15725
1.15585
1.15445
1.15305
1.15165
1.15025
1.14885
1.14745
1.14606
1.14467
1.14329
1.14192
1.14055
1.13921
1.13787
1.13655
1.13524
1.13395
1.13267
1.13142
1.13018
1.12896
1.12777
1.12659
1.12544
1.12431
1.12321
1.12213
1.12107
1.12004
1.11903
1.11805
1.1171
1.11617
1.11527
1.11439
1.11355
1.11273
1.11194
1.11117
1.11043
1.10972
1.10904
1.10839
1.10776
1.10716
1.10659
1.10605
1.10554
1.10505
1.10459
1.10416
1.10376
1.10339
1.10304
1.10272
1.10243
1.10217
1.10193
1.10172
1.10154
1.10139
1.10126
1.10116
1.10108
1.10103
1.10101
1.10101
1.10103
1.10108
1.10116
1.10125
1.10137
1.10151
1.10167
1.10185
1.10205
1.10227
1.1025
1.10275
1.10301
1.10329
1.10357
1.10387
1.10417
1.10448
1.10479
1.1051
1.10542
1.10573
1.10604
1.10635
1.10665
1.10694
1.10722
1.10749
1.10774
1.10797
1.10819
1.10838
1.10855
1.10869
1.10881
1.1089
1.10896
1.10898
1.10898
1.10893
1.10886
1.10874
1.10858
1.10839
1.10815
1.10787
1.10755
1.10718
1.10677
1.10631
1.10581
1.10526
1.10467
1.10404
1.10336
1.10263
1.10186
1.10105
1.1002
1.09931
1.09837
1.0974
1.09639
1.09534
1.09426
1.09315
1.092
1.09083
1.08963
1.0884
1.08715
1.08588
1.0846
1.08329
1.08197
1.08064
1.07931
1.07796
1.07661
1.07526
1.07391
1.07256
1.07122
1.06989
1.06856
1.06725
1.06596
1.06468
1.06342
1.06219
1.06097
1.05979
1.05863
1.0575
1.0564
1.05533
1.0543
1.05331
1.05235
1.05144
1.05056
1.04972
1.04893
1.04818
1.04748
1.04682
1.04621
1.04564
1.04512
1.04465
1.04423
1.04385
1.04352
1.04324
1.04301
1.04283
1.04269
1.04261
1.04256
1.04257
1.04262
1.04272
1.04286
1.04304
1.04327
1.04354
1.04385
1.04419
1.04458
1.045
1.04546
1.04595
1.04648
1.04703
1.04762
1.04824
1.04888
1.04954
1.05023
1.05095
1.05168
1.05243
1.0532
1.05399
1.05479
1.0556
1.05643
1.05726
1.0581
1.05895
1.0598
1.06065
1.06151
1.06237
1.06322
1.06407
1.06492
1.06577
1.06661
1.06744
1.06827
1.06908
1.06989
1.07068
1.07146
1.07223
1.07299
1.07373
1.07446
1.07517
1.07587
1.07656
1.07722
1.07787
1.07851
1.07913
1.07973
1.08032
1.08089
1.08144
1.08198
1.08251
1.08302
1.08351
1.08399
1.08446
1.08491
1.08535
1.08578
1.0862
1.0866
1.087
1.08738
1.08776
1.08813
1.08849
1.08884
1.08919
1.08953
1.08987
1.0902
1.09053
1.09085
1.09117
1.09149
1.09181
1.09212
1.09244
1.09275
1.09306
1.09337
1.09369
1.094
1.09431
1.09463
1.09494
1.09526
1.09558
1.0959
1.09622
1.09654
1.09687
1.0972
1.09753
1.09787
1.09821
1.09855
1.09889
1.09924
1.09959
1.09995
1.10031
1.10067
1.10104
1.10142
1.1018
1.10219
1.10258
1.10298
1.10339
1.1038
1.10422
1.10465
1.10509
1.10553
1.10598
1.10645
1.10691
1.10739
1.10788
1.10837
1.10888
1.10939
1.10991
1.11043
1.11097
1.11151
1.11206
1.11262
1.11318
1.11374
1.11431
1.11489
1.11546
1.11604
1.11662
1.1172
1.11778
1.11836
1.11893
1.11949
1.12006
1.12061
1.12115
1.12169
1.12222
1.12273
1.12323
1.12371
1.12418
1.12463
1.12506
1.12547
1.12585
1.12621
1.12655
1.12686
1.12715
1.1274
1.12763
1.12782
1.12798
1.12811
1.1282
1.12826
1.12828
1.12826
1.1282
1.12811
1.12797
1.12779
1.12757
1.12731
1.127
1.12665
1.12625
1.12581
1.12533
1.12479
1.12421
1.12358
1.12291
1.12219
1.12141
1.1206
1.11973
1.11882
1.11786
1.11685
1.11579
1.11469
1.11354
1.11235
1.1111
1.10982
1.10849
1.10711
1.10569
1.10423
1.10273
1.10118
1.0996
1.09797
1.09631
1.09461
1.09288
1.09111
1.08931
1.08748
1.08562
1.08373
1.08181
1.07987
1.07791
1.07592
1.07391
1.07189
1.06984
1.06779
1.06572
1.06364
1.06156
1.05947
1.05737
1.05528
1.05318
1.05109
1.04901
1.04693
1.04487
1.04282
1.04078
1.03877
1.03677
1.0348
1.03285
1.03093
1.02905
1.02719
1.02537
1.02359
1.02185
1.02015
1.0185
1.01689
1.01533
1.01382
1.01237
1.01097
1.00962
1.00834
1.00711
1.00595
1.00485
1.00381
1.00284
1.00193
1.00109
1.00032
0.999622
0.998991
0.998429
0.997938
0.997516
0.997166
0.996885
0.996675
0.996535
0.996464
0.996463
0.996529
0.996663
0.996863
0.997129
0.997459
0.997854
0.99831
0.998826
0.999402
1.00003
1.00072
1.00147
1.00226
1.00311
1.004
1.00494
1.00593
1.00696
1.00803
1.00914
1.01029
1.01147
1.01269
1.01394
1.01522
1.01653
1.01786
1.01922
1.02061
1.02201
1.02344
1.02488
1.02634
1.02781
1.0293
1.0308
1.03231
1.03382
1.03534
1.03687
1.0384
1.03994
1.04147
1.043
1.04453
1.04605
1.04757
1.04908
1.05058
1.05207
1.05355
1.05501
1.05645
1.05788
1.05928
1.06067
1.06203
1.06337
1.06468
1.06596
1.06721
1.06843
1.06962
1.07078
1.0719
1.07298
1.07403
1.07504
1.07601
1.07693
1.07782
1.07866
1.07947
1.08023
1.08094
1.08161
1.08224
1.08282
1.08336
1.08385
1.0843
1.08471
1.08507
1.08538
1.08566
1.08588
1.08607
1.08622
1.08632
1.08639
1.08642
1.08641
1.08636
1.08628
1.08616
1.08601
1.08582
1.08561
1.08536
1.08509
1.08479
1.08446
1.08411
1.08373
1.08333
1.08291
1.08247
1.08201
1.08153
1.08104
1.08053
1.08
1.07947
1.07892
1.07836
1.07779
1.07721
1.07662
1.07603
1.07542
1.07481
1.07419
1.07357
1.07295
1.07232
1.07169
1.07105
1.07041
1.06977
1.06914
1.06849
1.06785
1.06721
1.06657
1.06592
1.06528
1.06463
1.06399
1.06334
1.0627
1.06205
1.06141
1.06076
1.06011
1.05945
1.0588
1.05814
1.05748
1.05681
1.05615
1.05547
1.05479
1.05411
1.05342
1.05273
1.05202
1.05131
1.05059
1.04987
1.04913
1.04839
1.04763
1.04687
1.04609
1.04531
1.04452
1.04371
1.0429
1.04207
1.04124
1.04039
1.03954
1.03867
1.0378
1.03692
1.03604
1.03514
1.03424
1.03334
1.03243
1.03152
1.03061
1.0297
1.02879
1.02788
1.02698
1.02608
1.02519
1.0243
1.02343
1.02257
1.02172
1.02088
1.02006
1.01925
1.01847
1.0177
1.01695
1.01622
1.01551
1.01483
1.01417
1.01353
1.01291
1.01232
1.01175
1.0112
1.01068
1.01018
1.0097
1.00924
1.0088
1.00838
1.00797
1.00758
1.00721
1.00685
1.0065
1.00616
1.00583
1.00551
1.0052
1.00488
1.00457
1.00426
1.00395
1.00364
1.00333
1.00301
1.00269
1.00236
1.00203
1.00169
1.00134
1.00098
1.00062
1.00025
0.99987
0.999483
0.99909
0.99869
0.998284
0.997873
0.997458
0.997039
0.996619
0.996197
0.995777
0.995358
0.994942
0.994532
0.994127
0.993729
0.993341
0.992965
0.9926
0.99225
0.991917
0.9916
0.991303
0.991028
0.990775
0.990546
0.990343
0.990167
0.990019
0.9899
0.989812
0.989754
0.98973
0.989738
0.989781
0.989858
0.989969
0.990116
0.990299
0.990518
0.990772
0.991063
0.99139
0.991754
0.992153
0.992587
0.993056
0.993558
0.994093
0.994659
0.995256
0.995882
0.996536
0.997217
0.997923
0.998653
0.999404
1.00018
1.00097
1.00177
1.0026
1.00343
1.00428
1.00514
1.00601
1.00688
1.00775
1.00863
1.00951
1.0104
1.01128
1.01215
1.01303
1.01389
1.01476
1.01561
1.01646
1.0173
1.01813
1.01895
1.01976
1.02057
1.02136
1.02215
1.02292
1.02369
1.02446
1.02521
1.02596
1.02671
1.02745
1.02819
1.02892
1.02966
1.0304
1.03114
1.03188
1.03263
1.03339
1.03416
1.03493
1.03572
1.03652
1.03733
1.03817
1.03902
1.03988
1.04077
1.04169
1.04262
1.04358
1.04457
1.04559
1.04663
1.0477
1.0488
1.04993
1.05109
1.05228
1.05351
1.05477
1.05606
1.05738
1.05874
1.06012
1.06155
1.063
1.06448
1.066
1.06754
1.06912
1.07072
1.07235
1.074
1.07568
1.07738
1.07911
1.08086
1.08262
1.0844
1.0862
1.08801
1.08984
1.09167
1.09351
1.09535
1.0972
1.09905
1.1009
1.10275
1.10459
1.10642
1.10824
1.11005
1.11185
1.11363
1.1154
1.11714
1.11886
1.12056
1.12224
1.12388
1.1255
1.12708
1.12864
1.13016
1.13164
1.13309
1.1345
1.13587
1.13721
1.1385
1.13975
1.14095
1.14212
1.14323
1.14431
1.14534
1.14632
1.14726
1.14815
1.149
1.14981
1.15056
1.15127
1.15194
1.15256
1.15314
1.15367
1.15416
1.1546
1.155
1.15536
1.15567
1.15594
1.15617
1.15635
1.15649
1.1566
1.15665
1.15667
1.15665
1.15658
1.15647
1.15632
1.15613
1.15589
1.15561
1.15529
1.15492
1.15452
1.15406
1.15356
1.15302
1.15243
1.1518
1.15112
1.1504
1.14963
1.14881
1.14795
1.14704
1.14608
1.14508
1.14404
1.14295
1.14182
1.14064
1.13943
1.13817
1.13687
1.13554
1.13417
1.13277
1.13134
1.12988
1.12839
1.12688
1.12534
1.12379
1.12223
1.12065
1.11907
1.11749
1.1159
1.11432
1.11275
1.11119
1.10964
1.10812
1.10663
1.10516
1.10373
1.10234
1.10099
1.09969
1.09844
1.09724
1.09611
1.09503
1.09403
1.09309
1.09223
1.09144
1.09073
1.0901
1.08955
1.08909
1.08871
1.08842
1.08822
1.0881
1.08807
1.08813
1.08828
1.08851
1.08883
1.08923
1.08972
1.09028
1.09093
1.09164
1.09243
1.09329
1.09422
1.0952
1.09625
1.09735
1.09851
1.09971
1.10095
1.10223
1.10355
1.1049
1.10627
1.10767
1.10909
1.11052
1.11196
1.11341
1.11486
1.11631
1.11775
1.11918
1.12059
1.12199
1.12338
1.12473
1.12606
1.12737
1.12864
1.12987
1.13107
1.13223
1.13335
1.13442
1.13545
1.13644
1.13737
1.13826
1.1391
1.13988
1.14062
1.1413
1.14192
1.14249
1.14301
1.14347
1.14387
1.14421
1.14451
1.14474
1.14492
1.14504
1.14511
1.14512
1.14507
1.14497
1.14482
1.14461
1.14434
1.14402
1.14365
1.14323
1.14275
1.14223
1.14165
1.14102
1.14034
1.13962
1.13884
1.13802
1.13715
1.13623
1.13527
1.13426
1.1332
1.1321
1.13095
1.12976
1.12852
1.12724
1.12592
1.12455
1.12314
1.12169
1.12019
1.11865
1.11707
1.11544
1.11377
1.11206
1.1103
1.1085
1.10666
1.10478
1.10285
1.10089
1.09887
1.09682
1.09472
1.09259
1.09041
1.08819
1.08592
1.08362
1.08127
1.07888
1.07646
1.07399
1.07148
1.06894
1.06636
1.06374
1.06108
1.05839
1.05567
1.05291
1.05012
1.04731
1.04446
1.04159
1.0387
1.03578
1.03284
1.02989
1.02692
1.02393
1.02094
1.01794
1.01494
1.01194
1.00894
1.00595
1.00297
1.00001
0.997064
0.994142
0.991247
0.988384
0.985558
0.982774
0.980035
0.977345
0.97471
0.972133
0.969621
0.967176
0.964805
0.96251
0.960296
0.958167
0.956127
0.95418
0.952329
0.950578
0.948928
0.947383
0.945946
0.944617
0.943399
0.942293
0.9413
0.940421
0.939655
0.939003
0.938463
0.938035
0.937717
0.937509
0.937407
0.937409
0.937512
0.937713
0.938009
0.938397
0.938872
0.939431
0.940069
0.940782
0.941565
0.942414
0.943325
0.944292
0.945312
0.946379
0.947488
0.948635
0.949816
0.951025
0.95226
0.953515
0.954786
0.956069
0.957362
0.958659
0.959959
0.961257
0.962551
0.963839
0.965118
0.966386
0.967641
0.968881
0.970105
0.971312
0.972501
0.973671
0.974821
0.97595
0.977059
0.978147
0.979214
0.980262
0.98129
0.982299
0.983291
0.984266
0.985225
0.986171
0.987104
0.988025
0.988938
0.989843
0.990742
0.991637
0.992529
0.993422
0.994317
0.995216
0.99612
0.997033
0.997956
0.998891
0.99984
1.0008
1.00178
1.00278
1.0038
1.00484
1.00591
1.007
1.00811
1.00925
1.01041
1.01161
1.01282
1.01407
1.01534
1.01664
1.01796
1.0193
1.02067
1.02207
1.02348
1.02491
1.02636
1.02783
1.02931
1.0308
1.0323
1.03381
1.03533
1.03684
1.03836
1.03987
1.04138
1.04288
1.04436
1.04584
1.0473
1.04873
1.05015
1.05155
1.05292
1.05426
1.05557
1.05684
1.05808
1.05929
1.06045
1.06158
1.06266
1.0637
1.06469
1.06564
1.06654
1.06739
1.0682
1.06895
1.06965
1.07031
1.07091
1.07146
1.07197
1.07242
1.07282
1.07317
1.07347
1.07372
1.07393
1.07408
1.0742
1.07426
1.07428
1.07426
1.0742
1.07409
1.07394
1.07376
1.07354
1.07328
1.07299
1.07267
1.07231
1.07193
1.07152
1.07108
1.07061
1.07013
1.06962
1.06909
1.06854
1.06798
1.0674
1.0668
1.06619
1.06558
1.06495
1.06432
1.06367
1.06303
1.06238
1.06172
1.06107
1.06042
1.05977
1.05912
1.05848
1.05784
1.05722
1.0566
1.05599
1.05539
1.05481
1.05424
1.05369
1.05315
1.05263
1.05213
1.05164
1.05118
1.05074
1.05032
1.04993
1.04955
1.04921
1.04888
1.04859
1.04832
1.04808
1.04787
1.04768
1.04752
1.04739
1.04729
1.04721
1.04717
1.04715
1.04716
1.04719
1.04725
1.04734
1.04745
1.04758
1.04774
1.04792
1.04811
1.04833
1.04856
1.04881
1.04908
1.04935
1.04964
1.04993
1.05023
1.05054
1.05084
1.05115
1.05146
1.05176
1.05206
1.05234
1.05262
1.05288
1.05312
1.05335
1.05355
1.05374
1.0539
1.05403
1.05413
1.0542
1.05424
1.05424
1.05421
1.05414
1.05403
1.05388
1.05368
1.05345
1.05316
1.05284
1.05246
1.05204
1.05158
1.05106
1.0505
1.04989
1.04924
1.04854
1.04779
1.04699
1.04615
1.04526
1.04433
1.04336
1.04234
1.04129
1.04019
1.03906
1.0379
1.0367
1.03547
1.03421
1.03292
1.03161
1.03027
1.02892
1.02754
1.02615
1.02474
1.02332
1.02189
1.02046
1.01902
1.01758
1.01613
1.01469
1.01326
1.01183
1.01041
1.009
1.0076
1.00622
1.00486
1.00351
1.00218
1.00087
0.999586
0.998323
0.997085
0.995872
0.994686
0.993526
0.992393
0.991288
0.990211
0.989161
0.98814
0.987146
0.98618
0.985241
0.984329
0.983443
0.982583
0.981748
0.980936
0.980148
0.979381
0.978636
0.977912
0.977207
0.976521
0.975853
0.9752
0.974563
0.97394
0.97333
0.972732
0.972145
0.971568
0.971
0.97044
0.969887
0.969341
0.9688
0.968265
0.967734
0.967209
0.966687
0.96617
0.965656
0.965144
0.964636
0.96413
0.963627
0.963127
0.96263
0.962137
0.961648
0.961163
0.960683
0.960209
0.959741
0.95928
0.958827
0.958383
0.957948
0.957523
0.957111
0.956711
0.956326
0.955956
0.955602
0.955265
0.954946
0.954647
0.954369
0.954113
0.953881
0.953675
0.953494
0.953341
0.953216
0.95312
0.953055
0.953022
0.953022
0.953056
0.953124
0.953228
0.953368
0.953547
0.953763
0.954019
0.954314
0.954649
0.955026
0.955443
0.9559
0.956399
0.956937
0.957517
0.958137
0.958798
0.959499
0.960239
0.961019
0.961838
0.962695
0.96359
0.964521
0.965489
0.966491
0.967527
0.968597
0.969697
0.970829
0.97199
0.973178
0.974394
0.975634
0.976899
0.978187
0.979495
0.980824
0.98217
0.983532
0.984909
0.9863
0.987703
0.989117
0.990539
0.991968
0.993402
0.994841
0.996282
0.997724
0.999166
1.00061
1.00204
1.00348
1.0049
1.00632
1.00772
1.00912
1.01051
1.01188
1.01323
1.01457
1.01589
1.0172
1.01848
1.01973
1.02097
1.02218
1.02336
1.02452
1.02565
1.02675
1.02781
1.02885
1.02985
1.03082
1.03175
1.03264
1.0335
1.03432
1.0351
1.03584
1.03654
1.0372
1.03782
1.03839
1.03892
1.0394
1.03984
1.04023
1.04058
1.04088
1.04114
1.04135
1.04151
1.04163
1.04169
1.04172
1.04169
1.04162
1.0415
1.04134
1.04113
1.04088
1.04059
1.04025
1.03987
1.03945
1.03898
1.03848
1.03794
1.03736
1.03674
1.03609
1.0354
1.03469
1.03394
1.03316
1.03235
1.03152
1.03066
1.02979
1.02889
1.02797
1.02703
1.02608
1.02512
1.02415
1.02317
1.02218
1.02119
1.02019
1.01919
1.0182
1.01721
1.01623
1.01525
1.01428
1.01333
1.01239
1.01147
1.01057
1.00969
1.00883
1.008
1.00719
1.00642
1.00567
1.00496
1.00428
1.00364
1.00303
1.00247
1.00194
1.00146
1.00103
1.00064
1.00029
0.999997
0.99975
0.999552
0.999405
0.999308
0.999262
0.999267
0.999323
0.999431
0.999591
0.999801
1.00006
1.00037
1.00073
1.00114
1.0016
1.00211
1.00266
1.00326
1.0039
1.00458
1.00531
1.00607
1.00687
1.00771
1.00858
1.00949
1.01043
1.01139
1.01239
1.0134
1.01445
1.01551
1.01659
1.01769
1.01881
1.01994
1.02108
1.02224
1.0234
1.02457
1.02574
1.02692
1.0281
1.02928
1.03046
1.03164
1.03281
1.03398
1.03515
1.03631
1.03746
1.0386
1.03973
1.04085
1.04197
1.04306
1.04415
1.04522
1.04628
1.04732
1.04835
1.04937
1.05037
1.05135
1.05231
1.05326
1.05418
1.05509
1.05599
1.05686
1.05771
1.05855
1.05936
1.06016
1.06094
1.06169
1.06242
1.06314
1.06383
1.0645
1.06515
1.06578
1.06639
1.06697
1.06754
1.06808
1.0686
1.06909
1.06957
1.07002
1.07044
1.07085
1.07123
1.07158
1.07191
1.07222
1.07251
1.07277
1.07301
1.07322
1.07341
1.07358
1.07372
1.07384
1.07394
1.07401
1.07406
1.07409
1.07409
1.07408
1.07404
1.07398
1.0739
1.07379
1.07367
1.07353
1.07337
1.07319
1.07299
1.07278
1.07255
1.0723
1.07204
1.07176
1.07147
1.07117
1.07085
1.07052
1.07018
1.06983
1.06948
1.06911
1.06873
1.06835
1.06796
1.06756
1.06716
1.06676
1.06635
1.06594
1.06553
1.06512
1.06471
1.06429
1.06388
1.06347
1.06306
1.06265
1.06225
1.06185
1.06145
1.06106
1.06067
1.06028
1.0599
1.05953
1.05916
1.05879
1.05843
1.05808
1.05773
1.05739
1.05705
1.05671
1.05638
1.05606
1.05573
1.05542
1.0551
1.05479
1.05448
1.05418
1.05388
1.05358
1.05329
1.053
1.05271
1.05242
1.05214
1.05186
1.05158
1.05131
1.05104
1.05077
1.0505
1.05024
1.04998
1.04972
1.04947
1.04922
1.04898
1.04874
1.04851
1.04829
1.04807
1.04786
1.04765
1.04745
1.04727
1.04709
1.04692
1.04676
1.04661
1.04647
1.04635
1.04624
1.04614
1.04605
1.04597
1.04591
1.04587
1.04583
1.04581
1.04581
1.04582
1.04585
1.04589
1.04594
1.04601
1.0461
1.04619
1.04631
1.04643
1.04657
1.04673
1.04689
1.04707
1.04726
1.04746
1.04767
1.04789
1.04811
1.04835
1.04859
1.04884
1.0491
1.04936
1.04962
1.04988
1.05015
1.05041
1.05068
1.05094
1.05119
1.05145
1.05169
1.05193
1.05216
1.05238
1.05258
1.05278
1.05296
1.05313
1.05328
1.05341
1.05353
1.05363
1.0537
1.05376
1.05379
1.05381
1.0538
1.05376
1.0537
1.05362
1.05352
1.05338
1.05323
1.05305
1.05284
1.05261
1.05236
1.05208
1.05178
1.05145
1.05111
1.05074
1.05035
1.04994
1.04952
1.04907
1.04861
1.04814
1.04765
1.04715
1.04664
1.04612
1.0456
1.04506
1.04453
1.04399
1.04346
1.04292
1.04239
1.04187
1.04135
1.04084
1.04035
1.03986
1.0394
1.03895
1.03852
1.0381
1.03772
1.03735
1.03701
1.03669
1.03641
1.03615
1.03592
1.03572
1.03555
1.03542
1.03531
1.03524
1.0352
1.0352
1.03523
1.03528
1.03538
1.0355
1.03565
1.03583
1.03605
1.03629
1.03656
1.03685
1.03717
1.03751
1.03788
1.03826
1.03866
1.03908
1.03952
1.03997
1.04044
1.04092
1.04141
1.04191
1.04241
1.04293
1.04344
1.04397
1.04449
1.04502
1.04555
1.04608
1.04662
1.04715
1.04768
1.04821
1.04874
1.04927
1.04979
1.05031
1.05083
1.05135
1.05187
1.05238
1.05289
1.0534
1.05391
1.05442
1.05493
1.05544
1.05595
1.05646
1.05697
1.05748
1.05798
1.05849
1.059
1.0595
1.06001
1.06052
1.06102
1.06152
1.06202
1.06251
1.063
1.06349
1.06397
1.06444
1.06491
1.06536
1.06581
1.06625
1.06667
1.06708
1.06747
1.06785
1.06821
1.06856
1.06888
1.06919
1.06947
1.06973
1.06997
1.07019
1.07038
1.07054
1.07069
1.0708
1.0709
1.07096
1.071
1.07101
1.07099
1.07095
1.07088
1.07079
1.07067
1.07052
1.07036
1.07017
1.06996
1.06972
1.06947
1.0692
1.06891
1.06861
1.06829
1.06796
1.06762
1.06727
1.06691
1.06654
1.06617
1.0658
1.06543
1.06506
1.0647
1.06433
1.06398
1.06364
1.0633
1.06298
1.06268
1.06239
1.06211
1.06186
1.06163
1.06142
1.06123
1.06107
1.06093
1.06082
1.06073
1.06068
1.06065
1.06066
1.06069
1.06075
1.06085
1.06097
1.06112
1.06131
1.06152
1.06176
1.06203
1.06233
1.06266
1.06301
1.06339
1.06379
1.06421
1.06465
1.06512
1.0656
1.06609
1.06661
1.06713
1.06767
1.06822
1.06878
1.06934
1.06991
1.07048
1.07106
1.07163
1.07221
1.07278
1.07335
1.07392
1.07447
1.07503
1.07557
1.0761
1.07662
1.07713
1.07762
1.0781
1.07856
1.07901
1.07945
1.07987
1.08027
1.08065
1.08101
1.08136
1.08168
1.08199
1.08228
1.08255
1.0828
1.08303
1.08324
1.08343
1.0836
1.08375
1.08388
1.084
1.08409
1.08416
1.08422
1.08425
1.08426
1.08426
1.08423
1.08419
1.08412
1.08403
1.08393
1.0838
1.08365
1.08348
1.0833
1.08309
1.08286
1.0826
1.08233
1.08203
1.08171
1.08136
1.081
1.0806
1.08018
1.07974
1.07927
1.07877
1.07825
1.0777
1.07711
1.0765
1.07586
1.07519
1.07448
1.07375
1.07298
1.07217
1.07133
1.07046
1.06955
1.0686
1.06761
1.06659
1.06553
1.06443
1.06329
1.06211
1.06089
1.05962
1.05832
1.05698
1.0556
1.05417
1.0527
1.05119
1.04964
1.04805
1.04641
1.04474
1.04303
1.04128
1.03949
1.03766
1.0358
1.03391
1.03198
1.03003
1.02804
1.02603
1.024
1.02194
1.01986
1.01777
1.01567
1.01356
1.01144
1.00932
1.0072
1.00509
1.00299
1.00091
0.998838
0.996794
0.994779
0.992798
0.990855
0.988956
0.987105
0.985307
0.983568
0.981893
0.980286
0.978752
0.977296
0.975923
0.974636
0.97344
0.972339
0.971336
0.970434
0.969638
0.968949
0.968371
0.967905
0.967553
0.967316
0.967197
0.967195
0.967311
0.967545
0.967897
0.968366
0.968951
0.96965
0.970463
0.971388
0.972422
0.973562
0.974808
0.976154
0.977599
0.979138
0.980768
0.982485
0.984286
0.986166
0.988121
0.990147
0.99224
0.994395
0.996608
0.998875
1.00119
1.00355
1.00595
1.00839
1.01086
1.01335
1.01587
1.0184
1.02095
1.02351
1.02608
1.02865
1.03122
1.03378
1.03633
1.03887
1.04139
1.0439
1.04638
1.04884
1.05127
1.05367
1.05603
1.05836
1.06065
1.06291
1.06511
1.06727
1.06939
1.07146
1.07347
1.07543
1.07734
1.0792
1.08099
1.08273
1.08441
1.08603
1.08759
1.08909
1.09053
1.0919
1.09321
1.09445
1.09563
1.09674
1.09779
1.09877
1.09969
1.10055
1.10133
1.10205
1.10271
1.1033
1.10383
1.10429
1.10469
1.10502
1.10529
1.1055
1.10564
1.10573
1.10575
1.10572
1.10562
1.10547
1.10526
1.105
1.10468
1.1043
1.10388
1.1034
1.10287
1.1023
1.10167
1.10101
1.10029
1.09954
1.09874
1.0979
1.09702
1.09611
1.09516
1.09418
1.09317
1.09213
1.09105
1.08995
1.08883
1.08768
1.0865
1.08531
1.0841
1.08288
1.08164
1.08038
1.07912
1.07784
1.07656
1.07527
1.07398
1.07268
1.07138
1.07009
1.06879
1.0675
1.06622
1.06494
1.06367
1.0624
1.06115
1.05991
1.05868
1.05747
1.05627
1.05509
1.05392
1.05277
1.05164
1.05053
1.04944
1.04837
1.04733
1.0463
1.0453
1.04432
1.04337
1.04243
1.04152
1.04064
1.03977
1.03893
1.03812
1.03732
1.03655
1.0358
1.03508
1.03438
1.0337
1.03304
1.0324
1.03178
1.03119
1.03061
1.03005
1.02951
1.02899
1.02849
1.02801
1.02754
1.0271
1.02666
1.02624
1.02584
1.02545
1.02508
1.02472
1.02437
1.02404
1.02371
1.0234
1.02311
1.02282
1.02255
1.02228
1.02203
1.02179
1.02156
1.02134
1.02113
1.02093
1.02075
1.02057
1.02041
1.02025
1.02011
1.01998
1.01987
1.01976
1.01967
1.01959
1.01953
1.01948
1.01944
1.01942
1.01941
1.01942
1.01945
1.01949
1.01955
1.01962
1.01972
1.01983
1.01995
1.0201
1.02027
1.02045
1.02065
1.02087
1.02112
1.02138
1.02166
1.02196
1.02228
1.02262
1.02297
1.02335
1.02375
1.02416
1.02459
1.02504
1.02551
1.026
1.02651
1.02703
1.02756
1.02812
1.02869
1.02927
1.02987
1.03048
1.0311
1.03173
1.03238
1.03303
1.0337
1.03437
1.03505
1.03574
1.03644
1.03713
1.03784
1.03854
1.03925
1.03996
1.04067
1.04137
1.04208
1.04278
1.04348
1.04417
1.04486
1.04554
1.0462
1.04686
1.04751
1.04815
1.04878
1.0494
1.05
1.05059
1.05116
1.05172
1.05227
1.0528
1.05331
1.05381
1.0543
1.05477
1.05523
1.05567
1.0561
1.05652
1.05692
1.05731
1.05769
1.05806
1.05842
1.05877
1.05912
1.05946
1.05979
1.06012
1.06045
1.06077
1.0611
1.06142
1.06174
1.06207
1.0624
1.06274
1.06307
1.06342
1.06377
1.06413
1.0645
1.06488
1.06528
1.06568
1.0661
1.06653
1.06698
1.06744
1.06793
1.06842
1.06894
1.06948
1.07003
1.07061
1.0712
1.07182
1.07247
1.07313
1.07382
1.07454
1.07528
1.07605
1.07684
1.07766
1.0785
1.07938
1.08028
1.08121
1.08216
1.08315
1.08416
1.0852
1.08627
1.08737
1.08849
1.08964
1.09082
1.09202
1.09324
1.09449
1.09576
1.09705
1.09835
1.09968
1.10102
1.10238
1.10374
1.10512
1.10651
1.10791
1.10931
1.11072
1.11213
1.11354
1.11495
1.11636
1.11776
1.11915
1.12054
1.12191
1.12327
1.12462
1.12596
1.12727
1.12857
1.12985
1.13111
1.13234
1.13355
1.13474
1.1359
1.13703
1.13813
1.13921
1.14026
1.14127
1.14226
1.14321
1.14413
1.14502
1.14587
1.14669
1.14748
1.14823
1.14895
1.14963
1.15028
1.15089
1.15147
1.15201
1.15252
1.15299
1.15343
1.15383
1.1542
1.15454
1.15484
1.15511
1.15534
1.15555
1.15572
1.15585
1.15596
1.15604
1.15608
1.1561
1.15608
1.15604
1.15597
1.15587
1.15575
1.15559
1.15541
1.15521
1.15498
1.15473
1.15445
1.15415
1.15382
1.15347
1.15311
1.15272
1.15231
1.15188
1.15143
1.15096
1.15047
1.14996
1.14944
1.14889
1.14833
1.14775
1.14716
1.14655
1.14592
1.14528
1.14462
1.14394
1.14325
1.14255
1.14183
1.1411
1.14035
1.13959
1.13882
1.13803
1.13723
1.13642
1.13559
1.13475
1.1339
1.13304
1.13217
1.13128
1.13039
1.12948
1.12857
1.12765
1.12672
1.12578
1.12483
1.12388
1.12292
1.12196
1.12099
1.12002
1.11904
1.11806
1.11708
1.1161
1.11512
1.11414
1.11317
1.11219
1.11122
1.11025
1.10929
1.10833
1.10738
1.10644
1.10551
1.10459
1.10368
1.10278
1.1019
1.10102
1.10017
1.09932
1.0985
1.09768
1.09689
1.09611
1.09535
1.09461
1.09389
1.09318
1.0925
1.09183
1.09118
1.09056
1.08995
1.08937
1.08881
1.08826
1.08774
1.08724
1.08676
1.0863
1.08587
1.08545
1.08505
1.08468
1.08432
1.08399
1.08367
1.08337
1.08309
1.08283
1.08258
1.08235
1.08213
1.08193
1.08175
1.08158
1.08142
1.08127
1.08114
1.08102
1.0809
1.0808
1.08071
1.08062
1.08054
1.08047
1.0804
1.08033
1.08027
1.08021
1.08015
1.0801
1.08004
1.07998
1.07992
1.07986
1.07979
1.07972
1.07964
1.07956
1.07947
1.07938
1.07927
1.07916
1.07904
1.07891
1.07876
1.07861
1.07844
1.07827
1.07808
1.07787
1.07766
1.07743
1.07719
1.07693
1.07666
1.07638
1.07608
1.07576
1.07544
1.0751
1.07474
1.07438
1.07399
1.0736
1.07319
1.07276
1.07233
1.07188
1.07142
1.07094
1.07046
1.06996
1.06945
1.06892
1.06839
1.06784
1.06729
1.06672
1.06615
1.06556
1.06497
1.06436
1.06375
1.06312
1.06249
1.06185
1.06121
1.06056
1.0599
1.05923
1.05856
1.05788
1.0572
1.05652
1.05582
1.05513
1.05443
1.05373
1.05302
1.05232
1.0516
1.05089
1.05018
1.04946
1.04874
1.04803
1.04731
1.04659
1.04587
1.04516
1.04444
1.04373
1.04302
1.04231
1.0416
1.0409
1.04019
1.0395
1.0388
1.03812
1.03743
1.03675
1.03608
1.03541
1.03474
1.03409
1.03343
1.03279
1.03215
1.03152
1.0309
1.03029
1.02969
1.0291
1.02851
1.02794
1.02738
1.02683
1.02629
1.02577
1.02526
1.02477
1.02429
1.02382
1.02338
1.02295
1.02254
1.02214
1.02177
1.02142
1.02109
1.02078
1.0205
1.02024
1.02
1.01979
1.01961
1.01945
1.01932
1.01921
1.01914
1.01909
1.01908
1.01909
1.01913
1.01921
1.01931
1.01944
1.0196
1.01979
1.02002
1.02027
1.02055
1.02086
1.02119
1.02155
1.02194
1.02235
1.02279
1.02324
1.02372
1.02421
1.02472
1.02525
1.02579
1.02634
1.0269
1.02747
1.02804
1.02862
1.02919
1.02977
1.03034
1.03091
1.03146
1.03201
1.03254
1.03305
1.03355
1.03403
1.03448
1.03491
1.03531
1.03568
1.03602
1.03633
1.0366
1.03683
1.03702
1.03717
1.03728
1.03734
1.03736
1.03733
1.03725
1.03713
1.03695
1.03672
1.03644
1.0361
1.03571
1.03527
1.03478
1.03422
1.03362
1.03296
1.03225
1.03148
1.03066
1.02979
1.02886
1.02788
1.02686
1.02578
1.02466
1.02348
1.02227
1.02101
1.01971
1.01836
1.01698
1.01556
1.01411
1.01262
1.0111
1.00955
1.00798
1.00638
1.00476
1.00312
1.00147
0.999801
0.998122
0.996436
0.994745
0.993052
0.991361
0.989675
0.987997
0.98633
0.984679
0.983045
0.981432
0.979844
0.978283
0.976754
0.97526
0.973803
0.972387
0.971016
0.969692
0.968418
0.967197
0.966032
0.964926
0.963881
0.9629
0.961985
0.961139
0.960362
0.959656
0.959024
0.958467
0.957985
0.95758
0.957252
0.957002
0.95683
0.956735
0.956719
0.956779
0.956917
0.957131
0.95742
0.957783
0.958219
0.958725
0.9593
0.959941
0.960647
0.961416
0.962244
0.96313
0.964071
0.965063
0.966105
0.967194
0.968326
0.9695
0.970713
0.97196
0.973241
0.974551
0.975887
0.977248
0.97863
0.980032
0.981451
0.982885
0.98433
0.985785
0.987248
0.988716
0.990188
0.991661
0.993135
0.994607
0.996076
0.997541
0.998999
1.00045
1.00189
1.00333
1.00475
1.00616
1.00757
1.00895
1.01033
1.0117
1.01305
1.01439
1.01571
1.01702
1.01831
1.0196
1.02086
1.02212
1.02336
1.02458
1.02579
1.02699
1.02818
1.02935
1.03051
1.03166
1.0328
1.03393
1.03504
1.03615
1.03724
1.03833
1.03941
1.04048
1.04154
1.04259
1.04364
1.04468
1.04571
1.04674
1.04776
1.04877
1.04979
1.05079
1.0518
1.0528
1.05379
1.05479
1.05578
1.05677
1.05776
1.05874
1.05973
1.06071
1.06169
1.06267
1.06365
1.06463
1.0656
1.06658
1.06755
1.06852
1.06949
1.07045
1.07141
1.07237
1.07333
1.07428
1.07522
1.07616
1.07709
1.07802
1.07893
1.07984
1.08074
1.08163
1.0825
1.08336
1.08421
1.08504
1.08585
1.08665
1.08742
1.08818
1.08891
1.08961
1.0903
1.09095
1.09158
1.09218
1.09275
1.09328
1.09379
1.09425
1.09468
1.09508
1.09543
1.09575
1.09602
1.09625
1.09643
1.09657
1.09666
1.09671
1.09671
1.09666
1.09656
1.09641
1.09621
1.09596
1.09566
1.09531
1.0949
1.09445
1.09394
1.09338
1.09277
1.09211
1.0914
1.09065
1.08984
1.08899
1.08809
1.08714
1.08615
1.08512
1.08404
1.08292
1.08177
1.08058
1.07935
1.07809
1.07679
1.07547
1.07411
1.07273
1.07132
1.06989
1.06844
1.06697
1.06548
1.06398
1.06246
1.06094
1.0594
1.05785
1.0563
1.05475
1.05319
1.05163
1.05007
1.04852
1.04697
1.04543
1.04389
1.04235
1.04083
1.03932
1.03781
1.03632
1.03484
1.03337
1.03192
1.03048
1.02905
1.02764
1.02624
1.02485
1.02348
1.02212
1.02077
1.01944
1.01811
1.0168
1.0155
1.01421
1.01292
1.01165
1.01038
1.00911
1.00786
1.0066
1.00535
1.0041
1.00285
1.0016
1.00035
0.999093
0.997834
0.996571
0.995301
0.994025
0.992742
0.991449
0.990147
0.988835
0.987513
0.98618
0.984837
0.983481
0.982114
0.980735
0.979344
0.977942
0.976528
0.975103
0.973669
0.972224
0.970771
0.969308
0.967839
0.966363
0.964882
0.963398
0.961912
0.960425
0.95894
0.957459
0.955984
0.954517
0.953059
0.951613
0.950182
0.948768
0.947374
0.946002
0.944655
0.943336
0.942048
0.940792
0.939573
0.938392
0.937254
0.93616
0.935114
0.934117
0.933173
0.932284
0.931451
0.930678
0.929966
0.929317
0.928734
0.928218
0.92777
0.927393
0.927087
0.926853
0.926693
0.926608
0.926597
0.92666
0.926798
0.927011
0.927298
0.927658
0.928092
0.928598
0.929174
0.929819
0.930532
0.93131
0.932153
0.933057
0.93402
0.93504
0.936114
0.937238
0.938411
0.93963
0.94089
0.942189
0.943523
0.944889
0.946283
0.947702
0.949142
0.950599
0.952071
0.953553
0.955042
0.956535
0.958028
0.959517
0.960999
0.962472
0.963932
0.965375
0.966799
0.968202
0.96958
0.97093
0.972251
0.973539
0.974794
0.976013
0.977194
0.978335
0.979437
0.980497
0.981513
0.982485
0.983412
0.984292
0.985127
0.985915
0.986656
0.98735
0.987998
0.988599
0.989155
0.989665
0.990131
0.990552
0.990929
0.991264
0.991558
0.991811
0.992025
0.9922
0.992339
0.992442
0.992511
0.992546
0.992551
0.992525
0.992471
0.992389
0.992279
0.992144
0.991984
0.9918
0.991594
0.991367
0.991119
0.990852
0.990567
0.990265
0.989946
0.989613
0.989267
0.988909
0.988541
0.988162
0.987774
0.987379
0.986978
0.986573
0.986164
0.985754
0.985345
0.984938
0.984535
0.984138
0.98375
0.983372
0.983006
0.982654
0.98232
0.982006
0.981713
0.981444
0.981202
0.98099
0.980808
0.980661
0.980551
0.98048
0.98045
0.980464
0.980523
0.980631
0.980788
0.980997
0.981259
0.981575
0.981947
0.982375
0.98286
0.983402
0.984003
0.984662
0.985379
0.986154
0.986986
0.987875
0.988819
0.989817
0.990869
0.991972
0.993125
0.994325
0.995571
0.996859
0.998188
0.999555
1.00096
1.00239
1.00386
1.00535
1.00686
1.0084
1.00995
1.01152
1.01309
1.01468
1.01627
1.01787
1.01947
1.02106
1.02264
1.02422
1.02578
1.02733
1.02886
1.03037
1.03186
1.03333
1.03477
1.03618
1.03756
1.03891
1.04022
1.0415
1.04273
1.04393
1.04509
1.04621
1.04728
1.04831
1.04929
1.05023
1.05112
1.05197
1.05277
1.05352
1.05422
1.05487
1.05547
1.05603
1.05653
1.05699
1.0574
1.05776
1.05807
1.05833
1.05855
1.05872
1.05884
1.05892
1.05895
1.05893
1.05887
1.05876
1.05862
1.05842
1.05819
1.05791
1.0576
1.05724
1.05685
1.05642
1.05595
1.05544
1.0549
1.05432
1.05371
1.05307
1.0524
1.0517
1.05097
1.05021
1.04942
1.04861
1.04778
1.04692
1.04604
1.04515
1.04423
1.0433
1.04235
1.04138
1.04041
1.03942
1.03843
1.03743
1.03642
1.03541
1.0344
1.03338
1.03237
1.03137
1.03037
1.02938
1.02839
1.02742
1.02646
1.02552
1.02459
1.02368
1.02279
1.02192
1.02107
1.02025
1.01946
1.01869
1.01795
1.01724
1.01656
1.01591
1.01529
1.0147
1.01415
1.01363
1.01314
1.01269
1.01227
1.01188
1.01152
1.0112
1.0109
1.01064
1.01041
1.0102
1.01002
1.00987
1.00974
1.00963
1.00954
1.00947
1.00942
1.00938
1.00935
1.00934
1.00933
1.00932
1.00932
1.00932
1.00932
1.00932
1.00931
1.00929
1.00926
1.00922
1.00916
1.00909
1.009
1.00889
1.00876
1.00861
1.00843
1.00823
1.008
1.00774
1.00746
1.00715
1.00681
1.00644
1.00604
1.00562
1.00517
1.00469
1.00419
1.00366
1.00311
1.00253
1.00194
1.00133
1.0007
1.00005
0.999393
0.998725
0.998048
0.997364
0.996677
0.995989
0.995302
0.994618
0.993941
0.993272
0.992615
0.99197
0.991342
0.990731
0.99014
0.989571
0.989025
0.988504
0.98801
0.987544
0.987108
0.986702
0.986328
0.985985
0.985676
0.9854
0.985156
0.984947
0.98477
0.984626
0.984515
0.984437
0.984391
0.984375
0.984389
0.984431
0.9845
0.984596
0.984716
0.984859
0.985024
0.98521
0.985414
0.985635
0.985873
0.986125
0.98639
0.986666
0.986953
0.987248
0.98755
0.987857
0.98817
0.988486
0.988805
0.989125
0.989446
0.989768
0.990089
0.990409
0.990728
0.991045
0.99136
0.991671
0.99198
0.992285
0.992588
0.992887
0.993185
0.99348
0.993774
0.994066
0.994356
0.994646
0.994936
0.995227
0.995519
0.995814
0.996111
0.996411
0.996717
0.997027
0.997344
0.997668
0.998001
0.998343
0.998695
0.999058
0.999433
0.999821
1.00022
1.00064
1.00107
1.00152
1.00199
1.00248
1.00298
1.00351
1.00405
1.00462
1.00521
1.00582
1.00645
1.00711
1.00779
1.00849
1.00922
1.00997
1.01075
1.01155
1.01238
1.01323
1.01411
1.01501
1.01593
1.01688
1.01785
1.01885
1.01986
1.0209
1.02196
1.02304
1.02414
1.02526
1.0264
1.02755
1.02872
1.0299
1.0311
1.03231
1.03353
1.03476
1.036
1.03725
1.0385
1.03975
1.04101
1.04226
1.04352
1.04477
1.04601
1.04725
1.04848
1.04969
1.0509
1.05209
1.05326
1.05442
1.05555
1.05666
1.05775
1.05881
1.05984
1.06085
1.06182
1.06276
1.06366
1.06453
1.06536
1.06615
1.0669
1.0676
1.06827
1.06889
1.06946
1.06999
1.07047
1.0709
1.07128
1.07162
1.07191
1.07215
1.07234
1.07248
1.07258
1.07262
1.07262
1.07258
1.07249
1.07235
1.07217
1.07195
1.0717
1.0714
1.07106
1.0707
1.0703
1.06986
1.0694
1.06892
1.06841
1.06787
1.06732
1.06675
1.06617
1.06558
1.06497
1.06436
1.06375
1.06313
1.06252
1.06191
1.06131
1.06071
1.06012
1.05955
1.05899
1.05845
1.05792
1.05742
1.05693
1.05647
1.05603
1.05562
1.05523
1.05486
1.05452
1.0542
1.05391
1.05364
1.0534
1.05318
1.05299
1.05281
1.05266
1.05253
1.05241
1.05232
1.05224
1.05218
1.05213
1.05209
1.05206
1.05204
1.05204
1.05204
1.05204
1.05205
1.05207
1.05209
1.05211
1.05213
1.05215
1.05218
1.0522
1.05223
1.05226
1.05229
1.05232
1.05235
1.05238
1.05242
1.05246
1.05251
1.05256
1.05262
1.05269
1.05277
1.05286
1.05296
1.05307
1.0532
1.05334
1.0535
1.05368
1.05387
1.05408
1.05431
1.05456
1.05483
1.05512
1.05542
1.05575
1.05609
1.05645
1.05683
1.05722
1.05763
1.05805
1.05848
1.05893
1.05938
1.05983
1.06029
1.06075
1.06122
1.06168
1.06214
1.0626
1.06304
1.06348
1.06392
1.06434
1.06474
1.06514
1.06551
1.06587
1.06622
1.06654
1.06685
1.06713
1.0674
1.06764
1.06786
1.06806
1.06824
1.0684
1.06854
1.06866
1.06875
1.06883
1.06888
1.06892
1.06894
1.06893
1.06892
1.06888
1.06883
1.06876
1.06868
1.06858
1.06847
1.06835
1.06821
1.06806
1.0679
1.06773
1.06755
1.06736
1.06716
1.06695
1.06673
1.0665
1.06626
1.06602
1.06577
1.06551
1.06524
1.06497
1.06469
1.0644
1.06411
1.06381
1.0635
1.06318
1.06286
1.06253
1.06219
1.06184
1.06148
1.06112
1.06074
1.06036
1.05996
1.05956
1.05915
1.05872
1.05829
1.05784
1.05738
1.05691
1.05643
1.05594
1.05543
1.05492
1.05439
1.05384
1.05329
1.05272
1.05214
1.05155
1.05094
1.05032
1.04969
1.04905
1.0484
1.04774
1.04706
1.04638
1.04569
1.04499
1.04428
1.04356
1.04283
1.0421
1.04137
1.04062
1.03988
1.03912
1.03837
1.03761
1.03685
1.0361
1.03534
1.03458
1.03382
1.03306
1.03231
1.03156
1.03081
1.03007
1.02933
1.02859
1.02786
1.02714
1.02642
1.02571
1.025
1.0243
1.02361
1.02293
1.02225
1.02158
1.02092
1.02027
1.01962
1.01899
1.01836
1.01774
1.01713
1.01653
1.01593
1.01535
1.01478
1.01421
1.01366
1.01312
1.01259
1.01207
1.01156
1.01107
1.01059
1.01013
1.00968
1.00925
1.00884
1.00844
1.00807
1.00771
1.00738
1.00707
1.00679
1.00653
1.0063
1.00609
1.00592
1.00578
1.00566
1.00559
1.00554
1.00554
1.00557
1.00564
1.00574
1.00589
1.00608
1.00632
1.00659
1.00691
1.00728
1.00769
1.00814
1.00864
1.00919
1.00979
1.01042
1.01111
1.01184
1.01262
1.01344
1.01431
1.01522
1.01617
1.01716
1.0182
1.01927
1.02039
1.02154
1.02273
1.02395
1.02521
1.0265
1.02782
1.02917
1.03055
1.03195
1.03338
1.03482
1.03629
1.03778
1.03928
1.0408
1.04233
1.04387
1.04542
1.04698
1.04854
1.05011
1.05168
1.05325
1.05482
1.05638
1.05795
1.0595
1.06105
1.06259
1.06412
1.06564
1.06715
1.06864
1.07011
1.07157
1.07301
1.07442
1.07582
1.07719
1.07853
1.07985
1.08115
1.08242
1.08365
1.08486
1.08604
1.08718
1.08829
1.08936
1.0904
1.0914
1.09236
1.09328
1.09417
1.09501
1.09581
1.09657
1.09729
1.09796
1.09859
1.09917
1.09971
1.10021
1.10065
1.10106
1.10141
1.10172
1.10198
1.1022
1.10237
1.10249
1.10257
1.1026
1.10259
1.10253
1.10243
1.10229
1.1021
1.10188
1.10161
1.1013
1.10096
1.10058
1.10016
1.0997
1.09922
1.0987
1.09815
1.09757
1.09697
1.09633
1.09568
1.095
1.0943
1.09358
1.09285
1.0921
1.09134
1.09056
1.08978
1.08899
1.08819
1.08739
1.08659
1.08579
1.08499
1.0842
1.08341
1.08263
1.08186
1.08111
1.08037
1.07964
1.07894
1.07825
1.07759
1.07695
1.07634
1.07575
1.07519
1.07466
1.07417
1.07371
1.07328
1.07289
1.07253
1.07221
1.07193
1.07169
1.07149
1.07132
1.0712
1.07112
1.07108
1.07107
1.07111
1.07119
1.0713
1.07146
1.07165
1.07188
1.07214
1.07244
1.07277
1.07313
1.07352
1.07394
1.07438
1.07485
1.07534
1.07585
1.07639
1.07693
1.07749
1.07806
1.07864
1.07922
1.07981
1.0804
1.08098
1.08157
1.08214
1.08271
1.08327
1.08381
1.08434
1.08485
1.08535
1.08582
1.08626
1.08669
1.08708
1.08744
1.08777
1.08807
1.08834
1.08857
1.08876
1.08891
1.08902
1.08909
1.08912
1.0891
1.08904
1.08894
1.08879
1.08859
1.08834
1.08805
1.0877
1.08731
1.08687
1.08637
1.08583
1.08524
1.08459
1.0839
1.08315
1.08236
1.08151
1.08061
1.07967
1.07867
1.07762
1.07653
1.07539
1.0742
1.07296
1.07167
1.07034
1.06897
1.06755
1.06608
1.06457
1.06303
1.06144
1.05981
1.05815
1.05645
1.05471
1.05294
1.05114
1.04931
1.04744
1.04555
1.04363
1.04168
1.03972
1.03772
1.03571
1.03368
1.03164
1.02957
1.0275
1.02541
1.02331
1.0212
1.01909
1.01697
1.01485
1.01273
1.0106
1.00849
1.00637
1.00427
1.00217
1.00008
0.998011
0.995953
0.993912
0.99189
0.989888
0.98791
0.985957
0.984032
0.982137
0.980273
0.978443
0.976649
0.974893
0.973178
0.971505
0.969877
0.968296
0.966763
0.965282
0.963855
0.962482
0.961167
0.959911
0.958716
0.957585
0.956519
0.955518
0.954586
0.953723
0.952929
0.952207
0.951557
0.950978
0.950473
0.950041
0.949681
0.949394
0.94918
0.949038
0.948967
0.948967
0.949036
0.949171
0.949372
0.949637
0.949964
0.950351
0.950795
0.951294
0.951845
0.952445
0.953093
0.953784
0.954516
0.955286
0.95609
0.956927
0.957792
0.958683
0.959598
0.960533
0.961486
0.962454
0.963436
0.964428
0.96543
0.966439
0.967454
0.968473
0.969496
0.970522
0.97155
0.972579
0.97361
0.974641
0.975674
0.976708
0.977745
0.978784
0.979828
0.980876
0.981932
0.982995
0.984067
0.98515
0.986245
0.987354
0.98848
0.989625
0.990789
0.991976
0.993187
0.994424
0.995689
0.996984
0.99831
0.999669
1.00106
1.0025
1.00397
1.00547
1.00702
1.00862
1.01025
1.01193
1.01365
1.01541
1.01722
1.01907
1.02096
1.0229
1.02487
1.02689
1.02895
1.03104
1.03317
1.03534
1.03754
1.03977
1.04204
1.04433
1.04664
1.04898
1.05134
1.05372
1.05611
1.05852
1.06093
1.06335
1.06578
1.06821
1.07064
1.07306
1.07548
1.07788
1.08028
1.08266
1.08503
1.08737
1.0897
1.09199
1.09427
1.09651
1.09872
1.10089
1.10303
1.10514
1.1072
1.10922
1.1112
1.11313
1.11502
1.11686
1.11865
1.12039
1.12207
1.12371
1.12529
1.12682
1.12829
1.1297
1.13106
1.13236
1.13361
1.13479
1.13592
1.13699
1.138
1.13895
1.13985
1.14069
1.14146
1.14218
1.14285
1.14345
1.144
1.14449
1.14493
1.14531
1.14563
1.1459
1.14612
1.14629
1.1464
1.14646
1.14647
1.14644
1.14635
1.14621
1.14603
1.1458
1.14553
1.14522
1.14486
1.14446
1.14402
1.14354
1.14302
1.14247
1.14189
1.14127
1.14062
1.13994
1.13923
1.1385
1.13774
1.13695
1.13615
1.13532
1.13448
1.13362
1.13274
1.13186
1.13096
1.13006
1.12914
1.12823
1.12731
1.1264
1.12548
1.12457
1.12366
1.12277
1.12188
1.121
1.12014
1.11929
1.11846
1.11765
1.11686
1.11609
1.11534
1.11462
1.11392
1.11325
1.11262
1.11201
1.11143
1.11088
1.11036
1.10988
1.10943
1.10901
1.10863
1.10829
1.10798
1.1077
1.10746
1.10725
1.10708
1.10695
1.10685
1.10678
1.10675
1.10675
1.10678
1.10684
1.10694
1.10706
1.10722
1.1074
1.10761
1.10785
1.10811
1.1084
1.10871
1.10904
1.10939
1.10977
1.11016
1.11057
1.11099
1.11144
1.11189
1.11236
1.11284
1.11332
1.11382
1.11432
1.11483
1.11535
1.11586
1.11638
1.1169
1.11741
1.11792
1.11843
1.11894
1.11943
1.11992
1.12039
1.12086
1.12131
1.12175
1.12217
1.12258
1.12297
1.12334
1.12368
1.12401
1.12431
1.12459
1.12484
1.12507
1.12526
1.12543
1.12557
1.12568
1.12575
1.1258
1.12581
1.12578
1.12573
1.12563
1.1255
1.12534
1.12514
1.1249
1.12462
1.12431
1.12396
1.12357
1.12315
1.12269
1.12219
1.12166
1.12109
1.12049
1.11985
1.11918
1.11848
1.11774
1.11698
1.11618
1.11536
1.11451
1.11363
1.11273
1.11181
1.11087
1.10991
1.10894
1.10794
1.10694
1.10592
1.1049
1.10387
1.10283
1.10179
1.10075
1.09972
1.09868
1.09766
1.09664
1.09563
1.09463
1.09365
1.09268
1.09174
1.09082
1.08992
