1.97
1.96998
1.96992
1.96983
1.9697
1.96953
1.96932
1.96907
1.96878
1.96846
1.9681
1.96769
1.96725
1.96677
1.96625
1.96568
1.96508
1.96443
1.96374
1.96301
1.96223
1.96141
1.96054
1.95962
1.95866
1.95764
1.95658
1.95547
1.9543
1.95308
1.95181
1.95048
1.9491
1.94765
1.94615
1.94458
1.94295
1.94125
1.93949
1.93766
1.93575
1.93378
1.93173
1.9296
1.9274
1.92512
1.92275
1.92029
1.91775
1.91512
1.91239
1.90956
1.90664
1.90361
1.90048
1.89724
1.89389
1.89043
1.88684
1.88314
1.87931
1.87535
1.87126
1.86704
1.86268
1.85817
1.85352
1.84872
1.84376
1.83865
1.83338
1.82794
1.82234
1.81657
1.81063
1.80451
1.79822
1.79174
1.78508
1.77824
1.77121
1.76399
1.75658
1.74899
1.7412
1.73322
1.72506
1.71671
1.70817
1.69946
1.69056
1.68149
1.67225
1.66285
1.65329
1.64357
1.63371
1.62372
1.6136
1.60336
1.59302
1.58258
1.57206
1.56147
1.55082
1.54012
1.5294
1.51866
1.50792
1.49719
1.48649
1.47582
1.46522
1.45468
1.44422
1.43385
1.42359
1.41344
1.40342
1.39353
1.38379
1.37419
1.36476
1.35548
1.34637
1.33743
1.32866
1.32007
1.31165
1.30341
1.29534
1.28745
1.27972
1.27217
1.26478
1.25755
1.25048
1.24357
1.23681
1.23019
1.22372
1.21739
1.21119
1.20513
1.19919
1.19337
1.18768
1.18211
1.17664
1.17129
1.16605
1.16092
1.15588
1.15095
1.14612
1.14139
1.13676
1.13222
1.12777
1.12342
1.11916
1.115
1.11092
1.10694
1.10305
1.09925
1.09553
1.09191
1.08838
1.08493
1.08158
1.07831
1.07513
1.07204
1.06904
1.06613
1.06331
1.06057
1.05792
1.05536
1.05288
1.05049
1.04818
1.04596
1.04383
1.04177
1.0398
1.03791
1.0361
1.03437
1.03272
1.03115
1.02964
1.02822
1.02686
1.02557
1.02435
1.0232
1.02211
1.02108
1.02011
1.01919
1.01833
1.01753
1.01677
1.01606
1.01539
1.01477
1.01418
1.01363
1.01311
1.01263
1.01217
1.01174
1.01133
1.01094
1.01057
1.01022
1.00988
1.00955
1.00923
1.00891
1.0086
1.0083
1.00799
1.00768
1.00737
1.00705
1.00673
1.0064
1.00606
1.00571
1.00535
1.00498
1.00459
1.00419
1.00377
1.00334
1.00289
1.00242
1.00194
1.00143
1.00091
1.00037
0.999817
0.99924
0.998644
0.998028
0.997394
0.996741
0.99607
0.995382
0.994677
0.993956
0.99322
0.99247
0.991707
0.990934
0.990152
0.989364
0.988572
0.987779
0.98699
0.986207
0.985434
0.984677
0.983939
0.983226
0.982545
0.9819
0.9813
0.98075
0.980258
0.979832
0.979479
0.979208
0.979024
0.978938
0.978957
0.979087
0.979335
0.979709
0.980214
0.980857
0.981642
0.982573
0.983654
0.984886
0.986273
0.987813
0.989507
0.991352
0.993347
0.995488
0.997769
1.00019
1.00273
1.0054
1.00819
1.01108
1.01407
1.01715
1.02031
1.02355
1.02684
1.03018
1.03357
1.037
1.04045
1.04391
1.04739
1.05086
1.05433
1.05779
1.06122
1.06463
1.06801
1.07135
1.07465
1.0779
1.0811
1.08426
1.08735
1.09039
1.09337
1.09628
1.09913
1.10192
1.10464
1.10729
1.10987
1.11238
1.11483
1.1172
1.1195
1.12173
1.1239
1.12599
1.12801
1.12996
1.13184
1.13365
1.13539
1.13706
1.13866
1.1402
1.14166
1.14306
1.14438
1.14564
1.14683
1.14795
1.149
1.14999
1.15091
1.15176
1.15255
1.15327
1.15392
1.15451
1.15503
1.15549
1.15588
1.1562
1.15647
1.15667
1.1568
1.15688
1.15689
1.15684
1.15673
1.15656
1.15632
1.15604
1.15569
1.15528
1.15482
1.15431
1.15374
1.15312
1.15244
1.15172
1.15095
1.15013
1.14926
1.14835
1.1474
1.1464
1.14537
1.14431
1.1432
1.14207
1.14091
1.13972
1.13851
1.13727
1.13601
1.13474
1.13346
1.13217
1.13087
1.12957
1.12826
1.12696
1.12567
1.12439
1.12312
1.12186
1.12063
1.11942
1.11824
1.1171
1.11598
1.11491
1.11387
1.11289
1.11195
1.11106
1.11022
1.10945
1.10874
1.10809
1.10751
1.107
1.10656
1.10619
1.10589
1.10568
1.10554
1.10547
1.10549
1.10559
1.10577
1.10602
1.10636
1.10677
1.10727
1.10784
1.10848
1.10921
1.11
1.11086
1.11179
1.11278
1.11384
1.11495
1.11612
1.11734
1.11861
1.11993
1.12128
1.12267
1.1241
1.12555
1.12702
1.12852
1.13003
1.13156
1.13309
1.13462
1.13615
1.13768
1.1392
1.1407
1.14219
1.14366
1.1451
1.14652
1.14791
1.14926
1.15058
1.15186
1.15311
1.15431
1.15546
1.15657
1.15763
1.15865
1.15961
1.16053
1.16139
1.16221
1.16297
1.16368
1.16434
1.16496
1.16552
1.16603
1.1665
1.16692
1.1673
1.16763
1.16792
1.16816
1.16837
1.16854
1.16867
1.16877
1.16883
1.16887
