       -0.433359       -0.576358       -0.427511
        0.555792         1.92003       -0.395055
         1.38122       -0.303052       -0.796909
        0.576066       -0.923751      -0.0912797
       -0.704394         0.22901        0.878521
          1.3815         1.41189        0.265829
        0.608533       -0.732709          1.3134
         3.27914       0.0582275        0.964261
        0.622864         1.25677        0.581441
       -0.218495         1.75683         -1.1928
      -0.0604719       -0.459703        0.326451
        0.580225         -1.2775        -2.21279
       -0.122742       -0.928111       0.0558651
         1.36453       0.0318722         1.95546
       -0.450027        0.955911        0.443336
        0.639898         -1.9989       -0.367115
        0.239389         1.58469         1.17651
         2.06065        0.376406       -0.674009
        -1.19092        -2.09837         1.09237
        -1.72879         1.71252       -0.516129
       -0.643205       -0.773551        0.464233
       -0.198109        0.232669        -0.28133
       -0.873225         2.60765       -0.197322
         0.92288       -0.642342        -1.31769
        -1.43871        0.553024        0.503886
        -1.19129        -1.43246      -0.0137406
         1.13547       -0.387097      0.00376172
       -0.780959        -1.69796         1.05762
       -0.287332        0.292492        -1.19126
       -0.598891         2.04238        -0.44196
        0.330568        0.719638        0.214555
        0.305059       -0.153828       -0.741529
       -0.260322       -0.558355       -0.995522
       -0.114153        -1.47655        0.287436
       0.0267923       -0.613327        0.570928
        -1.13339         1.26499       -0.526495
        0.499623        0.525538         -1.1004
         2.15103      -0.0243615       -0.710152
       -0.735068        0.148588         -0.3604
         1.96874         2.31537       -0.568345
         1.50959          1.3927       0.0345175
       -0.126676         -1.9515         2.79899
         1.38619       0.0885492        -1.16954
       -0.749897       -0.278689          1.8393
        -1.36219         1.85768        -1.56142
       -0.719935        -1.18691        -1.71316
       0.0789716       -0.189791        0.589496
       -0.979994       -0.045732        0.115908
       -0.102179       -0.801144         1.07895
        0.862845        -2.05878         1.32963
        -1.45672         1.48356        -1.18767
       0.0220532       -0.495688       -0.364308
       0.0763537        -2.35389        0.437001
       -0.325164        -2.12366        0.714711
       -0.691464       -0.657825        0.512867
       -0.676071       -0.988177       -0.263207
        0.854113        -1.00037          1.1951
        0.414052       -0.310485        -1.45351
         1.57314        -1.91671        0.606325
       -0.702265        -2.30325         1.15528
         1.71885        0.859722        0.839193
        -1.13248       -0.862062        -2.15401
        0.587318        -1.98272        -1.28216
        0.154399        -0.51786         0.90796
        -1.22076         1.30041        0.128947
        0.777644         2.28175        0.294614
        -1.83344       -0.473503        0.936518
        0.659778       -0.821228        0.953733
       -0.666615        0.255309         1.60335
        -1.49856        0.869548        -0.61177
        -2.12519       0.0454012        0.751236
        0.116435        0.860539        0.458483
       -0.190209       -0.464393        0.917255
       -0.808715        0.080869        0.151786
       -0.954995        0.456599       -0.743087
        0.552297        -1.29199       -0.531255
       -0.424525       -0.748972         1.56374
      -0.0568652        -0.78129        -1.04234
         1.32253         1.20728        -2.08622
       -0.715342        -1.66928       -0.136935
        0.238661         1.14061          1.2619
        0.123962       -0.259625       -0.561258
        0.572573       -0.457762       -0.326015
       -0.361202        0.534796        -1.60093
        0.848408        0.156429          0.3707
       -0.762925         0.15585          1.2962
       -0.506466       -0.105635       -0.611123
        0.373396         0.77799        0.159146
         1.16343        -1.36773        -1.61879
        0.419548       -0.633286       -0.354089
         1.10704        0.273968       -0.431613
        0.672131         1.10657       -0.798279
       -0.488151        -1.87238       -0.340192
          1.1715        -1.75914        0.538651
        0.402525         1.91461       -0.294642
       -0.202122       -0.329647         2.26513
       -0.734996       -0.587757        -0.74298
       -0.503316       0.0789026       -0.136909
        0.166705       -0.824538         2.86064
        0.227974         1.15771        0.126553
        -1.22311         1.79605         2.00375
       -0.885791         1.68619       -0.104074
        0.370878         1.02855        -1.14719
       -0.892121        0.543146         -2.1116
        0.181175        0.824038       -0.300826
    -2.37793e-05         2.89469       -0.412877
        0.806207         2.12325        -1.32761
        -2.89832        0.301921       -0.312087
