-7.643275e+00
-7.512117e+00
-7.436066e+00
-7.356138e+00
-7.260469e+00
-7.221301e+00
-7.167737e+00
-7.110566e+00
-6.999210e+00
-6.992999e+00
-6.981374e+00
-6.965830e+00
-6.911170e+00
-6.889435e+00
-6.885857e+00
-6.848418e+00
-6.789224e+00
-6.758809e+00
-6.796298e+00
-6.805834e+00
-6.769650e+00
-6.775699e+00
-6.785073e+00
-6.771491e+00
-6.724773e+00
-6.720450e+00
-6.707227e+00
-6.758924e+00
-6.803983e+00
-6.762943e+00
-6.840153e+00
-6.823504e+00
-6.789246e+00
-6.789334e+00
-6.820770e+00
-6.833469e+00
-6.725559e+00
-6.680978e+00
-6.684620e+00
-6.641962e+00
-6.654875e+00
-6.683053e+00
-6.666123e+00
-6.737498e+00
-6.740094e+00
-6.680941e+00
-6.662597e+00
-6.690913e+00
-6.772453e+00
-6.794963e+00
-6.779308e+00
-6.753744e+00
-6.744950e+00
-6.738714e+00
-6.682700e+00
-6.608650e+00
-6.569573e+00
-6.565792e+00
-6.535226e+00
-6.545995e+00
-6.589071e+00
-6.543419e+00
-6.523056e+00
-6.453839e+00
-6.527614e+00
-6.658491e+00
-6.625124e+00
-6.631263e+00
-6.542916e+00
-6.575816e+00
-6.625347e+00
-6.595722e+00
-6.647510e+00
-6.708541e+00
-6.678859e+00
-6.758862e+00
-6.719219e+00
-6.624606e+00
-6.642635e+00
-6.622240e+00
-6.645939e+00
-6.628808e+00
-6.649439e+00
-6.631036e+00
-6.695175e+00
-6.668037e+00
-6.668198e+00
-6.662486e+00
-6.640645e+00
-6.634519e+00
-6.623326e+00
-6.619257e+00
-6.554278e+00
-6.572842e+00
-6.577083e+00
-6.552526e+00
-6.590584e+00
-6.628765e+00
-6.615554e+00
-6.708489e+00
-6.633470e+00
-6.630174e+00
-6.627194e+00
-6.656342e+00
-6.650608e+00
-6.630811e+00
-6.559841e+00
-6.602389e+00
-6.538543e+00
-6.594197e+00
-6.639247e+00
-6.545069e+00
-6.652749e+00
-6.644299e+00
-6.621979e+00
-6.671185e+00
-6.664531e+00
-6.674598e+00
-6.722178e+00
-6.675129e+00
-6.690082e+00
-6.582270e+00
-6.647711e+00
-6.613884e+00
-6.590849e+00
-6.576408e+00
-6.667569e+00
-6.691619e+00
-6.744268e+00
-6.774996e+00
-6.767696e+00
-6.736164e+00
-6.723730e+00
-6.681633e+00
-6.744962e+00
-6.696098e+00
-6.632684e+00
-6.666614e+00
-6.685918e+00
-6.710630e+00
-6.711891e+00
-6.712853e+00
-6.761992e+00
-6.779253e+00
-6.751903e+00
-6.636057e+00
-6.697228e+00
-6.720270e+00
-6.760672e+00
-6.743125e+00
-6.720912e+00
-6.694506e+00
-6.691189e+00
-6.743078e+00
-6.781097e+00
-6.745853e+00
-6.671933e+00
-6.586656e+00
-6.640377e+00
-6.644181e+00
-6.574423e+00
-6.565230e+00
-6.634383e+00
-6.667471e+00
-6.659680e+00
-6.574551e+00
-6.631620e+00
-6.682743e+00
-6.734418e+00
-6.640051e+00
-6.669193e+00
-6.751596e+00
-6.770698e+00
-6.676311e+00
-6.727323e+00
-6.709009e+00
-6.677353e+00
-6.693055e+00
-6.707348e+00
-6.707746e+00
-6.673211e+00
-6.748425e+00
-6.723971e+00
-6.768285e+00
-6.856689e+00
-6.802775e+00
-6.765025e+00
-6.779680e+00
-6.774860e+00
-6.693988e+00
-6.682213e+00
-6.664184e+00
-6.639786e+00
-6.590442e+00
-6.592972e+00
-6.624387e+00
-6.588956e+00
-6.621439e+00
-6.682817e+00
-6.731049e+00
-6.781508e+00
-6.806637e+00
-6.753455e+00
-6.787195e+00
-6.789039e+00
-6.794436e+00
-6.786850e+00
-6.818174e+00
-6.782388e+00
-6.760421e+00
-6.742204e+00
-6.754474e+00
-6.738981e+00
-6.867545e+00
-6.840623e+00
-6.861810e+00
-6.891933e+00
-6.893097e+00
-6.942883e+00
-6.919929e+00
-6.888542e+00
-6.825356e+00
-6.755433e+00
-6.710443e+00
-6.758726e+00
-6.784493e+00
-6.805559e+00
-6.837406e+00
-6.810841e+00
-6.854955e+00
-6.835920e+00
-6.778204e+00
-6.771229e+00
-6.729896e+00
-6.698377e+00
-6.776266e+00
-6.742214e+00
-6.667086e+00
-6.671453e+00
-6.736648e+00
-6.738865e+00
-6.723696e+00
-6.734733e+00
-6.638968e+00
-6.713546e+00
-6.710127e+00
-6.802040e+00
-6.830938e+00
-6.875740e+00
-6.870056e+00
-6.824086e+00
-6.770851e+00
-6.724604e+00
-6.754240e+00
-6.812309e+00
-6.825943e+00
-6.855125e+00
-6.855210e+00
-6.784229e+00
-6.849078e+00
-6.836466e+00
-6.874283e+00
-6.874028e+00
-6.801645e+00
-6.813243e+00
-6.811660e+00
-6.799506e+00
-6.748029e+00
-6.703886e+00
-6.780222e+00
-6.725978e+00
-6.741738e+00
-6.686914e+00
-6.670568e+00
-6.716648e+00
-6.731770e+00
-6.709411e+00
-6.682854e+00
-6.666280e+00
-6.625931e+00
-6.647631e+00
-6.729705e+00
-6.800841e+00
-6.820770e+00
-6.762149e+00
-6.783959e+00
-6.621566e+00
-6.618566e+00
-6.677881e+00
-6.632720e+00
-6.662726e+00
-6.702426e+00
-6.653667e+00
-6.620576e+00
-6.617343e+00
-6.585960e+00
-6.631216e+00
-6.746734e+00
-6.753946e+00
-6.793082e+00
-6.763279e+00
-6.771565e+00
-6.751409e+00
-6.787680e+00
-6.739370e+00
-6.742507e+00
-6.714038e+00
-6.652421e+00
-6.629480e+00
-6.590945e+00
-6.661799e+00
-6.675319e+00
-6.704148e+00
-6.721828e+00
-6.758634e+00
-6.754985e+00
-6.885219e+00
-6.855127e+00
-6.850612e+00
-6.838407e+00
-6.889029e+00
-6.863753e+00
-6.890660e+00
-6.905013e+00
-6.917812e+00
-6.823699e+00
-6.741908e+00
-6.810906e+00
-6.803896e+00
-6.761693e+00
-6.691739e+00
-6.702684e+00
-6.750124e+00
-6.796440e+00
-6.818669e+00
-6.744248e+00
-6.744936e+00
-6.702506e+00
-6.647880e+00
-6.711771e+00
-6.769254e+00
-6.708680e+00
-6.824802e+00
-6.869513e+00
-6.823642e+00
-6.785946e+00
-6.722129e+00
-6.744909e+00
-6.745471e+00
-6.763186e+00
-6.690407e+00
-6.769326e+00
-6.811036e+00
-6.800034e+00
-6.820292e+00
-6.826797e+00
-6.843702e+00
-6.841402e+00
-6.810961e+00
-6.826521e+00
-6.796173e+00
-6.844747e+00
-6.820356e+00
-6.748976e+00
-6.720487e+00
-6.658028e+00
-6.652689e+00
-6.588037e+00
-6.556356e+00
-6.576516e+00
-6.614588e+00
-6.669687e+00
-6.598034e+00
-6.613743e+00
-6.672040e+00
-6.607297e+00
-6.664680e+00
-6.674116e+00
-6.660423e+00
-6.690473e+00
-6.700502e+00
-6.744883e+00
-6.712231e+00
-6.789739e+00
-6.767400e+00
-6.804448e+00
-6.820467e+00
-6.799105e+00
-6.743089e+00
-6.796203e+00
-6.808385e+00
-6.742807e+00
-6.714859e+00
-6.708286e+00
-6.680843e+00
-6.671872e+00
-6.585649e+00
-6.572981e+00
-6.608226e+00
-6.626266e+00
-6.578478e+00
-6.526326e+00
-6.547121e+00
-6.594230e+00
-6.602244e+00
-6.657706e+00
-6.674229e+00
-6.712291e+00
-6.730942e+00
-6.710402e+00
-6.715734e+00
-6.662031e+00
-6.671948e+00
-6.715437e+00
-6.726941e+00
-6.671248e+00
-6.697363e+00
-6.696311e+00
-6.731220e+00
-6.726174e+00
-6.666350e+00
-6.797801e+00
-6.727822e+00
-6.660946e+00
-6.559804e+00
-6.572074e+00
-6.587960e+00
-6.602439e+00
-6.598456e+00
-6.697278e+00
-6.723663e+00
-6.760553e+00
-6.809395e+00
-6.755299e+00
-6.694756e+00
-6.621313e+00
-6.610386e+00
-6.615709e+00
-6.691096e+00
-6.604522e+00
-6.613888e+00
-6.602351e+00
-6.598731e+00
-6.642817e+00
-6.624576e+00
-6.628833e+00
-6.561191e+00
-6.536562e+00
-6.651489e+00
-6.609428e+00
-6.612048e+00
-6.703378e+00
-6.688273e+00
-6.644881e+00
-6.679587e+00
-6.595031e+00
-6.614917e+00
-6.698386e+00
-6.780769e+00
-6.731920e+00
-6.708909e+00
-6.793236e+00
-6.796954e+00
-6.741472e+00
-6.693008e+00
-6.757469e+00
-6.675161e+00
-6.681926e+00
-6.687269e+00
-6.633705e+00
-6.674442e+00
-6.612475e+00
-6.584837e+00
-6.648834e+00
-6.577481e+00
-6.619915e+00
-6.676025e+00
-6.709140e+00
-6.680950e+00
-6.695208e+00
-6.664890e+00
-6.664361e+00
-6.666401e+00
-6.607719e+00
-6.579294e+00
-6.472066e+00
-6.505544e+00
-6.477359e+00
-6.488681e+00
-6.478344e+00
-6.435106e+00
-6.564583e+00
-6.538075e+00
-6.522864e+00
-6.601436e+00
-6.604555e+00
-6.691241e+00
-6.535422e+00
-6.615803e+00
-6.562008e+00
-6.534902e+00
-6.589023e+00
-6.530159e+00
-6.488050e+00
-6.569186e+00
-6.514890e+00
-6.511940e+00
-6.485010e+00
-6.445251e+00
-6.502026e+00
-6.532526e+00
-6.538164e+00
-6.591075e+00
-6.516709e+00
-6.559563e+00
-6.589966e+00
-6.573238e+00
-6.568656e+00
-6.532951e+00
-6.584060e+00
-6.615552e+00
-6.620496e+00
-6.590207e+00
-6.706930e+00
-6.676444e+00
-6.693484e+00
-6.676623e+00
-6.760394e+00
-6.796338e+00
-6.705615e+00
-6.627898e+00
-6.665052e+00
-6.749715e+00
-6.736451e+00
-6.693802e+00
-6.728750e+00
-6.760305e+00
-6.753965e+00
-6.720617e+00
-6.672788e+00
-6.611598e+00
-6.563163e+00
-6.568958e+00
-6.595429e+00
-6.549272e+00
-6.623228e+00
-6.637131e+00
-6.578114e+00
-6.602545e+00
-6.626335e+00
-6.697769e+00
-6.590068e+00
-6.631384e+00
-6.604226e+00
-6.612900e+00
-6.539516e+00
-6.492340e+00
-6.549122e+00
-6.610592e+00
-6.673022e+00
-6.650376e+00
-6.609760e+00
-6.682496e+00
-6.710406e+00
-6.642230e+00
-6.642942e+00
-6.638947e+00
-6.583739e+00
-6.510830e+00
-6.505104e+00
-6.493334e+00
-6.498898e+00
-6.541573e+00
-6.632760e+00
-6.602028e+00
-6.604547e+00
-6.635011e+00
-6.672047e+00
-6.637152e+00
-6.600307e+00
-6.598991e+00
-6.546701e+00
-6.652043e+00
-6.652302e+00
-6.669388e+00
-6.711472e+00
-6.788028e+00
-6.727166e+00
-6.707949e+00
-6.699657e+00
-6.675669e+00
-6.732028e+00
-6.691088e+00
-6.711714e+00
-6.782296e+00
-6.686531e+00
-6.673175e+00
-6.677868e+00
-6.653979e+00
-6.663873e+00
