#  GENERATED X OPTIMAL PARAMS
-0.925188
0.314919
0.191338
1.29849
1.29849
0.604574
0.604574
-1.18647
-1.18647
-1.18647
-1.18647
-1.18647
-1.22305
-1.33571
-1.33571
-1.488
-0.857233
-0.857233
-0.857233
-0.847201
0.15723
0.977786
0.977786
-1.06903
-0.651778
-0.651778
0.783347
-0.69566
-0.69566
0.996082
-0.981378
0.171105
0.171105
-1.05604
-0.850025
-0.949766
-0.949766
-0.949766
-0.949766
1.22245
-0.183735
1.15963
-0.453796
0.490835
-0.0496418
-0.0496418
-0.390451
-0.390451
-0.390451
0.698554
0.698554
0.698554
0.698554
0.698554
0.698554
0.698554
-0.595105
-0.336982
0.137697
0.137697
-0.71747
-0.71747
-0.71747
-0.71747
-0.71747
-0.71747
0.865042
0.865042
0.549364
0.549364
0.549364
0.549364
0.549364
-1.1385
-1.1385
-1.1385
-1.1385
0.610909
0.610909
0.320446
0.851847
0.851847
0.829218
0.0678184
0.0678184
0.0678184
1.13867
1.13867
1.13867
0.0390379
0.710207
0.710207
0.710207
0.710207
0.710207
0.710207
0.710207
0.710207
1.34818
1.55718
1.77401
1.77401
0.0611142
-0.338611
-1.91141
-1.91141
-1.84314
-1.73349
-1.73349
0.446814
-0.673384
-0.673384
-0.673384
-0.673384
-0.673384
-1.50795
-1.50795
-1.20965
0.148127
-0.443811
-0.636556
1.09214
1.09214
1.09214
1.09214
1.09214
0.102712
1.38369
0.517495
0.517495
0.858767
0.858767
-1.14705
-1.20084
-1.20084
-1.16202
-1.76531
-1.76531
-1.76531
-1.76531
-1.76531
0.595041
0.595041
-1.4829
-0.938999
-0.572784
0.74523
0.74523
0.74523
0.932284
-0.125841
-0.125841
-0.125841
1.40473
0.886124
-0.898188
1.12713
-0.799483
-0.799483
0.141094
0.141094
0.870758
0.374715
0.374715
-1.57225
-1.57225
0.318234
0.318234
-0.945701
1.25325
-0.900461
-0.900461
0.68654
0.68654
0.68654
-0.701151
-0.701151
-0.701151
-0.701151
0.832799
-0.355794
-0.355794
-0.300139
-1.20096
-1.20096
-0.171926
-0.171926
0.0560339
0.732446
0.732446
0.880639
-0.779904
-0.779904
-1.0639
0.122209
0.176787
0.176787
-1.25111
-1.25111
-1.25111
-1.25111
0.94666
-0.718763
-0.718763
1.1108
-1.51437
-0.508142
0.425585
0.150744
0.150744
0.614723
0.614723
0.614723
-0.630941
1.30367
-0.650681
-0.338308
-0.338308
-0.338308
-1.07877
-1.07877
-0.182096
0.563184
0.563184
0.52854
0.52854
0.52854
-0.645874
0.086149
0.151828
0.151828
0.22647
-0.886974
-0.886974
-0.886974
-0.886974
-0.914464
0.103229
0.00772347
0.697724
0.697724
0.697724
0.697724
0.851364
0.394476
0.394476
0.394476
-0.609875
-0.609875
-0.609875
-0.609875
0.942011
-0.444524
0.650478
0.17726
-0.405064
-0.405064
1.28273
1.28273
1.28273
1.28273
1.28273
1.28273
-1.00622
-0.575294
-0.575294
-0.575294
-0.575294
-0.575294
-1.39321
0.94584
-0.57072
-0.57072
-0.57072
-0.57072
-0.190024
-0.190024
1.6554
-0.689571
-0.689571
-0.689571
-0.689571
0.0173345
0.632218
0.823501
0.823501
0.823501
0.823501
0.823501
0.823501
1.42488
1.0256
1.02265
1.02265
1.02265
0.43923
0.500071
0.500071
-0.552643
-1.2108
-1.2108
-1.2108
-1.2108
-0.261843
-0.261843
-0.644261
-0.644261
-0.644261
-0.644261
-0.0467914
-0.0467914
-1.09539
-0.179456
-0.179456
-0.179456
0.218821
1.34751
0.976584
1.05079
1.05079
-1.3401
0.376652
1.31476
1.31476
1.31476
1.31476
1.31476
1.31476
0.495526
0.495526
0.495526
0.495526
-0.517837
0.275614
1.0679
1.0679
1.0679
1.59025
1.59025
-0.209099
-0.209099
1.30898
1.30898
-0.997951
-0.997951
-0.00880763
-0.00880763
-0.00880763
-0.39332
-0.639774
-0.0262714
1.66049
1.10568
1.10568
0.133541
0.133541
0.133541
-0.426619
0.975802
0.975802
-0.179563
-0.179563
-0.134362
-0.134362
-0.134362
0.947439
0.947439
0.947439
1.07855
1.07855
1.07855
0.119911
0.119911
0.119911
-0.209225
-0.209225
0.996511
0.996511
0.996511
0.996511
0.922372
0.922372
-0.906936
-0.906936
-1.43023
-1.43023
-1.28522
0.332176
0.332176
0.0628537
0.0628537
0.926582
-1.54302
-1.54302
-1.72236
-1.72236
-0.505711
-0.505711
0.570327
0.570327
0.570327
0.570327
-0.719139
-0.745544
0.693995
1.39459
1.39459
1.39459
1.39459
0.569887
-0.459399
0.508359
-0.436205
-0.436205
-0.725834
-0.388848
-0.533183
1.19739
1.19739
1.19739
0.277253
0.277253
0.677582
0.677582
0.677582
-0.642751
0.921554
0.133236
0.133236
0.133236
1.23201
1.23201
1.23201
1.23201
1.23201
-0.518257
1.18594
1.18594
1.18594
-0.331837
-0.331837
-0.331837
-0.331837
-1.20199
-1.20199
-1.20199
-1.20199
-1.20199
-1.20199
1.05285
1.06535
-0.111664
-0.111664
-0.111664
-0.111664
-0.111664
0.0357367
-0.491181
-0.491181
-0.491181
0.476126
0.476126
0.563319
0.563319
0.563319
0.563319
1.02264
1.02264
1.02264
-0.298082
-0.298082
0.108736
-0.378509
-0.378509
-0.378509
-0.378509
-0.378509
1.09405
1.09405
0.548287
0.548287
0.548287
0.548287
1.58171
1.58171
0.665922
0.665922
-1.14782
-0.621522
-1.19534
-1.19534
-1.19534
-1.19534
-1.19534
-1.19534
0.0880986
0.0880986
0.0880986
0.0880986
0.453056
0.453056
0.368215
1.05512
-1.49151
-1.04106
-0.583806
-0.583806
-0.583806
0.933091
0.933091
-0.548264
0.0167826
0.0167826
-1.61941
-1.08749
-1.08749
0.581395
0.581395
-0.282024
-0.282024
1.58962
0.207829
0.207829
-1.22207
0.626932
0.626932
0.626932
0.533717
0.533717
0.533717
0.533717
0.533717
-0.267494
-0.267494
-0.267494
-0.267494
-0.267494
-0.267494
0.214768
0.214768
0.822412
0.217081
0.217081
-0.58865
-0.702629
-0.702629
-0.702629
-0.702629
-0.702629
-0.702629
0.490236
-1.159
1.1418
-0.806533
-0.806533
0.595276
0.0124752
0.0124752
0.0124752
0.345966
0.345966
-1.1306
-1.1306
1.11329
1.11329
1.11329
1.11329
-0.235741
0.578482
0.578482
0.578482
-0.474969
0.141531
-0.0825659
0.197355
0.197355
0.197355
0.197355
0.197355
0.197355
0.317747
1.47827
1.47827
-0.949797
-0.949797
1.11785
1.11785
1.11785
1.11785
1.09813
1.09813
1.09813
1.09813
1.09813
1.09813
0.777212
0.777212
0.777212
0.777212
0.777212
-0.735712
-0.735712
-0.735712
-0.735712
-0.735712
-0.735712
-0.0336597
1.27901
1.27901
0.773951
0.634101
0.201317
0.505564
0.505564
0.505564
0.960893
0.960893
0.960893
0.960893
-0.0637409
-0.0637409
-0.0637409
-0.0637409
2.03636
2.21503
2.21503
2.21503
1.71059
1.71059
2.145
2.145
2.145
2.145
-0.118396
-0.118396
-0.118396
-0.118396
-0.118396
-0.118396
-1.42281
-0.16634
-0.16634
-0.16634
-0.16634
-0.16634
-0.16634
-0.417776
-1.29366
1.09418
0.589704
0.589704
0.589704
0.931765
0.812467
-0.995185
0.1115
0.1115
0.1115
0.1115
0.19879
-0.485608
-0.485608
-0.485608
-0.411516
-0.411516
-0.729851
1.47153
0.351615
0.351615
-0.0647073
-0.0647073
-0.0123476
1.12133
1.04445
1.04445
1.04445
0.405332
1.2278
1.80937
-0.141631
-0.141631
2.07775
0.424993
0.424993
-1.22012
-1.22012
-1.22012
1.19782
1.19782
-0.859224
-0.59632
-0.59632
-0.59632
-0.0324187
0.0401214
0.0401214
-1.26624
-1.26624
-1.26624
0.715795
0.715795
0.715795
0.715795
0.715795
0.715795
0.247047
-1.20142
0.281334
0.281334
0.281334
0.281334
0.0385632
0.0385632
0.0385632
-0.511838
0.500098
0.500098
0.500098
0.500098
1.38535
1.62862
0.536743
0.536743
0.957746
0.468683
0.468683
-0.918153
-0.918153
-0.918153
0.481537
0.352011
-0.0421895
-0.0421895
-0.0421895
-0.0421895
-0.0111102
-0.0111102
-0.103097
-0.103097
-0.103097
-0.103097
1.00155
-0.425408
-1.78383
-0.540775
-0.540775
-0.10822
-0.10822
0.132119
-1.06593
-1.06593
0.102451
-1.17401
0.832703
0.832703
-0.328234
-0.328234
-0.328234
-0.328234
-0.328234
-0.328234
-0.127207
0.0258603
-0.908812
-0.787893
-0.667984
-0.667984
-1.16193
-1.20675
0.455743
0.455743
0.455743
0.757186
0.757186
0.757186
0.757186
-1.07403
0.517202
0.517202
0.517202
0.517202
0.517202
0.517202
0.58667
0.535402
0.535402
0.535402
0.535402
0.535402
0.959227
-0.473865
-0.473865
1.49907
0.363515
0.363515
-1.14976
0.856648
-1.19269
-1.19269
0.536216
1.522
0.157786
0.527873
0.822321
0.903772
0.903772
0.903772
-0.705072
1.06067
1.06067
1.06067
1.06067
-0.650074
-0.748808
-0.748808
-0.748808
-0.748808
-0.299847
-0.299847
0.797464
0.797464
0.797464
-0.763538
-1.0127
-0.727797
0.596596
0.596596
-0.223672
-0.223672
-0.173748
-0.591772
-0.591772
0.897742
0.788946
0.788946
0.788946
0.788946
-0.548814
-0.548814
-0.898459
-0.915897
-0.915897
0.520639
1.0644
1.0644
1.0644
1.0644
1.41422
0.533653
0.37548
0.37548
-0.0120835
-0.0120835
1.05502
1.05502
1.08637
1.08637
1.08637
-0.755891
-0.755891
-0.755891
-0.755891
0.475415
0.475415
-0.608397
-0.203859
-0.203859
-0.203859
-0.203859
-0.366331
1.20204
1.19362
0.00469909
0.389346
-1.41404
0.536549
0.762188
0.762188
-0.332555
-0.332555
0.0194317
-0.533602
-0.533602
-0.533602
-0.533602
-0.533602
-0.533602
-0.533602
-0.533602
-0.533602
-1.25087
-1.38429
-1.38429
-0.868373
1.45024
1.45024
1.03064
1.03064
1.03064
1.03064
1.03064
0.295581
-1.00539
-1.00539
-1.00539
0.750413
-0.643732
0.471995
0.471995
0.471995
0.471995
-1.34574
1.05702
1.05702
-1.00779
-1.00779
-0.830794
-0.830794
-0.830794
-0.607052
1.35786
-1.13971
0.713904
0.855319
-0.241281
-1.08817
-1.08817
0.55065
0.55065
0.662469
0.662469
0.662469
0.662469
0.662469
1.20065
-0.639389
-0.639389
-0.639389
-0.639389
-0.553591
-1.22735
-1.22735
-1.22735
0.739769
0.947547
-0.153152
-0.759276
0.578608
0.578608
0.578608
0.578608
0.578608
0.578608
1.66087
-0.289277
-0.289277
-0.289277
-0.289277
-0.568779
-0.726298
-0.726298
-0.0945283
-0.0945283
-0.203734
-0.203734
-0.203734
0.0853199
0.0853199
-0.614884
-0.614884
-0.890954
-0.890954
-0.962028
0.439705
1.15164
1.15164
-0.769007
-0.690782
-1.33979
-1.33979
-1.12972
-1.12972
-1.22266
0.784362
0.784362
0.784362
0.784362
0.784362
0.784362
0.281079
0.281079
0.99128
-0.751141
0.390969
0.390969
0.390969
0.390969
0.390969
0.390969
0.390969
0.959527
0.642034
-0.302688
-0.889843
-0.481772
-0.481772
-0.481772
-0.481772
0.923922
0.437274
0.437274
0.199435
0.199435
0.199435
0.922959
0.922959
-0.756355
0.301192
0.301192
-0.960334
1.17867
1.17867
1.17867
-1.34492
-0.395271
-0.395271
0.396594
-0.388349
-0.604456
-0.604456
-0.604456
1.22096
1.22096
-0.473295
0.769262
-0.917647
0.271145
1.58474
1.58474
1.06421
1.31475
-0.904534
-0.517653
-0.517653
-1.22069
-1.22069
-1.22069
-0.389882
-0.389882
-0.389882
1.06846
0.910622
-1.10005
0.451974
-1.0808
0.113478
1.17361
1.17361
1.17361
1.23607
1.44325
1.44325
1.52687
-0.362749
0.451215
0.451215
-1.1164
-1.1164
-1.1164
-1.1164
-1.1164
-1.1164
-1.1164
-2.02358
-2.02358
-2.02358
-2.02358
-2.0596
-2.0596
-1.28869
0.429221
0.407231
0.654489
0.654489
0.999898
0.00389438
0.00389438
0.00389438
1.23794
1.23794
-0.0735466
-0.0735466
-0.0735466
-0.0735466
0.22114
0.22114
-0.187259
-0.187259
0.113797
0.113797
-1.54515
-1.54515
-1.54515
-0.474253
-1.24832
-1.24832
-1.24832
-1.24832
-0.414237
0.000167407
-0.611807
0.346825
0.23816
-0.964385
-0.964385
-0.964385
1.29932
1.29932
0.196528
0.196528
-0.375014
-0.375014
-0.375014
-1.12135
-0.35317
-0.823649
-0.823649
-0.823649
-0.823649
0.0634228
0.0634228
0.0634228
-1.5268
-1.5268
-1.5268
-1.5268
-1.5268
-1.5268
-0.275755
-0.275755
-0.275755
-0.517094
-0.517094
1.50292
1.50292
-0.471156
-0.471156
0.0276809
0.80333
0.80333
0.446946
0.58124
0.58124
0.58124
0.58124
0.803383
0.803383
0.803383
0.803383
0.510801
0.510801
0.510801
-0.375424
-0.375424
0.673252
0.673252
0.673252
0.515998
-1.17318
-1.17318
0.797943
-0.77408
-0.77408
-0.77408
-0.77408
-0.77408
-0.77408
-1.02748
-1.8136
-0.516863
-0.792104
-0.792104
-0.792104
-0.38737
-0.122512
-0.122512
-0.122512
-0.033746
1.31579
1.31579
1.31579
1.31579
1.31579
1.31579
1.31579
1.09004
0.642512
0.642512
0.642512
0.642512
-0.437624
-0.437624
-0.437624
-0.437624
0.671649
0.671649
0.671649
0.470042
0.470042
0.470042
0.470042
0.19673
-0.699518
-0.675319
-0.675319
-1.2621
-1.2621
-0.962907
-0.962907
0.297353
0.297353
0.297353
0.297353
0.297353
-0.656621
-0.656621
-0.656621
0.43459
0.43459
0.43459
0.43459
0.43459
0.43459
0.43459
0.43459
1.23452
1.23452
1.23452
1.23452
1.23452
-0.348618
-0.348618
-1.24323
-0.652518
-0.652518
0.612244
0.614399
0.614399
-0.133884
-0.133884
0.492155
-0.493069
-0.208746
0.707799
0.707799
0.707799
-0.751409
-0.751409
-0.0870674
-0.858018
-0.858018
-0.858018
-0.858018
-0.858018
-0.858018
-1.51504
-1.44844
-0.37174
0.843188
-1.16962
-0.817766
-0.817766
1.01499
1.01499
1.01499
-0.209744
-0.618864
-0.618864
-0.618864
-0.350779
-0.350779
-0.350779
-0.350779
0.947592
-0.825632
0.809907
0.809907
0.809907
0.809907
0.809907
0.809907
-1.15312
-0.301163
0.529724
1.15186
-1.04712
-1.04712
-0.213973
-0.213973
0.0120681
1.05954
-0.341684
0.0923716
0.0923716
-1.0052
-1.0052
-1.0052
-1.0052
-1.0052
-1.0052
-1.0052
-1.0052
0.433823
0.433823
0.748112
0.748112
0.748112
-1.04776
-0.24841
0.388899
0.388899
0.388899
0.388899
1.28221
0.0565056
1.15739
-0.45555
-0.45555
0.424323
0.424323
-0.442086
1.29095
1.36326
1.36326
-0.583483
-0.583483
-0.583483
-0.583483
-0.583483
-1.18081
-1.18081
1.26641
-1.37159
-1.37159
-1.37159
-1.37159
-1.46148
-1.46148
0.477965
-0.174429
0.909206
0.909206
0.909206
0.909206
0.909206
1.03626
1.03626
0.466264
-0.719729
-1.58198
-1.58198
-1.58198
-1.58198
-0.202606
0.708296
0.708296
0.708296
1.27512
0.299615
1.49698
0.768828
0.152675
0.152675
-1.26816
-1.26816
-1.02133
-1.02133
1.02096
1.02096
1.02096
1.02096
1.02096
1.02096
1.02096
-0.037434
-0.037434
1.23222
1.23222
1.01251
1.01251
0.482321
0.482321
0.482321
0.850316
0.850316
0.850316
-0.836791
-0.836791
-1.2214
-1.56348
-1.13344
0.120255
0.29342
0.29342
0.29342
0.29342
0.29342
0.29342
0.29342
0.192694
-1.0209
-0.196215
0.924199
0.924199
0.924199
1.32324
1.32324
-0.253612
0.265988
0.265988
0.265988
0.265988
0.265988
0.196474
1.19846
-0.492592
0.876493
-0.0445681
1.52368
1.52368
-0.0125771
0.966218
-0.488909
-0.488909
-0.488909
-0.488909
0.168217
0.168217
-0.0364711
-0.0364711
0.741507
0.741507
0.778008
0.778008
0.778008
0.911445
0.911445
-0.703452
-0.334499
0.376934
-1.05007
-1.05007
-1.05007
0.832928
0.832928
0.832928
0.668144
0.668144
0.668144
0.668144
0.887483
1.49768
-0.405675
-0.405675
1.04308
0.65725
0.65725
0.65725
0.65725
0.65725
0.65725
0.65725
0.65725
1.18981
-0.13495
1.02561
0.65131
-0.462681
-0.462681
0.864821
0.864821
0.864821
-1.46573
-1.37539
-1.37539
-0.680818
-0.680818
-0.680818
-0.680818
-0.382608
0.0282396
1.60539
1.60539
1.60539
0.328861
0.396496
0.396496
1.80425
1.80425
0.859712
0.859712
0.859712
1.46381
-0.414925
-0.414925
-0.874607
-0.874607
-0.874607
-0.874607
1.25668
1.25668
-1.0566
-1.0566
-0.690197
-0.690197
-0.690197
-0.690197
0.78016
0.50459
-1.00736
-1.00736
0.13533
0.692953
0.574344
0.574344
1.13468
1.13468
0.668468
-1.13633
0.249148
0.249148
0.884693
0.884693
0.884693
0.59828
0.59828
0.59828
0.0802195
-0.826449
-0.659665
-1.01278
-0.342528
-2.08538
-2.08538
-1.50526
-1.50526
-1.50526
-1.23544
-1.36673
-0.979017
0.861316
0.115916
0.115916
0.115916
0.115916
-0.036738
-0.036738
-0.036738
-1.84339
-1.84339
-0.719786
0.093516
-1.45135
0.0563017
-0.697792
1.45759
0.605254
0.605254
-0.83604
-0.83604
-0.83604
-0.83604
-0.83604
0.340002
0.792658
0.792658
-0.382647
-0.159253
1.602
1.602
1.602
1.602
1.602
1.602
1.602
-0.786592
-0.600741
0.233875
1.37534
0.39048
0.39048
0.39048
0.39048
0.39048
-0.236576
-0.20259
-0.20259
-0.20259
1.89645
-0.790355
-0.790355
-0.790355
-0.790355
-0.790355
-0.091734
-0.091734
-0.091734
-0.091734
-0.091734
-1.03702
-1.03702
-1.03702
-1.03702
-1.03702
-1.05351
-1.05351
0.291187
1.18373
-0.329536
1.34177
1.34177
1.83698
1.83013
1.46299
1.46299
1.46299
0.24229
0.24229
0.24229
0.24229
-0.50373
-0.341509
-0.341509
-1.20891
-1.20891
0.920933
0.920933
0.920933
-0.743874
-0.899622
-0.899622
-0.899622
0.972454
0.972454
0.972454
0.972454
0.454066
0.454066
0.454066
0.454066
0.454066
0.654552
0.654552
0.654552
-1.0226
0.915706
-0.0924536
0.144988
-0.120824
0.202591
1.10957
1.10957
-1.10486
-1.10486
-1.10486
-1.07236
-1.13018
-1.13018
-1.13018
-1.13018
-1.13018
-0.466663
-0.466663
-0.466663
1.08025
-0.117229
0.0152961
-1.46031
-0.309549
-0.309549
0.749434
1.38497
1.38497
1.38497
1.38497
1.38497
-0.999712
-0.999712
-1.45836
-0.235936
-0.235936
1.21464
0.482523
-1.74279
-1.74279
-1.74279
-1.74279
0.400926
1.27217
1.27217
1.27217
1.27217
1.27217
-1.05828
0.831914
0.831914
0.831914
0.0158825
-1.1872
-0.484491
-0.484491
-1.24801
0.451819
1.49105
0.399465
0.399465
0.399465
-0.326605
0.628872
1.71473
1.71473
0.195637
0.195637
-0.40127
1.51272
0.0127863
0.578423
0.258265
0.258265
0.045438
0.045438
-0.237214
0.455514
0.455514
0.455514
-0.00211815
-0.0687994
-0.483816
-0.483816
-0.324378
1.1468
0.0374949
0.586295
1.06279
1.23858
-1.42695
-1.42695
-0.552282
0.759676
0.759676
0.759676
0.999933
0.999933
0.092862
0.092862
0.092862
-0.455039
-0.455039
0.279849
-1.00332
-1.00332
-0.680492
0.344579
-0.970708
-0.970708
1.4238
-0.0644004
-0.0644004
-0.0644004
-0.159712
-0.159712
-0.159712
-0.587428
-1.19488
-1.19488
-1.19488
-1.21527
-0.199453
-0.199453
-0.199453
-0.199453
1.34427
1.34427
-1.11342
-1.82325
-1.38742
-0.217854
-0.68246
-0.676324
-0.676324
-0.676324
0.788166
0.788166
0.788166
0.788166
0.788166
0.788166
1.54194
1.54194
1.54194
1.54194
-0.917386
-1.22093
-1.22093
1.21948
1.21948
1.21948
1.21948
1.21948
1.21948
1.21948
0.866715
-0.977278
-1.62948
1.05548
1.05548
-0.736999
1.31252
1.31252
1.31252
0.966846
-0.702871
-0.702871
0.718179
0.879825
0.879825
0.879825
-0.139304
-0.7162
-0.7162
-0.446833
0.364235
-0.000715251
-0.000715251
0.870325
1.02043
1.02043
-0.60896
-0.674686
-0.674686
-0.302532
-0.737839
-0.737839
-1.20589
-1.20589
0.018911
-1.10596
-1.10596
-0.421918
-0.421918
0.706446
-1.06025
-1.06025
0.25854
0.25854
0.25854
-0.618649
-0.618649
-0.618649
1.52089
1.52089
1.52089
0.572624
-1.5809
-1.5809
-1.5809
0.515956
0.515956
-0.40674
-0.40674
0.866149
0.866149
0.866149
0.866149
0.866149
0.866149
0.879027
0.879027
0.147275
-1.76283
-1.76283
0.790336
-0.0198472
0.48972
-0.0702312
-0.446141
0.12185
1.05135
1.05135
-0.942938
-1.40041
-1.40041
0.87407
0.87407
-0.998718
-0.998718
-0.998718
-0.998718
-0.998718
-0.998718
-0.998718
-1.17637
-1.17637
-1.17637
-1.34118
0.96297
0.96297
0.96297
0.96297
0.96297
-1.65701
0.281893
-0.75105
-0.75105
-0.75105
-0.00314257
0.236233
-1.02939
-1.02939
-1.02939
1.35363
1.35363
-0.192859
-0.192859
-0.192859
-0.0564443
0.287461
0.563285
0.563285
0.563285
-0.711176
-0.711176
-0.711176
-0.711176
-0.527562
-0.527562
-0.527562
-0.527562
-0.527562
-0.527562
-0.527562
-0.999442
-0.678929
-0.357904
-0.357904
-0.357904
0.343465
0.463796
-0.505552
0.802238
-0.963389
0.243286
0.243286
0.243286
0.623829
0.184388
0.0127092
1.96909
1.96909
1.81158
1.81158
-0.884836
-0.884836
-0.884836
-1.29041
1.29619
1.29619
-1.12647
-1.12647
-1.12647
-1.44498
-1.44498
-0.888277
-0.888277
0.874289
0.874289
0.874289
0.874289
0.618976
0.774894
-0.705001
-0.705001
-0.705001
-0.705001
-0.705001
-0.705001
-0.651678
0.960852
0.960852
0.960852
-1.09716
0.882313
0.882313
0.794863
-1.17049
-0.953952
-0.953952
-0.815096
0.454388
0.633204
0.633204
1.9061
1.87269
0.806867
0.806867
0.806867
0.806867
0.806867
0.806867
-1.21763
-1.21763
0.39467
-1.31444
0.178193
0.390545
0.390545
0.390545
-0.942488
-0.942488
-0.942488
-0.797941
-0.839473
-0.839473
-1.77208
-1.77208
-1.77208
-0.534498
-0.534498
-0.534498
-0.534498
-0.10257
0.702736
-1.30868
1.01328
1.01328
1.01328
1.04905
0.692201
0.692201
0.692201
0.692201
0.449027
0.449027
1.09617
1.43639
1.43639
-0.442529
1.39187
1.39187
1.39187
1.39187
-0.734101
-0.734101
-0.734101
0.0484211
-0.330823
-0.330823
-0.330823
-0.954445
-0.954445
-0.954445
-0.954445
-0.121003
-0.121003
-0.121003
-0.121003
-0.66464
0.341793
0.341793
0.341793
0.341793
-1.34728
-0.0914392
-0.0914392
-1.02702
-1.02702
0.0893992
0.0893992
0.0893992
-0.673758
-0.673758
-0.678693
-0.678693
0.327266
-1.36032
-1.36032
-2.07876
-1.58185
-1.58185
-1.58185
-0.92789
-0.3695
-0.3695
0.430128
-1.38124
-1.38124
0.36057
0.36057
1.01278
0.78809
0.78809
0.78809
-0.484791
-0.484791
-0.484791
-1.11534
-1.11534
-1.11534
1.34077
1.34077
-0.497469
-0.497469
-0.497469
-1.20885
-1.20885
-1.20885
-1.20885
0.634544
0.634544
0.23958
0.23958
1.13869
-1.47087
0.943074
0.0886127
0.932774
-0.227048
-0.227048
-0.227048
0.000815207
0.573926
0.573926
0.573926
0.573926
0.573926
1.0013
1.0013
1.0013
1.0013
1.0013
-0.777448
-0.44686
1.21807
1.21807
0.966266
0.966266
0.966266
0.966266
0.966266
-0.12067
-1.56571
-1.05052
-1.05052
-1.05052
-0.296573
0.069198
1.0101
-1.20963
0.292575
0.292575
0.292575
-0.290709
-0.290709
-0.290709
1.39901
1.39901
1.39901
1.39901
1.39901
0.710972
0.710972
0.710972
0.710972
0.710972
0.710972
0.710972
0.710972
0.968803
0.968803
0.968803
0.658712
0.658712
0.658712
-1.1741
-1.1741
-1.1741
-1.1741
-1.1741
-1.1741
-1.1741
-1.1741
-1.1741
0.158435
0.158435
0.158435
-1.46221
0.0749783
0.0749783
0.0749783
0.0749783
0.0749783
0.981159
0.981159
-0.992295
-0.992295
-1.00374
-1.00374
-0.504616
-0.504616
-0.811541
1.33327
1.33327
1.33327
1.33327
-0.239342
-0.559659
-0.0684226
-0.0684226
-0.70832
0.925434
0.925434
0.925434
0.925434
-0.384989
0.00705557
0.698726
0.698726
-0.175474
-0.968048
-0.968048
-0.627038
-0.627038
-0.627038
-0.627038
-0.627038
-0.627038
-0.627038
1.43716
1.46302
1.46302
-0.630315
-0.630315
-0.630315
-0.746051
-0.854697
-0.0915103
1.23224
0.491339
-0.315661
-0.315661
-0.315661
-0.315661
0.939596
0.939596
0.939596
0.408496
0.408496
-0.0441868
-0.0441868
0.509406
0.509406
0.385616
1.05084
1.05084
1.05861
1.05861
1.05861
1.05861
1.05861
-0.809025
1.25153
0.170456
0.170456
1.19301
1.19301
-0.520112
0.675577
1.00726
0.79703
-0.194353
0.581138
0.581138
-1.56761
1.08175
1.08175
1.08175
1.08175
-0.227728
-0.227728
-0.750783
0.0733049
-0.959572
-0.959572
-0.138939
-0.138939
-0.138939
0.798436
0.798436
-0.218505
-0.218505
-0.218505
-0.567553
-0.567553
-0.411567
-0.411567
-0.411567
-0.411567
-0.411567
-1.07931
-1.07931
1.19874
1.23592
0.730716
0.764264
-0.52165
-0.709668
-0.924292
1.51289
1.51289
-0.531043
-0.531043
-0.531043
-0.531043
-0.531043
0.656003
0.656003
0.656003
0.656003
0.93248
0.93248
0.93248
0.93248
0.697673
0.697673
0.697673
0.697673
0.697673
0.697673
0.697673
1.36924
-0.819205
-0.343254
-0.61568
1.05278
0.835003
-0.486569
-0.336559
-0.336559
-0.336559
1.14357
-0.243668
-0.243668
0.196885
-1.5256
0.702324
0.702324
1.36773
1.47924
1.47924
1.47924
1.47924
-1.06028
-1.06028
-0.122491
-0.122491
-0.860022
-0.860022
0.858038
1.17588
-0.679217
1.56483
1.56483
1.39395
-1.06214
0.919925
0.919925
0.919925
0.505975
0.43355
1.37472
1.37472
1.37472
-1.17559
-1.17815
-1.17815
-1.17815
0.692008
0.904222
-0.493582
1.19779
1.19779
0.688748
-0.340868
-0.340868
-0.574958
0.933838
-1.20842
0.187454
-0.740567
-0.740567
1.46606
-0.490536
1.56915
1.56915
1.56915
-0.156666
1.15167
-0.386868
-0.386868
-0.386868
0.52339
0.52339
1.44238
1.44238
1.44238
1.44238
1.44238
1.17454
-0.491469
-0.491469
-1.24826
-0.996723
0.239138
0.239138
0.469133
0.469133
0.469133
0.469133
0.469133
0.469133
-1.04534
-0.453345
-0.453345
-0.239701
-0.239701
-0.239701
-0.239701
1.28271
-0.702633
-0.702633
-0.702633
-0.310095
-0.422775
0.62365
0.62365
0.62365
0.62365
-0.106475
1.3393
-0.232576
-0.807135
-0.348933
-1.58689
-0.296446
-0.296446
-0.296446
-1.03851
-1.03851
-1.33874
-1.33874
0.899277
-0.128546
-0.128546
-0.128546
-1.12341
-0.41994
-0.41994
-1.02742
1.51921
1.51921
1.51921
1.51921
1.51921
1.13269
1.13269
0.390912
1.376
-1.31094
-0.0227566
1.01233
1.01233
1.01233
1.01233
1.01233
0.584552
2.27868
1.99883
1.00379
1.00379
1.00379
1.04103
1.57947
1.57947
0.783934
-0.966185
0.00121479
0.00121479
-1.32361
-1.32361
-1.32361
-0.0764485
-0.834646
-0.834646
-0.834646
0.668506
0.668506
0.668506
0.668506
0.668506
0.668506
0.668506
0.0716702
0.0716702
0.0716702
0.0716702
-1.04125
-0.701953
-0.701953
-0.168993
-0.168993
-0.879752
0.90162
0.90162
1.2405
1.70833
1.23087
1.23087
-1.44255
-1.44255
-1.44255
-1.44255
-1.44255
-1.44255
-1.36363
0.94048
0.94048
0.410389
1.07801
0.690151
0.690151
0.690151
0.441309
0.441309
0.441309
-1.17469
-1.6218
-2.03653
-0.7921
-0.7921
-0.7921
0.225315
0.153685
0.938807
0.938807
1.02281
-0.00023059
-0.00023059
-0.00023059
1.0001
-0.997439
-0.997439
-0.997439
1.47174
-0.798728
-0.798728
-0.727341
0.757774
0.355233
-1.24745
-1.24745
1.00758
1.00758
1.10019
-0.524614
-0.524614
-1.05705
-1.05705
-1.05705
-1.05705
-1.05705
0.382073
0.382073
0.382073
-0.358747
-0.358747
-0.358747
-0.358747
0.589364
0.589364
-0.444197
0.780788
-0.705881
-0.705881
-0.705881
1.17031
1.15099
1.15099
1.15099
1.15099
-1.01313
-1.01313
-0.310055
-0.310055
-0.310055
-1.4302
-0.556265
-0.556265
-0.284816
-0.284816
-0.284816
-0.284816
-0.284816
-0.284816
-0.284816
-0.284816
-0.667732
-0.667732
-0.667732
0.825488
0.159996
0.159996
-0.783244
-0.708246
0.403199
0.403199
-1.11288
0.732528
-1.31096
0.953011
0.953011
0.953011
-0.61139
0.745449
0.745449
0.745449
0.745449
0.745449
0.745449
0.417422
1.4787
1.4787
1.09407
0.949706
0.0840909
-1.32928
0.443717
-0.00485248
-0.00485248
-0.00485248
-0.00485248
-0.00485248
-0.00485248
-0.839516
1.77781
-0.299599
0.867417
0.867417
0.487554
-1.2425
-1.2425
0.85758
0.220378
0.70384
-0.534362
-0.534362
-0.534362
-0.534362
-0.534362
-0.534362
-0.534362
-0.358775
-0.358775
-0.358775
0.091903
-0.943125
-0.813984
-0.813984
-0.813984
-0.617634
-0.617634
0.701833
-1.00788
-1.00788
-1.00788
-1.00788
-1.00788
-1.00788
-1.00788
1.20433
0.672113
0.672113
-0.770994
0.899831
-0.918559
-1.35707
0.536141
0.536141
-0.980606
1.18078
-1.48317
-0.507588
-0.507588
-0.507588
-0.507588
-1.78941
0.593843
0.593843
0.593843
0.593843
-1.08332
-1.08332
-1.08332
0.525958
-1.17912
-0.304956
-0.304956
-1.34384
-1.47374
-1.47374
0.651339
0.651339
0.651339
0.651339
1.34969
-1.04394
-1.04394
-0.655046
-1.02394
-1.02394
0.101978
1.03601
1.02268
1.02268
1.02268
1.02268
1.02268
1.02268
0.388635
-1.27463
1.2283
0.156726
-0.385341
0.350234
0.350234
0.350234
1.32132
-0.849581
-0.849581
-0.570515
-0.570515
-0.570515
-0.570515
-0.570515
-1.07781
-1.07781
1.01345
1.01345
1.01345
1.01345
1.01345
-0.338851
-0.338851
0.861918
-0.69809
0.848698
0.848698
0.848698
0.848698
0.848698
0.848698
0.848698
0.848698
0.848698
0.848698
-0.876619
-0.876619
-0.876619
-0.876619
0.986052
0.986052
1.02365
-0.687671
-0.687671
-0.687671
-0.687671
-0.687671
-0.687671
-0.687671
-0.687671
-0.687671
-0.687671
0.410472
0.410472
0.410472
0.781642
0.781642
-0.821324
-0.821324
-0.821324
-0.0524514
-0.0524514
0.625656
0.625656
1.47481
-0.167711
-0.167711
1.81018
1.81018
0.366566
-0.707502
-0.760097
-0.760097
1.34359
1.34359
-1.27039
0.232901
0.232901
-1.01336
1.18601
0.00523391
0.636341
0.636341
0.636341
0.636341
-1.67227
-1.64186
-0.0909405
-0.323703
-1.50096
0.244564
0.244564
0.244564
0.244564
-1.13663
-1.58205
-1.58205
-1.57899
-0.000890418
-0.000890418
-1.25723
-1.25723
-1.33135
-0.226491
0.788093
0.788093
-0.918517
-0.918517
1.14725
1.14725
0.131624
0.131624
0.224202
-0.509899
-0.847448
-0.847448
-0.847448
-0.847448
-0.847448
-1.17478
-1.40866
0.0900529
0.0900529
-0.954236
-0.954236
-0.954236
0.258373
-0.0262827
0.401605
1.92532
0.668605
0.668605
1.8292
1.8292
0.0995703
-0.313968
-1.03164
0.240676
0.240676
0.240676
0.240676
0.240676
0.240676
0.498874
0.498874
0.498874
-1.0225
-0.410004
-0.0368352
-0.63672
-0.63672
-0.63672
-0.63672
0.0479435
0.0479435
0.531778
0.60368
0.60368
0.262986
0.262986
-1.29216
-1.29216
-1.29216
-1.29216
-1.29216
0.749818
0.749818
0.904222
-0.391808
-0.391808
-0.143231
1.01324
0.36068
-1.319
-1.319
-0.142947
-0.142947
-0.142947
-1.31489
-1.31489
0.656735
-1.38679
-1.74446
-0.051848
1.22679
-0.260841
-0.260841
-0.334023
0.259792
0.259792
0.888545
0.888545
0.888545
0.888545
0.888545
-0.481282
-0.315005
-0.315005
-0.315005
-0.315005
-0.315005
-0.790907
-0.59762
-1.18606
-0.37098
-0.37098
-0.37098
-0.37098
-0.0563365
-0.0563365
-0.0563365
-0.0563365
-0.0563365
-0.0563365
-0.0563365
-0.0563365
0.7166
-0.910641
-0.910641
-0.910641
1.37809
1.37809
-0.320787
-0.320787
-0.743048
-0.743048
-0.743048
-0.743048
-0.743048
-0.625497
-0.625497
0.711399
0.711399
0.711399
0.711399
1.19235
1.19235
1.19235
0.179371
0.179371
0.179371
0.179371
0.179371
0.179371
1.45746
1.08672
1.08672
1.08672
1.22931
1.22931
1.22931
1.22931
0.284035
0.893049
-1.3998
0.445042
-0.0334099
0.426215
0.426215
0.426215
0.426215
-0.510101
-1.20861
-1.25135
0.591816
0.591816
0.591816
-1.01852
0.614114
0.614114
0.614114
0.0399569
0.0399569
0.469146
0.0470555
0.49129
-0.00899877
-0.00899877
-0.00899877
1.61969
-0.625822
-0.625822
-0.625822
-0.325192
0.88597
0.88597
0.88597
-0.337487
-0.337487
-0.09504
-1.18443
-0.826412
-0.760384
-0.760384
-0.760384
0.576931
-0.440429
-0.440429
-0.727906
-0.727906
-0.398149
-0.398149
-0.0981256
-0.0981256
0.750237
1.64173
0.277521
0.277521
-0.765147
-0.765147
-0.765147
-0.765147
-0.765147
-1.08915
0.912815
0.938912
0.938912
-0.105093
-0.105093
-0.105093
0.512397
-0.396847
-0.396847
-0.396847
-0.636736
-0.636736
-0.636736
1.26911
-0.202209
-0.202209
-0.202209
-0.202209
-0.458021
1.71974
0.40359
0.40359
0.40359
0.40359
0.40359
-0.0561207
-1.2629
1.10912
1.10912
1.10912
-0.550314
-0.550314
-0.550314
-0.903269
-0.903269
-0.903269
1.2343
1.0965
-0.383679
-0.383679
-0.383679
-0.383679
-0.766906
-1.12184
-1.36147
-0.373928
-0.230969
-0.230969
-0.230969
-0.230969
-0.230969
-0.230969
1.05296
1.05296
1.05296
1.15296
0.469864
-0.384644
-0.384644
1.27146
-0.0572109
-0.0572109
-0.0572109
1.10711
1.10711
1.10711
1.10711
0.128335
0.128335
0.954495
-0.362535
-0.605571
-0.605571
-0.605571
-0.605571
-0.605571
-0.605571
1.17828
1.17828
0.817517
-0.559216
-1.43417
-0.271525
-1.82967
-1.52955
-1.52955
-1.52955
-1.52955
-1.52955
0.831131
0.831131
0.601443
0.601443
0.601443
-0.259642
-0.259642
-0.259642
-0.259642
1.1167
0.0939763
0.0939763
0.180994
0.180994
-0.440208
-0.290223
-0.903653
-0.064735
0.534122
0.534122
-0.612024
-0.465132
1.32321
-0.877273
-0.877273
-0.877273
0.592645
0.592645
0.592645
0.592645
0.592645
0.592645
0.592645
0.592645
0.882228
-0.298427
-0.298427
0.444298
0.46062
0.46062
0.15806
-1.24294
-0.0659634
1.11313
1.11313
1.27706
-0.724726
-0.162246
-1.22839
-0.0261155
-0.410444
-0.410444
-0.410444
-0.512097
-1.09192
-0.587434
1.21138
-0.644131
0.641137
0.45835
0.45835
0.45835
0.45835
0.0216365
0.0216365
0.0216365
0.0216365
0.0216365
0.0216365
0.0216365
0.0216365
0.0216365
0.0879402
0.0879402
0.990549
0.467051
0.818235
-1.15187
-1.15187
-0.763363
1.11217
-0.745928
-0.745928
0.239754
1.26419
0.748795
0.0880989
0.0880989
1.04577
-0.994737
-0.26896
-0.643505
-1.06487
0.611737
0.611737
0.611737
1.29627
-0.448885
-0.448885
0.885738
0.885738
1.4915
0.774558
0.774558
0.591286
-1.17484
-1.17484
0.826484
0.826484
-0.727542
-0.727542
-0.690456
-0.641542
-1.73202
-0.12233
0.930402
0.930402
0.930402
0.930402
0.930402
0.576159
-1.54658
0.518611
0.518611
0.938344
-0.493079
-1.37596
-1.37596
-1.37596
-0.898686
-0.898686
-0.784479
0.757589
1.34853
0.517719
0.517719
0.517719
0.517719
-1.27901
-1.27901
-1.27901
-0.221535
0.0235825
0.746804
1.00364
-0.872286
-0.78113
-0.78113
-0.78113
1.3845
1.3845
1.3845
1.3845
0.0484004
0.111109
1.63578
1.63578
-0.430334
-0.430334
-0.574122
-0.574122
-0.574122
-0.574122
-0.574122
0.54447
0.54447
-0.749662
0.342049
-0.140022
-0.140022
-0.140022
-0.140022
-0.125939
-0.125939
1.33325
0.453859
0.453859
0.453859
0.453859
0.453859
0.453859
-0.19239
1.45917
1.14768
1.14768
1.14768
0.46033
1.13429
1.13429
0.486567
0.486567
0.486567
-0.656191
-0.656191
1.08429
1.90948
1.90948
1.90948
-0.702078
-0.702078
-0.702078
-0.702078
0.299722
1.00703
1.00703
-0.137612
-0.137612
0.776792
0.776792
0.436928
1.19594
0.186849
-1.24754
-0.0411831
-0.0411831
-0.0411831
-0.176251
-0.475987
-0.475987
-1.123
-1.123
-1.123
-1.123
0.733859
0.768877
0.768877
0.768877
0.768877
0.768877
0.768877
0.768877
0.768877
0.768877
-0.338902
-0.338902
-1.20468
-1.20468
-0.225535
-0.410715
-1.1568
-1.32299
-1.32299
1.33034
1.33034
0.556113
-0.910785
-0.910785
-0.853346
-0.853346
-0.52708
-0.52708
-1.16418
-1.16418
-1.16418
-0.677145
-0.677145
-0.677145
0.951541
0.946801
0.946801
0.892647
0.892647
1.0103
1.97305
1.18781
-1.1343
1.24467
1.24467
1.24467
0.610825
-1.14641
-1.14641
-1.14641
-0.157688
-1.01068
0.531232
0.531232
0.531232
0.531232
1.16752
1.13154
0.773187
0.773187
-1.19077
-0.293324
-0.293324
-0.293324
-0.726989
-0.726989
-0.726989
-1.64485
-1.64485
-1.64485
-1.19344
0.167874
0.167874
0.167874
0.167874
0.167874
-0.361452
-0.0471099
-0.0471099
-0.0471099
1.0575
1.0575
1.16346
0.825119
-1.15591
-0.322606
-0.234101
-0.234101
-0.234101
-0.234101
-0.973601
0.754983
0.181205
0.181205
0.181205
-0.213841
-0.213841
-0.40921
-0.0691366
0.967965
-0.997718
-0.997718
1.48789
1.48789
1.48789
1.48789
1.48789
0.449191
0.449191
-0.949527
-0.27115
-0.27115
-0.27115
-0.27115
1.12868
1.12868
0.75567
0.75567
0.75567
0.0660724
-1.32599
-0.627426
-0.627426
-0.627426
0.571496
0.91424
0.91424
0.91424
0.91424
1.00131
1.00131
1.00131
1.00131
1.00131
1.00131
1.01672
1.01672
-0.802875
-0.546535
-1.43928
0.542239
0.542239
-0.171915
-0.171915
0.682714
0.531977
0.531977
0.531977
1.10408
1.28185
1.28185
1.28185
1.28185
1.28185
1.28185
-0.402258
0.0192877
0.388736
0.388736
-0.990056
1.31195
1.31195
1.31195
0.815469
0.815469
0.815469
0.815469
-0.982907
-0.982907
-0.982907
-0.982907
-0.27441
0.805631
-0.408179
-0.408179
0.884084
0.884084
0.935358
0.935358
0.500802
0.500802
0.500802
-0.908183
-0.908183
-0.908183
-0.908183
0.997726
-0.664106
-0.664106
-0.664106
-0.664106
-0.531017
-0.658794
-0.658794
0.294847
0.294847
1.32604
0.766129
1.13663
-0.4199
-1.31726
-0.763139
-0.763139
1.39686
-0.726464
-0.563122
-0.563122
-0.563122
-0.563122
-0.563122
-0.563122
-0.563122
0.826291
-0.90438
-1.39839
-0.372062
-1.66151
-1.4922
-1.4922
-1.4922
-1.4922
-1.4922
-0.335853
0.129809
-0.296684
-0.296684
-0.838852
0.965446
0.965446
0.965446
0.965446
0.965446
0.965446
0.965446
1.62187
-0.877112
-1.26998
-0.940703
-0.940703
-0.940703
0.352152
0.352152
1.56376
0.242314
1.00319
-0.411887
0.422247
0.422247
0.422247
-0.086478
1.52508
1.52508
1.52508
1.18366
-0.0352366
-0.0352366
-0.449097
-0.449097
-0.513702
0.857222
0.857222
0.857222
0.599057
0.599057
0.986856
-0.997246
-0.997246
-0.482575
-0.720192
-0.720192
-0.720192
-0.720192
-0.720192
-0.720192
0.357871
0.357871
0.357871
0.357871
0.357871
0.991548
0.991548
1.08976
-0.597387
1.34655
1.82614
1.82614
1.82614
1.81739
1.65771
-0.0737787
0.675924
-1.21504
-1.21504
-1.78398
-1.26424
-0.0617363
-0.0617363
-0.0617363
-0.0617363
1.26582
-0.00532018
-0.00532018
-0.00532018
-0.00532018
-0.366253
-0.366253
-0.366253
-0.366253
1.42041
0.98937
0.0736727
1.21547
0.996735
0.996735
-0.640465
-0.640465
-0.640465
-0.640465
-0.640465
-1.37137
-1.37137
-1.37137
-1.01516
-1.01516
-1.14242
-0.997447
0.160445
0.160445
0.160445
0.160445
0.325985
1.63536
1.76406
1.76406
1.76406
0.409468
-1.11908
-1.11908
-0.870266
-0.870266
-0.848765
-0.848765
-0.829419
0.660858
0.660858
1.12256
1.12256
1.03167
1.79265
1.79265
0.750598
0.750598
-0.189331
-0.189331
-0.977906
-0.977906
0.713873
0.713873
0.713873
0.713873
0.314305
0.314305
0.314305
0.314305
-0.625697
-0.625697
0.0938418
0.79248
0.702029
0.702029
0.702029
1.61499
-0.709491
-0.709491
-0.709491
0.414435
1.41699
-0.369374
0.724963
0.724963
0.724963
1.10053
0.249587
-0.874433
-0.514205
0.506736
-0.511344
-0.511344
-0.511344
1.19442
1.19442
1.19442
1.15989
1.19734
0.562605
0.562605
0.599608
0.599608
0.599608
-1.2675
0.718522
-0.390709
-0.390709
0.414451
-0.122398
-0.122398
-0.122398
1.08311
-1.20239
-1.27436
-0.0380399
-0.0380399
-0.0380399
-0.0380399
0.408435
1.04638
1.04638
1.04638
0.0996735
0.0996735
0.0996735
-0.793261
-0.793261
-0.793261
-0.793261
0.49456
0.49456
-0.601915
-0.771529
-0.771529
-0.771529
-0.771529
-0.771529
-0.771529
-0.771529
-0.771529
-0.7656
-1.31155
0.493806
0.493806
-1.51449
-1.51449
0.601226
-0.107648
-0.107648
-0.107648
-0.455921
-0.455921
-1.32607
-0.338614
0.800531
-0.440626
-0.440626
-1.61471
-0.357556
-0.357556
-0.357556
-0.357556
-0.357556
-0.357556
-0.350094
-0.806425
-0.396452
-0.396452
-0.396452
0.709347
0.709347
0.847169
-0.755127
-0.755127
-0.755127
-0.755127
-1.04678
-0.30397
-0.30397
-0.30397
0.638883
0.0493502
0.0493502
1.41713
0.124342
-0.886805
-0.496702
-0.496702
-0.496702
-0.496702
0.275602
0.275602
-0.584564
-0.835608
-0.834481
-0.834481
-0.262058
-0.438268
-0.438268
0.701672
-0.763488
0.632519
0.997826
0.997826
0.997826
-0.80461
-0.592692
0.621202
-1.0062
-1.0062
-0.607392
0.934932
0.934932
0.369371
0.369371
0.369371
0.369371
0.61686
1.41962
0.690013
0.690013
0.690013
-1.03755
-1.03755
-0.59306
-0.59306
-1.08315
-1.08315
0.623426
-0.623599
-0.623599
-0.623599
0.453537
0.453537
0.453537
0.453537
0.810259
-0.95378
0.302522
0.175049
0.179436
0.179436
0.179436
0.179436
0.179436
-0.441759
0.366643
0.366643
0.797282
0.797282
0.797282
-1.15075
0.517054
0.452751
0.452751
0.452751
0.452751
0.452751
0.452751
0.452751
0.452751
0.452751
0.452751
0.396726
0.396726
0.396726
1.76294
1.54918
0.509603
0.195282
0.195282
0.195282
-0.891636
1.24554
-0.889156
0.797788
-0.614009
-0.614009
-0.614009
-0.614009
-0.606862
-0.606862
-0.606862
-0.606862
0.99544
0.99544
0.99544
1.71593
-0.383952
1.62379
1.62379
0.543654
-0.621693
-0.621693
0.658773
0.658773
0.658773
0.658773
-0.582706
-0.582706
0.533809
0.533809
0.533809
0.533809
0.533809
0.745838
-1.5402
0.868956
0.487942
1.70118
0.918894
0.918894
0.918894
0.918894
-1.42572
-1.42572
-1.42572
-1.42572
-1.42572
1.2536
0.952294
0.952294
0.952294
0.927497
1.86636
1.86636
1.86636
1.15945
1.15945
-0.958071
-0.958071
-0.958071
-0.958071
-0.958071
-0.958071
0.545434
-1.44211
-0.82296
0.251293
0.251293
0.251293
-1.04742
-1.04742
-1.04742
-1.04742
-1.04742
-1.04742
1.04911
1.04911
1.04911
1.02916
1.02916
1.02916
1.24618
1.0062
1.0062
1.41952
0.87512
0.87512
0.87512
0.87512
0.87512
0.271182
0.271182
0.271182
-1.05706
0.226999
0.226999
0.226999
0.226999
0.226999
0.484172
0.484172
0.484172
-0.368392
-0.368392
1.3326
-0.16868
-0.845126
-0.344096
-1.11644
0.598776
0.598776
1.48175
1.23127
1.23127
-0.985253
-0.985253
-0.856864
-0.856864
-0.856864
0.931856
0.90387
0.90387
0.90387
0.882055
0.882055
0.882055
0.882055
0.882055
0.882055
0.882055
0.882055
-0.224196
-0.224196
-0.224196
-0.224196
-0.224196
-0.292848
-1.30029
-0.958068
-0.958068
-0.958068
-0.958068
-0.293705
-0.293705
-0.293705
-0.293705
-0.79261
-0.79261
-0.719613
-0.719613
0.800188
0.800188
0.800188
0.800188
0.800188
-1.34753
0.74491
0.74491
0.157482
0.746147
0.841841
0.841841
0.933357
0.933357
0.933357
-0.745155
-0.745155
-0.745155
-0.646745
-0.646745
0.494318
-1.3264
-1.3264
-1.3264
-0.80342
-0.026164
-1.11984
-1.11984
-1.11984
0.547866
0.547866
0.547866
-0.986143
0.37859
0.731762
0.79859
0.79859
0.79859
0.79859
0.79859
0.480163
0.480163
-1.15234
-1.01943
-1.01943
-0.782088
-0.782088
-1.21448
-1.60969
0.485036
0.485036
0.485036
-0.106962
-0.366746
-0.366746
-0.366746
-0.746839
-0.746839
-0.746839
-0.746839
0.436854
0.436854
-0.222696
-0.222696
-0.222696
-0.222696
-0.222696
-0.222696
0.887379
0.431784
0.431784
0.431784
1.46237
1.46237
1.46237
1.14317
1.14317
1.14317
1.14317
1.14317
1.11015
1.11015
-0.425285
-0.966671
-0.966671
-0.966671
0.532261
-0.423466
-1.75161
-1.75161
-1.75161
-1.75161
-1.2097
-1.2097
-1.31389
-1.31389
-0.55548
-0.55548
-0.55548
-0.55548
-0.55548
-1.02797
-0.644845
-0.644845
-0.644845
-0.267589
-0.267589
-0.266092
-0.522611
0.0895526
-1.17734
-1.17734
-1.17734
-0.545109
0.116409
-0.721081
-0.28002
-0.28002
1.4496
1.4496
0.407869
0.407869
-0.3656
-1.19633
0.95239
0.586102
-0.887662
0.846724
-0.0807379
-0.71787
-0.71787
-0.71787
-0.71787
-0.71787
-0.71787
-1.92316
-1.92316
0.466379
1.19652
0.0983499
-1.0288
-0.911506
-0.911506
-0.703256
-0.703256
-1.16331
0.933041
0.933041
-0.413777
0.406523
-0.0400465
-0.781734
-0.781734
-0.689492
-0.689492
-0.689492
1.525
0.639589
-0.543688
-0.543688
-0.543688
-0.543688
-0.0052089
-2.20589
-2.20589
-2.20589
-0.844423
-0.473558
0.0768508
0.0768508
0.0768508
0.0768508
0.398429
0.663859
0.663859
0.663859
0.663859
0.663859
0.731067
1.13579
1.13579
0.883005
0.883005
0.883005
-0.122233
1.40055
1.40055
1.40055
0.796817
0.796817
-0.790955
0.969082
0.969082
-0.427113
-0.413593
0.157285
0.157285
-0.602489
-0.346852
-0.481613
-0.481613
0.660845
1.02084
-1.07223
1.1668
-0.561446
-0.561446
1.31033
1.26553
1.19209
1.2689
-1.34307
1.08055
-1.41121
-1.41121
-1.41121
-1.41121
-1.41121
-1.41121
-1.4587
-1.4587
0.27262
-0.86952
-0.86952
0.709062
0.709062
0.709062
-1.78771
-1.39724
-1.39724
1.04814
0.211663
0.211663
0.211663
-0.0917571
0.251897
0.9116
-0.0639501
0.957123
0.957123
0.204914
0.204914
1.24016
0.0118304
-0.110487
1.00001
1.00001
1.00001
0.935963
0.935963
0.569975
-0.325308
-0.325308
-0.325308
1.61381
0.922073
0.922073
0.922073
0.922073
0.922073
0.922073
0.922073
0.922073
0.922073
0.922073
0.922073
0.0647097
0.0647097
0.25194
0.286201
-1.37351
0.998446
-0.637483
-0.637483
-1.27483
-1.12587
-1.12587
-1.12587
-1.12587
-0.0627463
1.32299
-0.728538
-0.728538
-1.06123
0.160289
0.785881
-1.29198
-1.29198
0.281339
0.281339
0.398256
0.0913326
-1.27159
-1.27159
-1.27159
-0.429109
-0.429109
0.669845
0.669845
0.863073
1.24143
1.24143
-0.0878371
-0.0878371
-0.0878371
1.39241
1.39241
0.567023
0.122023
1.04196
0.453826
0.305573
-1.52731
-1.52731
-1.11709
-1.11709
-0.356722
-0.356722
-0.662811
0.733297
0.733297
0.733297
1.68003
1.5946
1.5946
0.710421
1.00019
1.66523
1.66523
0.923893
-0.461359
-0.668919
0.358014
0.358014
0.72668
0.72668
-0.488295
-0.488295
-1.01658
-1.01658
-0.831125
-0.713242
-0.713242
-0.713242
0.986986
-0.428677
0.445495
0.445495
0.83533
0.545143
-0.852327
-0.852327
-0.852327
-0.852327
-0.852327
-0.852327
-0.852327
-0.891906
-0.891906
-1.0549
-1.0549
-1.0549
-1.52187
-0.703374
-0.703374
0.491139
-0.49979
-0.49979
-0.49979
-0.49979
-0.49979
1.20707
1.20707
-0.205115
-0.783199
-0.783199
-0.783199
0.56136
0.133167
0.133167
0.133167
0.133167
0.133167
0.133167
0.133167
1.34322
0.421321
0.421321
0.421321
0.421321
0.669466
0.669466
-0.651215
-0.630703
-0.630703
0.253376
0.914574
0.914574
-0.50955
-0.50955
-1.14413
-1.14413
-1.14413
-0.0491312
-1.10685
-1.10685
0.393003
0.393003
0.589677
1.40395
1.40395
1.40395
1.40395
1.40395
0.473526
-0.308187
1.39827
1.54238
-0.751717
-0.0275725
-1.38607
-1.38607
-1.38607
-1.38607
-1.38607
-1.38607
0.344113
0.141855
-0.482213
-0.482213
-0.482213
-0.482213
-0.482213
-0.482213
1.00668
1.00668
1.00668
1.00668
1.00668
1.00668
1.00668
0.198775
-1.35984
0.331711
1.11758
1.11758
1.11758
1.11758
-1.02105
-0.630635
-1.66883
-1.66883
-1.66883
-1.63465
-1.63465
-0.122366
0.380212
0.555175
0.555175
0.555175
0.555175
-0.402758
-0.402758
-0.408481
-1.29432
-1.29432
-1.13257
-1.13257
1.04746
0.00773668
-1.38187
-1.66083
-0.44581
0.945419
0.460749
0.460749
0.461223
-1.12489
-0.966029
-0.966029
-0.966029
-0.966029
-0.966029
-0.159685
-0.159685
-0.159685
-0.482729
-0.445883
-0.445883
-0.288323
-0.554652
-0.554652
-0.0596496
-0.0596496
-1.25652
-1.61685
-0.299818
-0.299818
-0.299818
-0.732013
-0.515415
-1.22477
0.933732
0.356167
-0.0718517
0.254791
-0.362793
-0.362793
-0.362793
1.62306
1.62306
0.186572
0.186572
0.476795
0.986837
-1.41081
-1.25781
-0.733167
-0.733167
-0.469857
-0.469857
-0.180727
-0.180727
0.230221
0.230221
0.230221
0.230221
0.881101
0.470315
-0.473637
-0.473637
-1.19866
-0.505966
0.576152
0.576152
0.576152
0.576152
0.576152
0.576152
0.576152
0.576152
0.576152
0.576152
-0.131053
0.510002
1.44892
-0.0996883
-0.0996883
-0.0996883
-0.38511
-1.31374
-1.31374
0.131467
0.131467
0.131467
1.31843
1.31843
1.31238
0.451742
-1.70194
-1.70194
0.719334
-0.0388153
-0.357919
-1.55404
-0.0986742
-0.706904
-0.706904
-0.706904
-0.706904
-0.706904
0.063036
0.392977
0.392977
0.392977
-0.319975
-0.902955
-0.902955
-0.902955
-0.902955
-0.902955
-0.902955
0.406155
0.406155
-0.501072
-1.44631
1.19282
1.19282
1.19282
0.998546
0.998546
0.998546
0.998546
0.853815
0.891752
-1.0894
-1.0894
0.763368
0.649921
0.0924856
-0.117912
0.837552
0.837552
0.837552
0.932646
0.932646
-0.470458
-0.470458
-1.32938
-1.20048
-1.20048
0.507393
1.12599
-0.398307
0.1381
1.14828
1.14828
1.09453
1.09453
-1.33387
0.651448
0.651448
0.651448
0.651448
-1.1334
-1.1334
-1.1334
-1.1334
1.24232
-1.04466
0.0579812
0.208762
-0.296827
-0.296827
-0.43498
-1.02437
-1.02437
-0.393925
-0.0955015
-0.139389
-0.0137781
-0.0137781
-1.03089
-0.614566
-0.614566
-0.614566
-0.614566
-0.500772
-1.32328
-1.32328
-1.32328
-1.32328
-1.32328
-0.0798635
-0.528882
-0.528882
-1.10858
-1.35564
-0.759115
0.2081
0.0245126
0.0245126
1.13642
-1.39831
-1.39831
-0.0296445
-0.981631
-0.981631
-0.981631
-0.981631
-0.981631
-0.981631
-0.981631
-0.981631
-0.981631
-0.981631
0.155859
0.714309
0.714309
0.614879
0.625936
0.625936
0.625936
0.460528
0.460528
0.09995
-1.02525
-0.854081
0.918439
0.918439
0.918439
0.918439
0.918439
-1.17548
-1.17548
-1.17548
0.215306
1.02413
-1.45699
-1.45699
-1.26001
-1.26001
-1.26001
-0.43148
-0.43148
-0.43148
-0.43148
-0.132496
0.784868
-0.730732
-0.730732
0.856931
-1.00822
-1.00822
-1.00822
-0.614469
-0.614469
-0.618733
0.789346
0.789346
0.789346
0.789346
0.789346
-0.494405
-0.494405
-0.725066
-0.725066
-0.725066
0.893158
0.893158
-0.819263
1.86876
1.86876
1.86876
1.09645
1.71163
1.71163
-0.152722
0.848938
0.848938
-0.288027
-0.288027
0.290397
0.444928
0.396975
0.396975
-0.0272293
-0.0272293
0.273104
0.388104
0.176756
0.176756
0.176756
0.797052
0.797052
-0.77272
0.213565
1.41913
-0.55855
-0.55855
-1.32977
-0.455604
-0.455604
-1.63026
-1.63026
-0.766458
-0.766458
-0.57464
-0.744009
-0.744009
1.21097
1.21097
-0.143252
-0.143252
1.43426
1.43426
1.19076
1.19076
0.767478
0.767478
0.767478
0.767478
0.513597
0.513597
0.513597
0.513597
0.513597
0.513597
0.513597
-0.432232
0.00396929
0.767218
-0.150595
-0.150595
-0.150595
-0.150595
-0.150595
1.16279
1.16279
-0.894917
-0.894917
0.571522
0.571522
0.571522
0.924884
0.924884
0.924884
0.924884
1.12906
1.12906
0.229599
0.229599
-1.21451
-0.030254
1.56183
1.56183
0.121635
0.121635
0.121635
0.669645
-0.0593298
0.439206
1.06007
-1.14179
-1.14179
0.85864
-0.777101
-0.777101
0.361579
0.213954
0.213954
-1.03531
0.236284
-0.691487
-0.691487
-0.691487
-0.691487
-0.691487
-1.20436
1.25668
-1.0586
-1.5294
-0.343054
0.351677
0.351677
1.07132
1.07132
1.07132
0.517229
0.676444
-0.718204
-0.718204
-0.718204
-1.47758
0.404564
0.404564
0.404564
0.404564
0.404564
1.48702
-0.414505
-1.18814
0.215212
-0.327348
-0.327348
-0.327348
-0.00399546
-0.526814
-0.526814
-0.526814
1.0613
1.0613
1.0613
1.0613
1.0613
1.0613
1.0613
1.0613
1.0613
-1.08852
1.50448
1.50448
1.50448
1.50448
1.50448
-0.91994
-0.91994
-0.91994
-0.91994
-1.03175
-1.03175
-1.03175
0.188751
0.197195
0.197195
-1.18809
-1.18809
0.547118
-0.33971
-1.1028
-1.1028
-0.324086
-0.324086
-0.324086
-1.62418
-1.62418
-1.62418
-1.62418
-1.62418
-1.62418
-1.82242
-1.82242
-1.82242
0.528674
0.528674
0.528674
0.528674
-0.704955
0.796374
0.796374
0.605066
-0.610029
-0.610029
-0.610029
0.404845
0.8036
-0.910921
-0.910921
-0.910921
-0.910921
0.702962
0.702962
-0.429236
0.690016
0.690016
0.690016
0.115336
0.389053
-0.583265
-0.0938612
0.151598
0.151598
1.46738
-1.09752
0.9952
0.9952
0.9952
0.9952
0.796676
0.796676
0.796676
-0.349392
0.613475
0.613475
0.613475
-1.02437
-1.02437
-1.02437
1.18177
1.18177
-0.641391
-0.641391
-1.06158
-1.06158
-0.23933
-0.811612
-0.811612
0.460752
0.460752
-1.51792
0.539933
0.539933
0.539933
-0.39342
0.371015
0.371015
0.615604
0.615604
0.615604
-0.376027
-0.376027
0.377857
1.40542
1.70885
0.522245
-1.57796
-1.57796
-1.57796
-1.57796
-1.57796
-1.57796
-1.57796
-1.57796
0.843496
0.167875
-1.13198
-1.13198
1.14974
-1.48365
-0.385288
-0.207083
-0.798901
-0.798901
-0.798901
-0.798901
1.16403
-0.389766
-0.389766
-0.389766
-0.389766
-0.399519
0.614937
0.614937
0.614937
0.614937
0.629941
-1.65114
-1.65114
-1.65114
-0.241028
-1.66967
-0.851096
-0.851096
-0.00680487
-0.00680487
-0.693991
-0.52115
-0.52115
-0.0324513
0.292884
0.674385
0.674385
0.202693
0.202693
0.202693
-1.24128
-0.279155
-0.279155
-0.205922
0.675468
0.675468
0.675468
0.675468
0.769612
0.769612
0.769612
0.769612
0.769612
-1.00656
-0.0380159
-0.0380159
-0.0380159
-0.0380159
-0.0380159
0.218375
0.788032
0.788032
0.788032
0.788032
0.788032
0.788032
0.788032
0.213482
0.213482
0.213482
-0.568287
-0.568287
0.965172
0.965172
0.965172
-0.773314
-1.93529
-2.09119
-1.26977
-0.230163
1.25287
1.25287
-1.03938
0.931674
0.896854
0.876661
0.818973
-1.71376
-1.71376
-1.71376
-0.388412
1.42619
1.36604
1.42892
-1.14073
-1.14073
-1.33629
-1.33629
-1.33629
-0.0995497
-1.42932
0.551033
0.551033
0.551033
0.87049
0.87049
-0.221926
-0.300765
0.906173
0.906173
0.906173
0.906173
0.44326
0.430765
-0.816202
-0.816202
1.41088
1.41088
0.732559
1.46079
1.46079
-1.14219
-1.14219
-1.14219
0.713113
1.27983
-1.40013
0.0788685
0.469115
0.469115
-1.4834
-0.752355
-0.707513
-0.984013
-0.984013
-0.984013
-1.7328
-0.765039
-0.765039
-0.765039
-0.322743
0.618658
1.62493
1.62493
1.62493
-0.596352
0.06402
0.06402
0.06402
0.0809083
-0.369832
-0.369832
0.713297
0.713297
1.39332
1.39332
1.39332
-1.20932
0.424159
0.424159
-0.0512453
-0.0512453
-0.0512453
0.915459
-1.09145
-1.11943
0.687283
1.01942
0.428443
-1.37385
-1.45283
-1.45283
-0.380236
-0.380236
-0.380236
-0.395263
-0.118747
-0.118747
-0.997693
1.23842
1.23842
-0.930555
0.468169
-0.335553
0.237929
-1.11795
-1.11795
-1.11795
-1.11795
-1.11795
-1.11795
-0.287892
-0.287892
-0.80196
0.678054
-1.31203
-0.855064
0.648385
0.505153
0.505153
-1.58516
-1.58516
-1.58516
-1.58516
-1.58516
-0.413625
0.0263723
0.0263723
0.46724
0.46724
0.932889
0.932889
0.932889
0.038138
0.038138
0.038138
0.038138
0.975639
-0.71672
-0.71672
-0.71672
0.503061
0.503061
-1.25772
0.127109
-1.0137
-1.0137
-0.113714
-0.560068
-1.0733
-1.0733
-0.692272
-0.692272
-0.423996
-0.329062
-0.706651
-0.706651
0.57946
0.57946
1.07184
-1.36311
-1.36311
-1.36311
1.31062
-0.783665
-0.783665
-0.783665
1.44332
1.44332
1.44332
1.44332
1.44332
1.44332
1.44332
1.44332
1.44332
1.44332
-1.00762
-1.00762
-0.693037
-0.693037
-0.693037
0.790273
0.848704
1.09791
0.0399893
0.755084
0.755084
-0.789074
-0.789074
-0.789074
-0.775168
-0.792916
-0.792916
-0.792916
0.0333945
0.0333945
0.0333945
0.0333945
0.0333945
0.0333945
-0.656999
-0.656999
-0.656999
-0.278697
-0.278697
-0.278697
-0.278697
-0.278697
-0.278697
-0.278697
-0.943773
-0.943773
-0.943773
-1.80838
-1.91246
-1.91246
-0.0104022
0.71324
-0.746555
-0.746555
-0.746555
-0.746555
-0.746555
-0.746555
-0.746555
0.118082
-0.320081
0.15573
0.15573
0.50849
0.50849
-1.15907
-1.15907
-0.92503
-0.92503
-0.24198
-0.24198
-0.24198
-0.24198
-0.24198
-0.24198
0.431761
0.431761
0.0700471
-0.0192053
-0.0192053
-0.0192053
-1.43796
0.510418
0.510418
0.510418
0.510418
0.0278262
0.899746
0.899746
0.899038
0.899038
-0.4534
-0.4534
-0.4534
0.226428
0.226428
-1.09726
-0.398789
-0.398789
-0.398789
1.27167
1.27167
-1.15595
-1.15595
-0.495868
0.0636997
0.0636997
0.0636997
-1.30921
0.962773
0.962773
0.962773
0.479787
0.83949
0.83949
-0.697697
-1.19662
0.387614
0.387614
0.387614
0.387614
-0.32088
-0.32088
-0.32088
1.27566
1.41754
-0.42831
-0.42831
-0.42831
0.166455
0.310471
0.419747
-1.14874
1.15597
1.15597
-1.27306
1.11555
1.11555
1.11361
1.11361
-0.520003
-0.520003
-0.520003
-0.598554
0.720171
0.720171
-0.972179
-0.972179
-0.972179
1.27787
-0.800959
-0.800959
-0.800959
0.997228
0.204958
-0.636551
-0.636551
-0.636551
0.485844
0.485844
0.189141
0.0962186
1.17471
-0.766939
0.75932
0.75932
-1.14197
-1.14197
-1.14197
-1.0098
0.550194
-0.405491
1.07134
-1.0927
-1.0927
-1.0927
-1.0927
-1.0927
-1.0927
-0.575734
-0.575734
-0.575734
-1.5838
0.23402
-0.737464
-0.0487713
0.781173
0.781173
0.121682
-0.583372
-0.583372
1.26874
-0.469938
0.575407
0.575407
-0.4428
-0.123226
1.47491
1.47491
0.206901
0.105433
-0.50123
-0.50123
-0.50123
-0.50123
0.43903
-0.314284
-0.535381
-0.535381
-0.535381
-0.535381
-0.535381
-0.535381
-0.788351
-1.37951
-0.508377
-0.508377
0.346319
-1.70031
-1.70031
-0.945303
-0.945303
-1.04136
0.411108
0.411108
-0.101858
-0.101858
-0.101858
-0.856238
0.76744
0.76744
-0.27723
-0.27723
-1.34119
-0.958744
-0.958744
0.857993
-0.516997
-0.516997
-0.516997
-0.516997
-0.694825
-0.694825
-0.694825
-0.694825
-0.694825
-0.694825
-1.56858
-0.452438
0.87611
-0.755411
-0.755411
-0.755411
-0.755411
-0.755411
1.32668
1.32668
1.32668
1.20456
1.20456
1.20456
1.20456
0.591259
0.591259
0.591259
1.51736
-0.30649
-0.30649
-0.354833
0.467992
0.467992
0.467992
0.467992
0.467992
0.467992
1.24916
-1.21786
-0.209453
-0.209453
-0.316771
0.0595274
0.0595274
0.356401
0.563976
-0.0851242
0.133243
0.133243
0.133243
0.58135
0.58135
-0.404996
0.9001
0.9001
0.9001
0.9001
0.9001
0.9001
-0.514846
-0.985318
0.201045
0.201045
-1.84884
-1.84884
-1.84884
-1.84884
-1.84884
-1.84884
-0.591257
-0.591257
-0.591257
-0.591257
-0.591257
-0.930089
-0.930089
-1.2298
-1.2298
-1.2298
-1.2298
-1.2298
-1.2298
-1.2298
1.00099
1.00099
1.00099
1.00099
1.00099
1.00099
1.00099
1.00099
1.00099
0.822483
0.822483
0.730634
0.730634
0.730634
0.730634
0.730634
0.730634
-0.905237
-1.09863
-1.09863
-1.09863
-0.840894
1.41984
0.878005
0.878005
1.16758
-0.243658
-1.24014
-1.24014
-0.202384
-0.644732
-0.644732
-0.644732
-0.638489
-0.638489
1.80067
1.80067
1.93854
0.0643564
-0.925642
-0.925642
-0.925642
-0.925642
0.857974
0.857974
0.857974
0.857974
0.857974
0.857974
0.857974
-0.557189
-0.979922
-0.979922
-0.979922
-0.979922
-1.00032
0.500864
-0.26547
-0.0963919
-0.0963919
0.802591
1.40178
1.40178
0.457802
-0.593679
-0.593679
-0.593679
-1.01034
0.0112774
0.22996
-1.29666
-1.88008
-1.31818
0.233177
0.233177
0.233177
0.233177
-0.913147
-0.913147
-0.827936
1.40492
1.40492
0.00953554
0.00953554
-0.350672
-0.350672
-0.350672
-0.350672
0.0576448
0.0576448
0.0576448
0.0576448
0.0576448
0.533903
-1.14763
-1.14763
-0.865116
-0.591119
-0.591119
-0.617417
-0.617417
0.809993
0.809993
0.809993
0.809993
0.809993
0.809993
-0.765483
0.777643
-0.973932
-1.43374
-1.43374
-1.86004
-1.86004
-0.97635
1.30029
1.30029
1.18624
1.18624
-1.22768
-1.22768
-1.12126
-1.06488
0.430116
0.430116
-1.12918
-1.12918
0.0496105
0.0448514
0.0448514
1.88563
2.14172
1.67374
1.67374
-0.190369
-0.492629
-0.912344
-0.912344
-0.912344
-0.912344
-0.912344
0.100179
0.40768
0.40768
0.40768
0.585046
0.585046
-0.577133
0.747488
0.747488
-0.119547
-0.119547
-0.119547
-0.119547
-0.119547
0.759548
0.759548
0.759548
-0.341378
-0.341378
-0.341378
-0.341378
-0.341378
-1.27386
0.561491
0.561491
0.561491
0.561491
-0.400357
-0.400357
-0.400357
0.35809
-1.1557
0.544237
-1.26406
0.338168
0.574565
0.574565
-0.510013
-0.214359
-0.587638
0.481164
0.481164
0.481164
-0.671513
-0.998163
-0.998163
-0.915469
-0.915469
-0.915469
-0.915469
0.122015
0.122015
1.3363
0.608183
0.608183
0.86089
0.86089
0.86089
0.86089
0.86089
-0.525164
-0.525164
-1.06176
1.53652
0.60784
0.60784
1.4814
1.49833
1.49833
1.49833
1.49833
1.49833
0.568646
0.568646
0.742089
1.48895
-0.123251
1.11819
1.11819
1.11819
0.57699
0.178146
0.178146
0.178146
1.34384
0.419543
-0.457639
0.294032
0.294032
-0.651678
-0.651678
-0.651678
0.118674
0.118674
0.510404
-0.598874
-0.598874
0.494504
0.494504
0.494504
0.494504
-0.790329
0.812075
0.812075
-0.800774
-0.800774
-0.800774
0.75317
0.75317
0.75317
0.75317
0.75317
-0.89545
-0.89545
-0.89545
1.53762
1.53762
0.536868
0.536868
0.168632
0.168632
1.051
1.051
-0.622513
-0.622513
-0.0615779
-0.0615779
0.111149
1.38201
0.589151
1.59896
0.909237
-0.417975
-0.199332
0.740939
0.740939
-0.759741
-1.31055
-1.06559
0.19449
-0.686952
-0.686952
1.02389
-0.535778
0.638199
0.638199
-1.74573
-1.74573
-0.386474
0.171512
0.859643
-0.460059
-0.460059
1.30777
1.30777
-0.799231
-0.799231
-0.799231
0.288731
0.288731
-1.4142
-1.4142
-1.4142
0.809462
-0.920432
-0.920432
-0.920432
-0.920432
-1.57897
0.57349
0.57349
-0.408769
-0.408769
0.938352
0.938352
0.938352
-1.21935
1.09294
1.09294
1.09294
-0.129259
-0.54653
0.660968
2.08921
0.659649
0.659649
0.659649
0.659649
0.736121
-1.06361
-1.06327
-1.27826
-1.27826
-1.27826
-1.27826
0.558709
-1.09751
0.144571
0.144571
0.144571
0.144571
0.144571
0.144571
0.144571
-1.5637
0.726713
0.726713
0.726713
0.726713
0.726713
0.726713
-0.336262
-0.336262
-0.817004
0.928794
0.928794
0.928794
0.928794
-0.959937
-0.959937
0.570659
0.570659
-0.573851
0.1452
0.1452
0.692235
0.331137
1.00426
-1.37307
-0.519561
-0.519561
-0.220397
-0.220397
1.24707
1.24707
1.24707
0.427343
0.59191
0.59191
0.59191
0.59191
0.59191
0.754791
1.38132
1.38132
1.38132
0.186161
-0.314186
0.989503
0.133311
0.133311
0.961153
0.961153
0.614792
0.293722
0.605613
0.605613
0.605613
-0.466064
-0.466064
-0.510131
-0.510131
-0.510131
0.303303
0.303303
0.303303
-1.09104
-0.365896
-0.365896
-0.940131
0.0537478
-0.476718
-0.481177
-0.481177
0.311781
1.13614
0.433465
0.433465
-0.167064
-0.167064
-0.167064
-0.167064
-0.167064
0.840942
-0.472808
-0.472808
-0.6379
-0.6379
-0.693196
0.898581
0.898581
0.898581
-1.1044
0.414737
1.2925
1.2925
0.510031
0.510031
0.793587
-1.1303
1.14472
1.14472
0.935588
0.338077
-0.81859
0.492938
0.492938
0.492938
0.0839029
0.857593
-0.644564
-0.644564
-0.644564
-0.644564
-0.644564
-0.644564
0.42918
0.42918
-1.07918
-0.689655
-0.689655
0.789364
-0.568393
-1.20385
-1.20385
-1.20385
-1.46678
-1.46678
-1.07183
-1.07183
-0.714222
-0.714222
-0.714222
-0.0829562
-0.354768
-0.354768
-0.354768
-0.737849
1.16833
1.16833
-1.22749
-1.22749
1.13413
1.13413
0.392803
0.392803
0.392803
0.392803
0.392803
-0.667462
-0.280901
-0.280901
0.224482
0.224482
0.224482
-0.811804
-0.370043
-0.370043
0.122552
0.122552
0.122552
0.288313
-0.335616
-0.839526
0.116286
1.82526
1.82526
0.923879
0.923879
0.923879
-0.670154
0.375625
-1.12454
-1.12454
-0.538336
0.976301
0.976301
0.609411
1.15798
-1.26407
-1.26407
1.10101
1.10101
1.10101
1.10101
-1.03229
0.933866
-0.742092
-0.742092
-0.742092
-2.01412
0.0196862
0.652361
-1.14278
-1.38964
-1.38964
1.1018
1.1018
1.1018
1.1018
1.1018
1.1018
-1.10897
1.55941
-0.914112
1.52306
1.52306
1.52306
-0.107829
0.211737
-0.224232
-0.224232
0.421002
-1.36324
-1.36324
-1.36324
-1.36324
-0.917014
-0.917014
0.614434
0.614434
0.472991
0.472991
0.472991
-0.57033
-0.57033
-1.49866
-1.49866
-1.49866
-1.49866
-1.17612
1.28328
0.462934
0.462934
-0.165822
-0.165822
-0.0133974
0.799917
0.799917
0.152962
1.53332
0.0471934
0.0471934
1.36103
-1.27614
0.688716
0.688716
0.688716
1.00185
1.00185
1.00185
1.00185
1.00185
1.00185
1.00185
1.00185
-0.597588
-1.1996
1.08631
1.08631
-1.34984
-1.34984
-1.34984
-1.34984
-1.34984
-0.868452
-0.888427
0.316016
2.01566
2.01566
-0.354074
-0.354074
-0.354074
0.305792
0.933489
0.933489
-1.39638
-1.39638
-0.524666
0.449751
-0.61485
-0.680858
0.512234
0.512234
0.117048
0.88204
1.59703
0.486355
0.486355
0.486355
-0.689386
-0.689386
-1.00664
-1.00664
-0.849191
-1.64804
0.888463
0.751823
0.835837
-0.615322
-0.615322
-0.776845
-0.776845
0.0542121
-1.29936
-1.31706
-1.31706
-1.31706
-1.31706
-1.28
-1.28
1.33693
1.33693
1.33693
0.065391
1.27975
1.27975
1.27975
-1.22856
-1.22856
0.785589
0.785589
0.785589
-0.9685
-0.9685
-0.9685
-0.9685
1.20095
-0.957339
-0.957339
0.862495
0.862495
0.862495
0.58687
0.180132
0.99674
0.99674
0.99674
0.99674
0.99674
0.99674
-1.13662
-1.13662
-0.728245
-0.728245
0.326969
0.326969
0.326969
-1.52228
-1.52228
-1.52228
-1.70507
-1.90176
-1.90176
-1.90176
-1.90176
-2.40799
-0.215754
0.276393
-0.420924
-0.420924
-1.05797
-1.05797
-1.05797
-1.44987
-1.04808
-1.04808
-1.13709
-1.13709
0.595791
-0.754252
-0.754252
0.768844
1.52558
0.0600259
1.06959
-1.02865
-1.02865
-1.02865
-1.02865
-1.02865
0.124548
1.27675
1.15707
1.15707
-1.31502
-1.31502
-0.571861
-0.571861
-0.571861
-0.571861
-0.576873
1.07023
1.07023
1.07023
0.514567
0.514567
0.580189
0.580189
0.0760748
-0.381691
-0.381691
-0.381691
0.828168
0.500146
0.0885415
0.0885415
-1.00577
1.18739
1.18739
-0.381614
-0.381614
0.015733
0.015733
0.015733
-0.394746
1.07253
-0.0709702
-0.0709702
1.21074
-0.993633
-1.08842
0.521165
0.521165
0.00891044
0.00891044
0.198523
-1.81982
-1.81982
0.100875
0.100875
0.100875
0.100875
-0.356572
-0.044649
-0.044649
1.20365
1.20365
1.20365
1.20365
0.798091
0.798091
-0.678016
-0.678016
0.468062
0.250624
0.250624
1.29281
1.29281
0.694365
0.599635
0.561616
0.561616
0.561616
0.561616
-1.51245
0.931626
0.985925
0.53918
0.53918
0.53918
1.02051
1.02051
1.02051
1.02051
1.02051
0.284591
0.284591
0.0884333
-0.809406
-0.809406
-0.809406
-0.634219
-0.93411
1.01274
1.01274
1.01274
1.01274
1.01274
1.01274
1.01274
-1.16908
-1.16908
-1.16908
-1.16908
-1.16908
-0.997227
-0.997227
1.26643
1.26643
0.891651
0.732218
0.483393
0.483393
0.483393
-0.285863
-0.285863
-0.285863
1.61225
1.61225
1.36838
1.09021
-0.685269
-0.685269
0.356057
0.356057
-1.21797
-1.21797
0.138732
0.138732
0.138732
-1.20302
-1.20302
-1.20302
1.28113
-0.297412
-0.369525
-0.369525
0.557372
0.557372
0.557372
1.44041
-0.425972
-1.00112
1.11808
0.539691
0.539691
1.18566
-1.32477
1.32577
1.32577
-0.838558
-0.838558
1.66886
0.700275
1.02644
-0.266901
-0.266901
-0.993583
-0.993583
-0.993583
0.469381
0.469381
0.394131
0.394131
-1.27148
-0.435521
-0.435521
-0.435521
-0.435521
1.27214
1.27214
0.32456
0.32456
0.32456
-1.69741
0.932935
0.932935
0.932935
0.932935
0.932935
0.317113
0.317113
-0.382612
0.520786
0.520786
0.962892
-0.947463
-0.947463
-1.34784
-1.34784
-1.34784
-1.34784
-1.34784
-1.34784
-1.0952
-0.886067
-0.886067
1.66856
-0.121203
-0.121203
1.24383
0.795689
-1.15969
-0.308968
-1.37513
-1.37513
-0.542833
0.269927
0.269927
1.12684
0.680899
-0.559505
-0.559505
0.337161
0.337161
0.429977
0.429977
0.342454
0.342454
1.60068
1.60068
0.417712
0.417712
0.417712
-0.343096
-0.471177
1.3116
-0.967847
-0.967847
-0.967847
-0.967847
-0.961708
-0.961708
-0.261867
-0.490407
1.0231
1.0231
1.0231
1.64135
1.26346
-0.252352
-0.252352
-0.197242
-0.230758
1.03899
1.03899
-0.422542
0.0632624
0.0632624
0.0632624
0.0632624
-0.382085
-0.382085
0.584803
-0.807552
-0.807552
0.488978
1.12105
1.12105
0.903243
0.903243
-0.319448
-0.345428
-1.40272
-1.40272
-1.40272
1.08434
1.08434
-0.899187
1.25814
1.25814
1.25814
-0.580558
-0.580558
-0.580558
-0.878056
-0.878056
-0.878056
-0.878056
0.835138
0.835138
0.694717
0.108655
0.108655
0.108655
-0.243968
0.429965
0.429965
0.429965
1.18041
-1.16911
-1.16911
-1.16911
-0.532162
-1.40256
-1.40256
0.971931
-0.555204
-0.487595
-0.487595
0.288431
0.288431
0.288431
0.674193
-0.94854
0.785616
-0.651208
-0.651208
-0.651208
-0.377688
-0.93837
-0.93837
-0.704372
-0.704372
-0.704372
-0.14388
-0.14388
-0.14388
0.484351
0.484351
0.484351
1.82884
1.25339
1.37132
0.390687
-0.529127
-0.529127
-1.08841
-1.08841
-1.35972
-1.35972
-1.75976
-1.75976
-1.08975
-1.08975
0.305152
0.305152
1.13955
1.13955
1.13955
1.13955
1.14342
1.09405
1.09405
0.104836
-0.54684
-0.54684
-0.0895599
-1.09574
-2.51181
-1.35611
0.0373093
1.08712
-0.155872
-1.17025
0.233559
0.233559
0.233559
-0.347985
-1.34798
0.891054
0.371372
0.780865
-0.716153
-0.716153
0.433692
0.433692
1.34229
1.34229
1.34229
-0.755413
-0.755413
-0.288904
0.0793521
-0.883614
1.07465
-0.613403
-0.704824
-0.704824
-0.704824
-0.704824
-0.704824
-0.704824
-0.704824
-0.704824
-0.704824
-0.704824
0.851646
0.851646
1.59782
0.317531
-0.999431
-0.999431
-0.999431
-0.999431
-0.999431
-0.999431
-0.735262
-0.79067
-0.79067
-1.34048
-1.34048
-0.232253
-1.21134
-0.514311
1.06076
-1.08611
0.222596
0.770312
0.770312
0.767801
-0.370573
-0.370573
-0.370573
-0.370573
-0.370573
-0.370573
-1.19375
-1.19375
-0.896871
0.840537
0.840537
0.629703
0.629703
2.07732
2.07732
2.14092
0.566163
-1.41407
-1.41407
-0.477853
0.915475
0.915475
0.915475
0.252013
0.252013
0.252013
0.252013
1.19054
1.19054
1.19054
1.19054
0.344565
0.344565
-0.502562
-0.502562
-0.348503
-1.18588
-0.526934
0.981677
0.981677
0.981677
0.981677
0.981677
0.981677
0.981677
0.981677
0.981677
0.0260785
0.0260785
-0.27928
0.97857
0.97857
0.97857
-0.812026
0.0426932
-0.445601
-0.445601
-0.445601
-0.509574
-0.523372
-0.892906
-1.0506
-1.0506
-1.80742
-1.80742
-1.80742
-1.80742
-1.86103
-1.86103
0.343516
0.343516
0.343516
-1.83659
-0.660669
-0.660669
-0.660669
-0.660669
-0.660669
-0.660669
-0.660669
1.3219
-1.32109
-1.32109
-1.32109
1.22455
1.22455
1.22455
1.22455
1.05835
-0.274982
-0.274982
-0.274982
-0.274982
-0.501284
-0.501284
-0.481794
-0.481794
-0.481794
-0.764174
-0.764174
-0.764174
-0.768332
-0.529319
-0.529319
-0.529319
-0.211471
-0.211471
-0.211471
-0.211471
1.08606
0.836711
0.836711
0.836711
-0.393118
0.566789
0.566789
-0.666647
0.418802
0.418802
0.418802
1.13823
1.13823
-1.32365
-1.32365
0.271717
-1.19424
-1.19424
-1.19424
-1.19424
1.06907
1.06907
1.06907
-0.753974
-0.753974
-0.753974
-0.753974
0.817566
0.817566
0.879344
0.144149
0.144149
0.249736
0.249736
0.424348
0.424348
0.424348
0.936789
0.936789
0.936789
0.746883
0.746883
0.560774
0.207194
-0.505282
1.05964
-0.0715131
-0.149859
-0.716523
-0.716523
-0.716523
-0.716523
-0.21936
-0.986319
1.30235
-1.21243
-1.21243
-1.21243
-0.535495
0.0965877
-0.958805
-0.958805
-1.12219
-0.328583
-1.29754
0.767042
0.767042
0.14522
0.14522
0.902773
0.902773
-0.164856
-0.164856
-0.164856
-0.164856
-0.164856
-0.164856
-0.164856
-0.164856
0.137227
1.31255
1.09814
1.09814
1.09814
1.35928
-0.899039
1.09471
1.09471
0.0119027
-0.497192
-0.497192
-0.497192
-0.497192
0.10616
0.10616
0.10616
0.10616
-0.34822
1.5789
1.64143
1.52246
1.52246
1.52246
1.52246
1.52246
1.52246
1.52246
1.52246
1.52246
0.744844
-0.392768
-0.392768
-0.710623
-0.710623
-0.710623
-0.710623
-1.1297
-1.1297
-1.1297
-1.1297
-0.861998
-0.716694
0.661557
0.661557
-1.07873
0.742387
0.742387
0.742387
1.65923
-0.117647
1.29941
0.319648
1.17118
1.17118
1.17118
0.788273
1.68414
0.762914
-1.20981
-0.302336
-1.09597
-1.09597
-1.09597
-1.23906
-1.23906
-1.23906
-1.23906
0.380462
-0.934251
-0.448459
0.866146
0.866146
1.19505
1.19505
1.19505
1.19505
-1.25201
-0.257817
-0.257817
-0.257817
-0.257817
-0.257817
-0.257817
0.201114
-0.0565215
0.961224
0.961224
0.961224
0.961224
1.12203
1.12203
-0.770856
-0.770856
-0.770856
0.89327
0.470451
0.470451
0.470451
0.310744
1.54118
-1.01559
-1.01559
0.372213
0.372213
-0.374277
-1.16525
-0.782264
-0.140953
-0.140953
1.15207
0.21866
0.21866
-0.631497
-0.631497
-0.631497
-0.631497
0.556301
-0.538535
0.130509
1.18133
1.68292
0.790113
0.790113
0.790113
-0.0160717
-0.0160717
-0.0160717
0.84523
0.84523
0.84523
0.84523
0.84523
0.84523
0.84523
-1.07929
-1.07929
-1.07929
0.401597
0.401597
-0.890143
-1.5095
1.02377
1.02377
-0.777106
-0.777106
-0.777106
0.244482
0.244482
0.244482
1.26532
0.335117
-0.017254
-0.761953
-0.326977
-0.326977
-0.326977
0.218548
0.218548
1.77542
1.77542
-0.202323
-0.202323
0.864358
0.864358
1.38393
-0.731851
-0.731851
1.42566
0.723954
-0.784447
-0.784447
-0.823541
-0.823541
-0.823541
1.57392
1.57392
-0.222566
-1.13927
0.877922
0.877922
0.877922
0.877922
-0.0308383
-0.0308383
-0.0308383
0.011346
0.742396
0.742396
0.742396
-1.66002
0.799807
0.799807
-1.04865
-1.04865
-1.04865
-1.04865
0.262332
-0.00747047
0.312669
0.312669
-1.32005
-1.32005
-0.463737
-0.463737
-0.463737
0.979449
1.29807
1.29807
1.29807
1.29807
-1.33012
-1.1313
-1.1313
-1.1313
-1.1313
-1.1313
1.15497
1.60308
1.28577
1.45689
0.0705597
1.84451
0.565607
1.32793
-0.529353
0.619077
0.619077
-0.176746
-0.176746
-0.656894
-0.656894
1.15524
1.15524
1.25326
1.25326
1.25326
1.25326
1.25326
-1.22705
-0.583638
-0.583638
-0.583638
-0.61379
-0.61379
0.234512
0.234512
0.234512
0.234512
1.14809
1.14809
-1.09948
-1.09948
-0.722618
-0.722618
-0.722618
-0.722618
-0.722618
-0.722618
-0.722618
-0.722618
-0.722618
-1.39965
-1.39965
-1.51289
-1.51289
-1.51289
-0.936573
0.334758
0.482922
0.482922
-1.06973
-1.06973
-1.28153
-1.28153
0.468875
0.468875
0.468875
0.468875
0.563675
0.563675
0.563675
0.563675
0.985764
0.985764
0.242018
0.804392
-0.973114
1.00493
1.00493
1.00493
0.415127
-1.37523
1.02285
1.406
0.421638
0.421638
0.421638
0.421638
0.32501
0.32501
0.757211
0.757211
0.757211
0.757211
0.757211
0.757211
0.757211
-0.961449
-0.961449
1.47958
2.17822
2.17822
-0.50623
-0.50623
-1.39888
-1.23527
-1.23527
0.430497
0.430497
0.430497
0.430497
-1.77212
-1.77212
-1.77212
-1.77212
-1.77212
0.0255475
0.0255475
0.0255475
-0.157445
-0.157445
0.981256
-0.530348
-0.530348
-0.530348
-0.530348
-0.530348
-0.530348
0.843704
-0.442574
-0.669118
-0.669118
-0.669118
-0.669118
0.468383
0.468383
0.282058
0.8456
0.937565
0.856077
-0.944528
-0.944528
-0.944528
0.885708
0.885708
0.885708
0.885708
0.885708
0.885708
-0.338721
-0.338721
-0.338721
1.62043
-0.270066
0.925097
-1.02348
1.0493
1.0493
1.0493
1.0493
0.29582
0.29582
-0.716853
-0.716853
-0.716853
-0.517397
1.11874
1.11874
1.11874
0.336884
0.482521
0.482521
0.482521
0.482521
0.482521
0.482521
0.482521
0.501321
0.501321
-1.41623
-1.17382
0.898376
0.163693
0.163693
0.163693
0.163693
1.56871
1.56871
0.492237
-1.29371
-1.29371
-0.755531
-0.755531
-0.755531
-1.08631
-0.481273
1.55175
-0.895009
-1.16371
1.39057
-0.514267
0.800853
0.800853
0.800853
0.451187
0.451187
-0.678225
0.503117
-0.0395628
-0.0395628
0.253258
0.157962
0.157962
0.157962
0.157962
0.157962
1.00294
0.113757
-0.879577
-0.879577
-0.879577
-0.37576
0.367101
1.38889
1.38889
-0.162991
-0.555897
-0.935454
-0.935454
-0.935454
-0.394829
1.33117
-0.336134
-0.711804
-0.711804
1.47648
2.06874
1.83093
-0.379513
0.736974
0.736974
1.20036
0.541177
0.541177
1.11082
0.26966
0.26966
0.165922
0.165922
0.208604
0.208604
1.28032
0.00891982
0.00891982
0.00891982
-0.812311
-0.812311
-1.18924
-0.345889
0.451727
-1.11789
-1.11789
1.26123
0.50529
1.63301
-0.0226898
-0.0226898
0.321962
0.343483
2.07253
2.07253
2.07253
-0.404008
-0.404008
-0.989356
-0.989356
-0.989356
-0.882169
-0.882169
-0.882169
-0.882169
1.19876
0.192714
0.192714
0.192714
0.192714
0.192714
0.192714
-0.456636
-0.092284
0.269694
0.468364
0.468364
0.468364
-0.272827
0.256743
-0.170922
-0.170922
1.4008
-0.970351
0.483604
1.13084
1.13084
1.20978
1.20978
-0.483984
-0.483984
-0.797101
-0.797101
1.14401
1.14401
1.14401
1.14401
1.14401
0.241057
0.469217
0.469217
-0.224923
-1.25103
-1.03234
0.312773
-0.903981
-1.22832
-0.348241
1.12923
1.12923
1.12923
1.05649
-1.16001
-0.42727
-0.42727
-0.42727
-0.42727
0.753515
0.235464
0.235464
-1.00076
-1.00076
-1.22641
-1.22641
-1.26556
1.26521
1.26521
0.564401
-0.485637
-0.337083
-0.337083
-0.337083
-0.337083
1.29373
1.29373
-0.463573
-0.463573
-0.0754129
0.837477
0.957854
0.957854
0.957854
-0.0696994
-1.42401
-1.42401
-1.42401
0.148911
0.771202
0.771202
0.771202
0.771202
0.771202
0.771202
-1.22663
0.0873145
-1.12604
-1.02964
1.08423
-0.780862
-0.144894
-1.68945
-0.923144
0.634312
0.634312
0.634312
0.688903
0.688903
0.688903
0.688903
0.688903
0.893936
0.893936
0.893936
0.893936
0.893936
-0.708592
-0.708592
-0.708592
-0.708592
1.04557
1.04557
1.04557
1.04557
-1.33681
-1.33681
-1.33681
-1.33681
-1.33681
-1.33681
-0.857107
1.20586
0.253467
1.07627
1.03644
0.662873
1.41435
1.41435
-0.10959
0.736992
0.736992
1.31582
1.31582
1.28932
0.658043
-0.549188
-0.549188
0.653588
0.653588
0.786306
0.786306
0.786306
0.786306
0.786306
0.737166
0.737166
0.737166
0.737166
0.737166
0.737166
0.737166
0.737166
0.737166
0.737166
0.159183
0.698999
-0.840087
-0.500839
-0.500839
-0.500839
-0.500839
-0.500839
-1.07129
-1.04227
-1.04227
1.27454
1.27454
0.883571
0.883571
0.519784
0.519784
-1.04717
-1.51596
-1.51596
-0.261953
-0.261953
-0.0470024
0.0842726
0.0842726
0.0842726
-0.639146
0.0681837
1.34151
1.09449
-1.02723
-1.39468
-1.39468
-1.39468
0.372905
0.372905
0.177362
-0.78474
-0.78474
-0.774914
0.161542
0.161542
-0.900473
-0.900473
-0.900473
0.150062
0.441179
0.441179
0.441179
0.441179
1.09464
1.09464
1.09464
1.09464
1.09464
0.46862
0.594193
0.594193
0.594193
1.62297
1.62297
1.62297
1.62297
-0.231457
-0.231457
-0.68277
-0.68277
-0.833923
-0.833923
-1.2954
-1.2954
-0.144242
-0.144242
-0.444377
0.457361
0.457361
-0.847508
-0.847508
-0.847508
1.72074
1.72074
1.23414
-0.181669
1.21504
-0.207604
-0.207604
-0.207604
0.321898
-1.21204
-1.21204
-1.58835
0.0882119
-1.09348
0.961197
-0.475681
1.06895
0.743622
0.743622
0.743622
0.765575
0.765575
0.765575
0.765575
0.765575
0.334226
1.06228
1.06228
0.329556
0.329556
0.8535
0.8535
-0.425644
-0.425644
-0.425644
-0.425644
0.152211
1.12824
1.12824
0.278662
0.278662
-0.291737
-0.433204
1.3324
0.968793
0.968793
-0.958955
0.705906
-0.124886
-1.04905
0.0161705
0.0161705
0.0161705
-0.108325
-1.43474
0.0788406
1.12251
1.12251
1.10579
0.961269
0.961269
-0.137734
-0.137734
-0.137734
0.785525
0.785525
0.785525
0.785525
-1.30639
0.0823109
0.743515
0.743515
0.743515
-1.37274
-1.37274
-1.37274
1.27783
1.27783
1.27783
1.27783
0.0674028
0.0674028
-0.998221
0.33022
-0.67179
-0.613126
-0.613126
-0.613126
-1.04471
-1.04471
-0.288892
-0.288892
-1.00982
-1.00982
-1.00982
-1.00982
-0.573848
-1.27744
-0.0785916
-0.0785916
0.496859
0.492916
0.492916
0.492916
0.492916
0.492916
0.492916
0.492916
0.492916
0.492916
-0.462091
-0.379855
0.376528
0.376528
0.376528
0.971617
0.971617
0.971617
-1.08983
0.444584
0.444584
0.444584
0.444584
0.444584
0.444584
0.444584
1.36457
1.36457
1.36457
1.36457
0.292251
-0.470788
-0.470788
-0.470788
-0.470788
-0.470788
-0.264483
-0.264483
-0.264483
-0.264483
-1.54744
-0.392481
-0.392481
-0.392481
1.45783
1.45783
1.45783
0.457292
0.636288
0.636288
0.00972489
0.852285
-0.700201
-0.774128
-0.278422
-0.517227
0.215605
0.215605
0.173379
0.173379
-0.529111
0.512597
0.512597
0.512597
-0.0906359
-1.14898
1.47209
1.04646
1.04646
1.04646
-0.510805
-0.221977
-0.0509392
-0.0509392
-0.0367669
0.0938055
0.0938055
0.0938055
0.0938055
1.21407
1.21407
1.21407
0.88236
0.470847
0.470847
0.470847
0.470847
-0.083387
0.339644
-0.350947
-0.350947
-0.350947
-0.350947
-0.567491
-0.491027
0.901706
-0.21213
-0.21213
1.89429
1.89429
2.01745
-0.30625
-0.30625
1.0393
0.496335
0.496335
0.496335
1.52014
1.52014
-0.327121
0.0423417
1.91876
1.91876
1.91876
0.932184
-0.620877
-0.620877
0.833011
0.561708
0.273666
-1.10782
-1.10782
0.825397
0.825397
0.361994
0.361994
-2.1448
-2.1448
-2.1448
-0.752076
1.40482
1.40482
1.34176
1.34176
1.34176
1.35504
1.35504
-0.0897882
-0.112822
-0.112822
0.280628
0.280628
0.221889
1.14534
1.0842
1.39781
1.59626
-0.124072
-0.124072
1.35713
0.935014
-0.879325
-0.879325
-0.0207358
-0.0207358
-0.193462
0.246021
-1.94449
-1.94449
-1.94449
0.0372336
-0.334142
-0.334142
-0.334142
0.257322
1.30712
1.30712
1.30712
1.30712
1.00996
1.00996
1.00996
1.00996
0.579628
1.10593
-0.74398
-0.74398
-1.2509
-1.2509
-1.2509
-0.053385
-0.369928
-0.369928
-0.0792718
-0.0792718
-0.532962
-0.532962
-0.532962
-0.884126
-1.46383
-1.84226
-1.84226
0.508467
0.876898
0.876898
1.35035
1.35035
1.35035
1.18191
1.18191
1.18191
1.18191
1.18191
0.0834461
0.0834461
0.0834461
-0.352212
-0.352212
-0.898316
-1.48144
-1.48144
-1.48144
0.356436
0.356436
0.49959
0.49959
0.49959
0.980257
0.980257
0.980257
0.980257
1.47965
1.47965
1.47965
0.472085
0.472085
0.472085
0.472085
0.472085
0.95594
0.317191
0.317191
1.191
1.191
-0.618177
-0.618177
0.0652579
0.0652579
0.0652579
1.40683
1.40683
1.20855
-0.128162
1.00648
1.00648
1.00648
0.410788
-0.481215
-0.481215
-0.481215
-0.481215
1.82474
1.82474
-0.426735
0.823258
-0.140373
0.991061
0.991061
0.991061
0.991061
0.991061
-0.858204
-0.461349
-0.928068
-1.43538
-1.43538
-1.43538
-1.31781
-1.31781
1.35997
-0.355311
-0.237424
-0.955123
-0.955123
-0.0234258
-0.0234258
-0.328883
-0.328883
-0.873226
0.877486
0.877486
-0.624568
-0.624568
-0.624568
-0.624568
-0.607324
0.563902
0.563902
0.563902
-1.0762
-1.0762
1.10886
-1.37139
-1.37139
1.05598
-0.692021
-0.692021
-0.692021
0.00478167
-1.25757
-1.0061
-1.0061
-1.0061
-1.0061
-1.0061
-1.0061
-1.0061
-1.0061
0.0155311
0.207704
0.185462
1.61388
-0.028018
-0.631168
-0.631168
-0.631168
1.29141
-1.06542
-1.06542
-1.06542
1.14159
-0.566571
-0.566571
-1.54592
-1.50599
-1.50599
-1.6734
-1.6734
-0.761855
-0.761855
-0.765018
-0.765018
0.662387
0.662387
0.662387
0.662387
0.662387
0.662387
0.662387
-1.11781
-1.11327
0.699849
0.699849
0.699849
0.699849
-1.17033
0.030062
1.11729
-0.0065885
-0.714388
0.586373
0.586373
0.586373
-0.885222
-0.885222
-1.42238
-1.42238
-1.42238
0.341645
0.341645
0.483779
-0.802955
-0.712628
0.949615
0.949615
0.949615
-0.295435
-0.295435
-0.295435
-0.295435
-0.295435
-0.295435
-0.295435
1.36148
-0.357522
-0.357522
-0.357522
-0.357522
-0.90073
0.499786
0.499786
0.499786
0.499786
-0.210382
-0.210382
-0.548587
-0.548587
-0.548587
-0.548587
-0.298448
0.427252
0.427252
-0.75853
1.19241
1.19241
-0.436516
-0.436516
0.138477
0.403167
0.403167
-0.660348
1.12897
1.12897
1.12897
0.661536
0.661536
0.661536
0.661536
0.661536
0.661536
0.661536
-0.561255
-1.07635
-1.07635
-0.280848
-0.280848
-1.12263
-1.12263
-0.362745
-0.362745
-0.362745
-0.362745
-0.362745
-0.362745
-0.803493
-0.803493
0.833549
1.14343
-0.746673
-0.746673
-0.746673
-0.746673
-0.746673
-0.746673
-0.439164
-0.439164
-1.41767
0.151936
-0.459188
-0.829217
-0.829217
-1.10127
-0.835713
-0.835713
-0.835713
-0.835713
0.864307
-0.436597
1.11545
1.11545
-0.498701
0.612524
0.665764
0.665764
-0.830443
-1.085
-1.085
0.0242265
0.0242265
0.0242265
0.863715
0.863715
0.863715
0.852221
0.719551
0.545177
0.830183
0.830183
-1.46673
-1.46673
0.642533
1.4158
1.4158
1.4158
-0.327165
-0.327165
-0.292344
-0.292344
-0.292344
-0.292344
-0.292344
-0.292344
-0.248188
-0.248188
0.367769
-0.730225
-1.01151
0.781017
0.781017
0.781017
-1.40777
-1.40777
-1.40777
1.00034
-1.18632
-0.218818
-0.218818
-0.271642
0.618787
1.48827
1.41971
1.41971
-0.822761
-0.726606
-0.726606
-0.726606
-0.726606
0.197586
-0.0105212
-0.370789
-0.370789
0.0682228
-0.552627
-0.552627
-0.552627
-0.552627
-0.552627
-0.682555
1.34006
-1.19724
0.170861
0.170861
-0.569152
-0.569152
-0.121247
-0.121247
0.045472
0.045472
1.34215
1.34215
-0.121226
-0.679423
0.30843
1.02997
1.02997
1.02997
1.04629
0.0472602
-0.132491
-0.132491
-1.47984
-1.01515
0.42861
0.42861
0.42861
0.42861
0.330703
0.330703
0.608758
0.608758
0.608758
0.608758
1.35003
0.0251073
-0.291673
-1.38972
0.32855
0.32855
-1.12247
-1.12247
-1.12247
1.17993
-0.245667
-0.849571
-0.849571
-0.849571
-0.849571
-0.439026
0.80929
0.220108
-0.240085
0.601575
-0.0119508
-0.0119508
0.682698
-1.34828
0.643121
0.643121
1.00102
0.76373
0.76373
0.76373
0.917278
0.917278
0.602986
0.131064
0.131064
0.131064
0.131064
0.334157
-0.0702267
-1.10567
-1.10567
0.60978
0.60978
0.0652586
0.358682
-0.178148
-0.178148
1.44956
1.44956
-0.860802
-0.628968
-0.628968
-0.580552
-0.557171
-0.557171
-0.582154
-0.582154
-1.15845
0.036666
0.036666
0.036666
1.56831
1.56831
-0.0292642
1.4398
1.4398
-0.453133
-0.453133
-0.453133
-0.453133
0.543358
-1.04441
-1.04441
-1.04441
0.483276
0.648115
0.648115
0.648115
0.648115
-0.133125
-1.59904
-1.00455
0.903662
0.903662
0.903662
-0.267607
-0.267607
0.108129
1.02249
-0.00479118
-0.00479118
-0.00479118
-0.546597
-0.277028
-0.277028
-1.06573
0.329167
0.329167
0.671451
0.671451
-1.44464
-1.44464
-1.5429
-1.38629
-1.38629
-1.54945
-0.0497245
0.35009
0.35009
0.35009
-0.0732284
-0.0732284
-0.0732284
-0.0732284
-0.579174
0.495468
0.495468
0.495468
0.14745
0.177746
0.177746
-0.1279
1.10442
-1.13802
0.172795
0.172795
-0.546018
0.476285
0.916071
-0.837273
-0.329397
0.638052
0.200224
0.200224
-1.17218
-1.03362
0.540296
0.540296
0.540296
0.540296
-0.621564
0.608681
0.254697
0.254697
1.31529
-0.914537
1.45653
0.211225
-0.75846
0.081413
0.081413
0.081413
-1.1688
0.855696
1.51491
1.51491
0.125597
0.125597
0.125597
0.125597
0.116046
0.116046
0.116046
0.116046
0.116046
0.116046
0.116046
0.116046
0.734207
-0.734416
-0.734416
0.0224139
0.0224139
-1.58917
-1.58917
-1.58917
-1.58917
-0.191193
-0.191193
-1.22379
-1.22379
1.09798
1.09798
1.09798
-1.02404
-1.02404
-1.02404
-1.02877
0.474298
0.0886877
1.35681
1.35681
0.637653
0.637653
0.637653
0.637653
1.48104
1.48104
-1.1471
-1.00505
-1.00505
-0.823397
-0.823397
1.24136
0.412504
0.412504
0.412504
0.412504
0.412504
0.533709
0.502271
-1.08562
-0.931224
0.732788
0.732788
-0.640609
-0.640609
0.538035
1.2554
-1.13562
0.321842
-0.254475
-0.549204
-0.549204
0.380077
0.380077
1.00616
1.00616
1.00616
0.128755
0.128755
0.128755
-1.30942
0.170224
-0.910759
0.0773005
1.3371
1.3371
0.989148
0.838755
0.838755
-0.955067
-0.955067
-0.132349
-0.442898
0.910204
0.910204
0.147857
1.22855
1.22855
1.22855
-1.1465
-1.05426
-1.05426
-0.156936
0.820382
0.820382
1.15681
0.678248
0.678248
1.08707
1.08707
-0.508739
-0.508739
-1.16855
0.0825848
1.21199
-0.997123
-0.997123
-0.997123
0.393973
1.86254
1.86254
1.8468
1.8468
1.8468
0.550739
0.550739
0.550739
-1.48192
0.789124
-0.951228
-0.951228
-0.951228
-0.951228
1.03142
1.03142
0.672717
0.672717
1.48868
-0.764154
-0.764154
-0.764154
-0.764154
0.236791
0.236791
0.236791
0.236791
0.236791
0.0588456
0.631234
0.631234
0.631234
0.910795
0.54607
0.325653
0.433937
-0.412077
-0.412077
-0.412077
0.412514
0.412514
0.964101
0.584759
0.937545
-0.575623
-0.575623
0.424175
-0.244886
-0.180198
-0.180198
-0.180198
-0.180198
-0.916345
-0.916345
-0.916345
-0.916345
-0.805502
0.497222
0.100082
-0.553721
-1.42969
-1.42969
-0.0973489
-0.0973489
-0.301869
-0.301869
1.23497
0.415658
0.415658
0.415658
0.415658
-1.1655
0.587467
0.616337
0.616337
0.616337
0.616337
1.02833
1.02833
-1.56235
-1.36488
-1.36488
0.494637
0.807361
0.537875
0.537875
0.537875
0.537875
0.537875
0.640885
0.668867
0.668867
0.668867
0.791746
0.791746
0.791746
0.791746
0.791746
-1.25931
-1.25931
-1.25931
0.138628
0.804486
-1.02631
-1.02631
-1.02631
-1.02631
-1.02631
-1.02631
0.363969
-0.696099
-0.696099
-0.166206
1.39716
-0.486516
-0.486516
-0.486516
0.420583
0.420583
0.420583
0.420583
0.420583
0.420583
-0.837467
-0.837467
-0.837467
1.0873
1.0873
-0.237359
-0.237359
0.647455
0.647455
0.647455
0.647455
0.955351
-1.3104
-1.3104
-0.892244
-0.892244
-0.712741
-0.712741
-0.712741
-0.712741
-0.499101
-0.235132
-0.235132
-0.235132
-0.746924
-0.746924
0.364658
-0.762721
-0.762721
-0.762721
-0.987976
-0.76799
0.00150386
0.474138
0.838205
0.838205
0.838205
1.04937
1.04937
-0.0335301
-0.0335301
-1.04581
-1.04581
1.04599
1.04599
-0.00161262
-1.20369
0.794333
-1.04333
-0.755798
-0.181737
-0.0282872
-0.0282872
-0.0282872
-0.0282872
-0.857744
-0.857744
-1.60022
-1.60022
-1.60022
-1.60022
-1.60022
-1.60022
0.447835
0.447835
0.447835
0.447835
-1.36359
0.187043
-0.674282
-0.209354
-0.209354
0.0916213
-0.559604
-0.695843
-0.695843
-1.1011
0.649873
0.649873
0.649873
0.649873
-1.18423
0.773019
0.773019
-0.508953
-0.0761428
-0.0761428
0.88195
-1.6766
0.0184728
1.14438
1.14438
1.14438
1.14438
1.14438
1.14438
1.14438
1.14438
1.14438
1.14438
0.174204
0.174204
0.174204
0.174204
-0.0638015
-0.0638015
-0.718294
-0.718294
-0.718294
-0.725407
-0.725407
-0.725407
1.1255
1.1255
1.00507
1.00507
-0.486957
1.08678
0.99909
1.06089
-0.892629
0.406693
0.406693
0.406693
-0.99436
-0.99436
0.0905551
0.0905551
0.0905551
-0.646168
-0.646168
-0.646168
-0.931313
-0.931313
-0.931313
-0.931313
1.06045
0.583847
0.583847
0.583847
0.583847
0.583847
0.583847
-0.174186
0.846481
0.846481
0.152966
0.152966
0.152966
-1.27542
0.663467
0.53048
0.53048
-1.08579
-0.520469
0.623865
0.623865
0.623865
0.623865
0.623865
-1.4121
-1.00978
-1.00978
-0.513448
0.999417
0.999417
-0.951528
-0.951528
-0.951528
1.00832
1.00832
1.00832
1.00832
0.678664
0.678664
0.46543
1.19785
-0.780133
-0.780133
-1.02319
0.307792
-0.0327114
-0.0327114
-0.0327114
0.70557
0.70557
0.70557
0.70557
0.70557
-0.28967
-1.0923
-1.0923
-0.423077
1.57797
1.57797
-0.970367
1.35087
0.294961
-0.321553
1.20085
1.20085
0.136487
0.136487
0.481963
0.481963
0.481963
0.481963
0.481963
-1.27385
-1.27385
-1.27385
-1.27385
-1.27385
1.03726
1.03726
1.03726
-0.273339
-0.248075
1.2618
-0.660163
-0.781197
1.00369
1.00369
-0.00551603
-0.00551603
-0.00551603
-0.00551603
-0.00551603
-0.347064
0.312671
-1.23552
1.02622
0.212534
0.212534
0.212534
-0.793723
-0.793723
1.36644
-0.568799
-0.568799
-0.568799
0.465676
0.465676
0.465676
0.465676
0.465676
0.465676
0.465676
0.465676
0.205359
0.205359
0.205359
-1.19024
-0.744901
-0.744901
-1.11447
0.880378
0.880378
0.419248
0.419248
-1.18582
-0.369911
-0.369911
-0.369911
-0.369911
-0.369911
-0.848724
-0.848724
-0.848724
-0.606554
-0.606554
-0.606554
-0.606554
-0.800856
0.60861
-0.0146907
-0.813932
-0.813932
-0.847348
0.0556624
0.0556624
0.572496
-0.726518
0.540161
0.540161
1.13643
1.13643
1.13643
1.80537
1.80537
1.80537
1.80537
1.38931
-0.991216
-0.991216
0.766729
1.18538
-0.805763
-0.425979
0.288893
-1.18844
-1.18844
0.63711
0.63711
-1.19122
-0.054001
-0.054001
-0.146122
-0.146122
0.850568
0.347553
0.725041
0.725041
-0.0704812
-0.0704812
-1.16142
-1.16142
-1.16142
-1.16142
-1.16142
-1.05094
-1.05094
-0.622256
-0.622256
-0.622256
-0.622256
-0.622256
-0.952358
-0.952358
1.11716
1.11716
1.11716
1.11716
1.11716
-1.0336
-1.0336
-1.17552
-1.11921
-1.11921
0.0286711
0.0286711
0.0286711
-0.139801
-1.317
-1.317
-1.0678
-0.938881
-0.938881
-0.938881
-0.938881
-0.938881
-0.938881
-0.938881
1.29543
1.28386
-0.856362
-0.856362
-1.29677
-1.29677
0.614328
0.614328
0.614328
0.614328
0.614328
0.614328
1.17243
-1.25162
0.997557
0.997557
0.997557
0.997557
0.997557
-0.395164
-0.13626
-0.13626
-0.13626
-0.13626
1.94412
1.94412
1.94412
-0.57345
-0.57345
0.562239
1.21586
-1.34716
-1.34716
-1.34716
0.912235
0.912235
-1.45015
-1.45015
-1.45015
1.11747
1.11747
1.11747
1.11747
1.11747
1.11747
0.449133
0.449133
0.241293
1.27882
-0.075301
-0.075301
-0.075301
-0.075301
1.11018
1.11018
1.11018
1.11018
0.130465
0.130465
-0.725027
-0.725027
-0.632676
-0.207544
1.4497
1.4497
-1.09465
-1.09465
-1.09465
-1.09465
-0.105418
0.888702
0.888702
0.888702
-0.081594
0.751792
-0.515963
-0.756851
-0.756851
-0.756851
-0.756851
-0.756851
-0.756851
-0.756851
-0.756851
-0.756851
-0.756851
-0.756851
-0.756851
-0.0192703
1.53411
-0.518756
0.752225
0.752225
0.752225
0.752225
0.752225
0.752225
0.308361
0.308361
0.308361
0.308361
0.328343
-0.81021
-0.81021
-0.81021
-0.81021
-1.06504
-1.06504
-1.06504
-1.06518
0.455539
0.777201
-1.84483
-1.85325
-1.69186
0.0834624
0.0834624
0.0834624
0.464126
0.464126
0.464126
0.289686
0.289686
-0.894392
-0.894392
-0.894392
-0.284821
1.15234
0.401594
-0.59119
-0.59119
1.62243
1.62243
2.3266
2.3266
0.232026
0.232026
0.232026
0.455701
0.455701
0.455701
1.62226
1.62226
0.744488
0.238269
0.879049
0.6193
0.317505
0.317505
-0.654545
-1.05551
-0.0151889
0.943405
0.59447
-0.501135
-1.26099
-1.26099
0.28279
0.726625
0.726625
-1.46436
-1.46436
0.269952
0.269952
0.269952
0.650688
0.650688
0.650688
0.650688
-1.01496
-1.01496
1.22241
1.22241
1.22241
1.22241
-0.255579
-0.479192
-0.479192
-0.479192
-0.893097
-0.893097
-0.345059
-0.345059
-0.345059
-0.345059
0.661499
0.661499
-0.821451
-0.821451
-0.821451
-0.821451
-0.506539
-0.819128
-0.0948792
0.656603
0.801772
0.801772
0.801772
0.801772
1.31415
1.31415
1.31415
0.185838
-1.45336
1.06981
0.0556761
-0.983266
-0.983266
-0.983266
0.578543
0.701165
0.701165
-1.45756
0.422482
0.438836
0.438836
0.438836
0.438836
0.438836
0.438836
0.438836
0.438836
-0.431733
-0.360397
-0.47393
1.03607
-1.58684
-0.844294
-0.844294
-0.856229
-0.836608
-0.836608
-0.836608
1.59541
-0.48591
1.23117
1.23117
1.23117
0.918277
0.918277
-0.192534
1.19461
0.210772
0.26861
0.554217
-1.04624
-1.04624
1.04197
1.04197
0.465919
0.465919
0.686649
0.686649
0.686649
0.686649
1.36803
1.36803
1.36803
1.36803
1.36803
1.36803
0.847278
0.292709
0.292709
0.292709
0.170188
1.23798
1.23798
1.23798
0.365972
-0.419229
-0.419229
-0.419229
-0.419229
1.43835
1.43835
0.416163
0.810366
-0.557922
-0.557922
-0.557922
-1.36011
0.767672
0.767672
0.767672
-1.14413
1.4459
1.4459
1.4459
1.4459
1.4459
1.4459
-0.502205
-0.502205
-0.502205
-0.502205
-0.502205
-0.502205
-0.502205
-0.106286
-0.106286
0.1798
0.1798
0.1798
-0.402282
-0.402282
1.81694
0.82928
0.82928
1.63015
1.44395
1.44395
0.218902
0.343675
0.0596714
-0.65144
-1.15887
-1.15887
-1.15887
-1.15887
1.15741
1.15741
0.47591
0.47591
0.464759
0.464759
0.464759
0.940438
0.940438
0.940438
0.940438
0.940438
0.940438
0.940438
0.940438
0.940438
0.940438
0.940438
-0.797839
-0.0246653
-0.0246653
-0.381962
-0.381962
0.726219
0.726219
-0.935988
1.29171
1.27324
1.27324
1.27324
0.700369
0.700369
0.700369
0.700369
-0.706947
1.01878
-0.817717
-0.817717
-0.817717
-0.817717
-0.817717
1.306
-0.41921
-0.41921
-0.705763
-0.705763
1.13864
-0.150027
0.0467328
0.0467328
0.0467328
0.0467328
0.113139
-1.12058
-1.12058
-0.978453
-0.355058
-0.355058
-0.355058
-0.695022
-0.695022
-0.695022
-0.870157
-0.870157
-0.870157
-0.870157
-0.983238
-0.983238
-0.983238
-0.224595
0.306226
0.306226
-0.301058
-0.301058
-0.301058
-0.301058
-0.301058
-0.630278
-0.0491311
-0.0491311
-0.0491311
-0.0491311
-0.0491311
-0.0491311
-0.0491311
-0.770421
-0.770421
-0.770421
-0.307811
-1.104
-1.14599
-1.14599
-1.14599
-1.14599
1.21367
1.21367
-0.755672
-0.755672
-0.306291
-0.306291
-1.01532
-1.01532
-0.789939
-0.789939
-0.302515
0.236884
-1.14062
-1.14062
1.40334
1.40334
1.40334
-0.256249
1.02379
0.899703
0.899703
0.159729
0.159729
0.159729
-0.412287
-0.412287
-0.412287
-0.412287
-0.412287
-0.412287
-1.31057
-1.31057
-0.625249
-0.978728
-0.978728
-0.978728
1.15368
-0.817344
-0.946721
-1.52772
0.858817
1.24513
0.0430833
0.0430833
-0.857731
-0.857731
-0.857731
-0.857731
-0.857731
-0.857731
-0.857731
-0.857731
-0.857731
-0.857731
-0.676855
-0.676855
-1.27358
0.168918
0.168918
-0.577008
-0.986547
-0.986547
-0.986547
0.394736
1.70618
1.70618
0.684143
0.684143
0.991873
-0.390423
0.0942203
0.0942203
0.0942203
-1.98043
0.00537397
1.0164
1.0164
-1.01487
0.591893
0.591893
1.0979
0.549307
0.779037
1.23555
1.23555
1.23555
-0.860133
-0.860133
-0.879663
-0.879663
-0.879663
-0.879663
-0.879663
-0.879663
1.03611
-0.9416
-0.235468
1.11984
1.11984
-0.839596
-0.839596
-0.839596
0.497872
-0.725814
-0.725814
-0.725814
-0.725814
-0.725814
-0.725814
-0.725814
0.68432
0.68432
1.32206
-0.151075
-0.0598604
-2.01275
-1.0302
-1.0302
-1.0302
-1.0302
0.850186
0.850186
1.79929
-0.3113
-0.3113
0.432184
0.432184
0.432184
0.432184
0.432184
0.432184
0.612644
0.612644
-0.946767
-0.598154
-0.598154
-0.598154
-0.577102
0.706664
0.429793
0.803991
0.525616
0.525616
-0.191772
-1.43979
-1.43979
-1.43979
-0.440321
0.16949
-1.28909
-1.28909
-1.28909
0.238649
0.238649
0.238649
0.363808
-0.680814
-0.680814
-0.854867
0.603789
0.603789
0.360596
0.360596
-0.412446
-0.412446
-0.157712
-1.38356
-0.579345
-0.579345
-0.579345
-1.41621
-0.274447
-0.274447
-0.823016
-0.823016
-0.602036
-0.602036
0.208551
0.208551
0.0441168
-1.14413
-0.946501
-1.44803
1.04615
1.04615
1.04615
1.04615
1.04615
1.04615
1.04615
1.04615
1.04615
0.763781
1.81563
1.81563
1.81563
1.81563
-0.462839
-0.462839
-0.462839
-1.54048
-1.54048
-1.71421
-1.71421
-0.732792
-0.528069
0.389968
0.389968
0.389968
-0.340921
0.898493
0.586041
-0.134291
-0.825049
-1.35357
-1.35357
-0.903856
-1.12974
-0.262781
0.933049
0.933049
0.933049
0.933049
0.933049
-0.233478
0.500762
-0.876411
-0.505698
-0.648692
-0.648692
-0.648692
-0.648692
-0.648692
0.779631
0.779631
0.779631
0.717047
0.969341
0.969341
0.969341
0.969341
0.969341
0.969341
0.969341
0.969341
-0.123156
-1.96454
0.2275
0.820491
0.820491
-1.48503
-1.48503
-1.45044
-0.0514548
0.838526
0.838526
-0.129748
-0.129748
-0.129748
0.703276
0.101692
0.101692
-1.50082
-1.50082
-1.50082
0.723317
-1.23421
-1.23421
-1.23421
1.02166
1.02166
0.222715
0.222715
0.222715
1.37177
1.37177
1.37177
0.69095
0.69095
0.7701
0.7701
0.7701
0.7701
0.7701
0.7701
0.664745
0.664745
0.664745
0.664745
0.664745
1.04014
-0.378594
0.278525
0.278525
0.803067
0.126971
0.126971
0.713003
-0.658243
0.97473
0.97473
-0.301346
-0.301346
-0.301346
-0.301346
0.167027
0.623391
0.623391
0.617458
0.617458
-0.34861
-0.34861
1.36202
1.36202
0.911852
-1.09752
-0.403279
0.79311
-1.07193
-1.03054
-1.03054
0.573733
0.012093
0.645368
0.645368
0.645368
0.645368
0.645368
-0.111559
-0.111559
-0.111559
1.06556
1.06556
-0.966836
-0.966836
-0.966836
-0.966836
-0.966836
-0.966836
0.865226
0.865226
0.865226
0.115003
1.14863
-0.075363
-0.075363
1.31488
1.3905
-0.896296
-0.896296
-0.274988
-0.274988
-0.274988
-0.274988
1.40639
1.40639
1.09074
-0.785418
-0.994701
1.28832
1.28832
1.28832
0.927692
0.762952
0.762952
-0.480502
-0.480502
-0.480502
-1.18405
-1.18405
-1.22254
-1.22254
-0.516681
-0.983597
-0.905543
-0.905543
0.295837
-0.370549
-0.370549
-0.370549
0.685743
0.685743
0.685743
0.685743
-0.452579
-0.107298
-0.107298
1.22943
1.22943
1.29046
0.96048
0.0467724
0.0467724
1.28495
1.54354
1.54354
-0.385942
-0.311215
-0.0909801
-0.0909801
1.61609
1.67903
1.67903
1.67903
1.41099
-1.08264
0.869975
-0.88809
-0.88809
-0.88809
-0.88809
0.285986
-0.628577
1.25651
1.39332
0.366685
0.366685
0.820557
0.820557
0.820557
0.820557
0.820557
-0.0727778
-0.0727778
-0.0727778
-0.0727778
0.191404
0.191404
0.191404
0.191404
-0.474964
0.957183
0.957183
-1.52601
0.0946206
0.800116
1.05566
1.05566
1.05566
-0.886952
-0.886952
-0.886952
-0.886952
-0.408789
0.892829
0.494043
0.494043
-1.76358
-1.76358
0.647024
0.149521
-0.952873
-0.952873
-0.952873
-0.952873
-0.952873
1.19314
1.15194
0.177269
-0.28542
-0.28542
-0.28542
-0.28542
-0.828103
0.450517
0.70766
0.113172
0.0984492
1.21842
-1.20084
0.93003
0.93003
0.908112
0.908112
-1.26451
-1.26451
-0.329437
1.4026
0.100427
-1.19328
0.495164
0.495164
-1.27124
-0.828901
-0.527535
-0.802035
-0.802035
-0.802035
-0.802035
0.0243022
0.0243022
