0.024204
1.26431
1.14073
1.14073
1.14073
0.44681
1.93747
0.146422
-1.04572
-1.04572
-1.04572
-1.04572
-1.0823
-1.19495
-1.19495
-1.34725
-0.71648
-0.71648
-0.71648
-0.706448
0.297983
1.11854
1.11854
-0.928279
-0.511026
-0.511026
0.924099
0.924099
0.924099
0.924099
-1.05336
0.0991233
0.0991233
-1.12802
-0.922007
-1.02175
-1.02175
-1.02175
-1.02175
1.15046
-0.255717
1.08764
-0.525779
0.418853
-0.121624
-0.121624
-0.462433
-0.462433
-0.462433
0.626572
-0.561728
-0.561728
1.50066
1.50066
1.50066
1.50066
0.207
0.465123
0.939802
0.939802
0.939802
0.939802
-0.609287
-0.609287
-0.609287
-0.609287
0.973225
0.973225
0.657548
0.657548
0.657548
0.657548
0.657548
-1.03032
-1.03032
-1.03032
-1.03032
0.719092
0.719092
0.42863
0.96003
0.96003
0.937401
0.176002
0.176002
0.176002
1.24686
1.24686
1.24686
0.147221
0.81839
0.81839
0.81839
0.81839
0.81839
0.81839
0.81839
0.81839
1.45636
1.66536
1.88219
1.88219
0.169297
-0.230428
-1.80323
-1.80323
-1.73496
-1.6253
-1.6253
0.554998
-0.565201
-0.565201
-0.565201
-0.565201
-0.565201
-1.39976
-1.39976
-1.10147
0.25631
-0.335628
-0.528373
1.20033
1.20033
1.20033
1.20033
0.0597185
-0.929713
0.351267
-0.514931
0.900744
1.24202
1.24202
-0.763804
-0.81759
-1.16988
-1.13107
-1.73436
-1.73436
-1.73436
-1.73436
-1.73436
0.625999
0.625999
-1.45194
-0.908041
-0.541826
0.776187
0.776187
0.776187
0.963242
-0.0948838
-0.0948838
-0.0948838
1.43569
0.917081
-0.86723
1.15809
-0.768526
-0.768526
0.172051
0.172051
0.901716
0.405672
0.405672
-1.54129
-1.54129
0.349191
0.349191
-0.914743
1.28421
-0.869503
-0.869503
0.717497
0.717497
0.717497
-0.670194
-1.04526
-1.04526
-1.04526
0.488694
-0.6999
-0.6999
-0.644245
-0.644245
-0.868116
0.160917
0.160917
0.388877
1.06529
1.06529
1.06529
-0.595254
-0.595254
-0.879253
0.30686
0.361437
-1.1469
-1.1469
-1.1469
-1.1469
-1.1469
1.05087
-0.614557
-0.614557
1.215
-1.41017
-0.403936
0.529791
0.25495
0.25495
0.71893
0.71893
0.71893
-0.526735
1.40787
-0.546475
-0.234101
-0.234101
-0.234101
-0.974567
-0.974567
-0.974567
-0.229287
-0.229287
-0.263931
-0.263931
-0.263931
-1.43835
-0.706322
-0.640643
-0.640643
-0.566001
-1.67945
-1.67945
-1.67945
0.471957
0.444467
1.46216
1.36665
1.36665
1.36665
-0.978072
0.491857
0.645496
0.188608
0.188608
0.188608
-0.815743
-0.815743
-0.815743
-0.815743
0.736143
-0.650392
0.44461
-0.0286081
-0.610932
1.0579
1.0579
1.0579
1.0579
1.0579
1.0579
1.0579
1.0579
1.0579
-0.0952911
-0.0952911
-0.0952911
-0.0952911
-0.91321
1.42584
-0.0907173
-0.0907173
-0.0907173
-0.0907173
0.289979
0.289979
0.289979
0.289979
-1.14499
-1.14499
-1.14499
-0.438082
0.176801
0.368084
0.368084
0.368084
0.368084
0.368084
0.368084
0.969463
0.570184
0.567236
0.567236
0.964658
0.381235
0.442076
0.442076
-0.610638
-0.610638
-0.610638
-0.610638
-0.610638
0.338319
0.338319
-0.0440991
-0.0440991
-0.0440991
-0.558372
0.0390976
0.0390976
-1.0095
-0.0935675
-1.24433
0.227869
0.626147
1.75483
1.38391
1.45811
1.45811
-0.932774
0.783978
0.783978
0.783978
1.62716
1.62716
1.62716
1.62716
0.80793
0.80793
0.80793
0.80793
-0.205433
0.588019
0.588019
0.588019
0.588019
1.11038
1.11038
-0.688975
-0.688975
0.829108
0.829108
-1.47783
-1.47783
-0.488684
1.60452
-0.43229
-0.816802
-1.06326
-0.449754
1.23701
0.682197
0.682197
-0.289941
-0.289941
1.66826
1.1081
1.1081
-1.53186
-1.53186
-1.53186
-1.48666
0.219878
0.219878
0.219878
1.26168
1.26168
1.39279
1.39279
1.39279
0.43415
0.43415
0.43415
0.105014
0.105014
1.31075
1.31075
1.31075
1.31075
1.23661
1.23661
-0.592697
-0.592697
-1.11599
-1.11599
-0.97098
0.646416
0.646416
0.377093
0.377093
0.377093
0.377093
-1.44812
-1.62746
-1.62746
-0.410816
-0.410816
0.665222
0.665222
0.665222
0.665222
-0.624243
-0.650648
0.788891
1.48949
1.48949
1.48949
1.48949
0.664783
-0.364503
0.603255
-0.341309
-0.341309
-0.630939
-0.293952
-0.438287
1.29229
1.29229
1.29229
0.372148
0.372148
0.772478
0.772478
0.772478
-0.547855
1.01645
0.228132
0.228132
0.228132
1.32691
1.32691
1.32691
1.32691
1.32691
-0.423361
1.28083
1.28083
1.28083
-0.236941
-0.236941
-0.236941
-0.236941
-1.1071
-1.1071
-1.1071
-1.1071
-1.1071
-1.1071
1.14775
1.16025
-0.0167677
-0.0167677
-0.0167677
-0.0167677
-0.0167677
0.130633
-0.396285
-1.17434
-1.17434
-0.207032
-0.207032
-0.11984
-0.11984
-0.11984
-0.11984
0.339479
0.339479
0.633293
-0.687427
1.20746
1.20746
0.720215
-1.03136
0.667075
0.667075
0.667075
0.667075
0.667075
0.121312
0.121312
-0.0799528
-0.797201
0.236221
0.236221
-0.679566
0.879939
-0.933806
-0.933806
-1.50762
-1.50762
-1.50762
-1.50762
-1.50762
-1.50762
-0.224185
-0.224185
-0.224185
1.18453
1.18453
1.18453
1.09969
1.7866
-0.760029
-0.30958
0.147673
-0.84976
-0.84976
0.667136
1.47571
-0.00564858
0.559398
-0.792211
-0.792211
-0.260288
-0.260288
1.40859
1.40859
0.545175
0.545175
0.545175
-0.83662
1.27348
-0.15642
-0.15642
-0.15642
-0.15642
-0.249635
-0.249635
2.38229
2.38229
-0.0476866
-0.848897
-0.848897
-0.848897
-0.848897
-0.848897
0.974588
1.45685
1.45685
1.45685
0.851518
0.851518
0.0457874
-0.0681916
-0.0681916
-0.0681916
-0.0681916
-0.0681916
-0.73677
0.456095
-1.19314
1.10766
-0.840673
-0.840673
0.561135
-0.0216657
-0.0216657
-0.0216657
0.311826
0.311826
-1.16474
-1.16474
1.07915
1.07915
1.07915
1.07915
-0.269882
0.544342
0.544342
0.544342
-0.50911
0.10739
-0.116707
0.163214
0.163214
0.163214
0.163214
0.163214
0.163214
0.283606
1.44413
1.44413
-0.983938
-0.983938
1.08371
1.08371
1.08371
1.08371
1.06399
1.06399
1.06399
1.06399
1.06399
1.06399
0.743071
0.743071
0.743071
0.743071
0.743071
-0.769853
-0.769853
-0.769853
-0.769853
-0.769853
-0.769853
-0.0678007
1.24487
1.24487
0.73981
0.59996
0.167176
0.471423
0.471423
0.471423
0.926752
0.926752
0.926752
0.926752
-0.0978819
-0.0978819
-0.0978819
-0.0978819
2.00222
2.18089
2.18089
2.18089
1.67645
1.67645
2.11086
2.11086
2.11086
2.11086
-0.152537
-0.152537
-0.152537
-0.152537
-0.152537
-0.152537
-1.45695
-0.200481
1.2158
-0.334319
-0.334319
-0.334319
-0.334319
-0.585755
-1.46164
0.926198
0.421725
0.421725
0.421725
0.763785
0.644487
-1.16316
-0.0564796
-0.0564796
-0.0564796
-0.0564796
0.0308101
-0.653587
-0.653587
-0.653587
-0.579495
-0.579495
-0.89783
1.30355
0.183636
0.183636
-0.232687
-0.232687
-0.180327
0.953352
0.876472
0.876472
0.876472
0.237353
1.05982
1.64139
-0.30961
-0.30961
1.90977
0.257013
0.257013
-1.3881
-1.3881
-1.3881
1.02984
1.02984
-1.0272
-0.7643
-0.7643
0.980367
0.980367
0.980367
-0.680413
-0.680413
-0.680413
-1.78636
0.19568
1.34367
1.34367
1.34367
-1.00717
-1.00717
-1.00717
-1.00717
0.475588
0.475588
0.475588
0.475588
0.232817
0.232817
0.232817
-0.317584
0.694352
0.694352
0.694352
0.694352
0.694352
0.937616
-0.154257
-0.154257
0.266747
-0.222317
1.29101
-0.0958303
-0.0958303
-0.0958303
1.30386
1.17433
0.780133
0.780133
0.780133
-1.27506
-1.24398
-1.24398
-1.33597
1.24273
1.24273
1.24273
1.24273
-0.184227
-1.54265
-0.299594
-0.299594
0.132961
0.132961
0.3733
-0.824751
-0.824751
0.343632
-0.932827
1.07388
1.07388
-0.0870527
-0.0870527
-0.0870527
-0.0870527
-0.0870527
-0.0870527
0.113974
0.267041
-0.667631
-0.546712
-0.426803
-0.426803
-0.92075
-0.965569
0.696924
0.696924
0.696924
0.998368
0.998368
0.998368
0.998368
-0.832846
0.758383
0.758383
0.758383
0.758383
0.758383
0.758383
0.827851
0.776583
-1.05215
1.02518
1.02518
1.02518
1.02518
-0.407908
-0.407908
1.56503
0.429472
0.429472
-1.0838
0.922605
-1.12673
-1.12673
0.602173
1.58796
0.223743
0.59383
0.888278
0.969729
0.969729
0.969729
-0.639115
1.12663
1.12663
1.12663
1.12663
-0.584117
-0.682851
-0.682851
-0.682851
-0.682851
-0.233889
-0.233889
0.863422
0.863422
0.863422
-0.697581
-0.946744
-0.661839
0.662553
0.662553
-0.157715
-0.157715
-0.10779
-0.525815
-0.525815
0.963699
0.854903
0.854903
0.854903
0.854903
-0.482857
-0.482857
-0.832501
-0.84994
-0.84994
0.586596
1.13035
1.13035
1.13035
1.13035
1.48018
0.59961
0.441437
0.441437
0.0538737
0.0538737
1.12098
1.12098
1.15233
1.15233
1.15233
-0.689934
-1.58073
-1.58073
-1.58073
-0.349429
-0.349429
-0.349429
0.0551092
-1.96245
0.624216
0.624216
0.461744
0.461744
0.453321
-0.735599
-0.735599
-0.735599
1.21499
1.44063
1.44063
0.345891
0.345891
0.697878
0.697878
0.697878
0.697878
-1.9879
-1.9879
-0.393139
-0.393139
-0.393139
-0.393139
-1.11041
-1.24383
-1.24383
-0.727911
-0.727911
0.371629
0.371629
0.371629
0.371629
0.371629
0.371629
-0.363433
-0.363433
-0.363433
-0.363433
1.39237
-0.00177691
1.11395
1.11395
1.11395
1.11395
-0.703785
-0.703785
-0.703785
-0.703785
-0.703785
-0.526791
-0.526791
-1.06331
-0.839565
1.12535
1.12535
1.12535
1.12535
0.0287494
-0.818139
-0.818139
0.82068
0.82068
0.932499
0.932499
0.932499
0.932499
0.932499
1.47068
-0.369359
-1.13521
-1.13521
0.865517
0.951315
0.277554
-0.114903
-1.68521
0.281914
0.489693
-0.611007
-1.21713
0.120753
0.120753
0.88328
0.88328
0.88328
-1.65162
-0.569363
-0.569363
-0.569363
-0.569363
-0.569363
-0.848864
-1.00638
-1.00638
-0.374614
-0.374614
-0.48382
-0.48382
-0.48382
-0.194766
-0.194766
-0.89497
-0.89497
-1.17104
-1.17104
-1.24211
0.15962
0.871557
0.871557
-1.04909
-0.970868
-0.970868
-0.970868
-0.760802
-0.760802
-0.853738
1.15328
-1.38494
0.733637
0.733637
0.733637
0.733637
0.230353
0.230353
0.940555
-0.801867
0.340243
0.340243
0.340243
0.340243
0.340243
0.340243
0.340243
0.908801
0.591309
-0.353414
-0.940569
-0.532498
-0.532498
-0.532498
-0.532498
0.873197
0.386548
0.386548
0.148709
0.148709
0.148709
0.872233
0.872233
-0.807081
0.250467
0.250467
-1.01106
1.12795
1.12795
1.12795
-1.39564
-0.445997
-0.445997
0.345868
-0.439075
-0.655182
-0.655182
-0.655182
1.17023
1.17023
-0.524021
0.718536
-0.968373
0.220419
1.53401
1.53401
1.01348
1.26403
-0.95526
-0.568379
-0.568379
-1.27142
-1.27142
-1.27142
-0.440608
-0.440608
-0.440608
1.01773
0.859896
-1.15078
0.401248
-1.13153
0.0627521
1.12288
1.12288
1.12288
1.18534
1.39252
1.39252
1.47615
-0.413475
0.400489
0.400489
-1.16713
-1.16713
-1.16713
-1.16713
-1.16713
-1.16713
-1.16713
-2.07431
-2.07431
-2.07431
-2.07431
-2.11032
-2.11032
-1.33942
0.378495
0.356506
0.603764
0.603764
0.949172
-0.0468314
-0.0468314
-0.0468314
1.18721
1.18721
-0.124272
-0.124272
-0.124272
1.71546
2.01014
2.01014
1.60175
1.60175
1.9028
1.9028
0.243853
0.243853
-0.34359
0.727309
-0.0467573
-0.507828
-0.507828
-0.507828
-0.507828
-0.0934227
-0.705397
0.253235
0.14457
-1.05797
-1.05797
-1.05797
1.20573
1.20573
0.102937
0.102937
-0.468604
-0.468604
-0.468604
-1.21494
-0.44676
-0.917239
-0.917239
-0.917239
-0.917239
-0.0301674
-0.0301674
-0.0301674
-1.62039
-1.62039
-1.62039
-1.62039
-1.62039
-1.62039
-0.369345
-0.369345
-0.369345
-0.610684
-0.610684
1.40933
1.40933
-0.564746
-0.564746
-0.0659092
0.70974
0.70974
0.353355
0.48765
1.34973
0.686665
0.686665
0.908808
0.908808
0.908808
0.908808
0.616226
0.616226
0.616226
-0.269999
-0.269999
0.778677
0.778677
0.778677
0.621423
-1.06776
-1.06776
0.903368
-0.668655
-0.668655
-0.668655
-0.668655
-0.668655
-1.4685
-1.7219
-1.7219
-0.425163
-0.700404
-0.700404
-0.700404
-0.29567
-0.0308125
-0.0308125
-0.0308125
0.0579538
1.40749
1.40749
1.40749
1.40749
1.40749
1.40749
1.40749
1.18174
0.734211
0.734211
0.734211
0.734211
0.734211
-1.09639
-1.09639
1.0644
1.0644
1.0644
1.0644
0.862796
0.862796
0.862796
0.862796
0.589483
0.589483
0.613682
-0.8295
-0.8295
-1.60186
-1.30267
-1.30267
-0.0424115
1.63206
1.63206
1.63206
1.3029
0.348924
0.348924
-1.09349
-0.00228331
-0.00228331
-0.00228331
1.31955
1.31955
1.31955
-1.09389
0.960375
0.960375
0.960375
0.960375
0.960375
0.960375
-0.622766
-0.622766
-0.622766
-0.622766
-0.622766
0.641996
0.644151
0.644151
-0.104133
-0.104133
0.521907
-0.463317
-0.178994
0.737551
0.737551
0.737551
-0.721658
-0.721658
-0.0573157
-0.828266
-0.828266
-0.828266
-0.828266
-0.828266
-0.828266
-1.48529
-1.41869
-0.341988
0.87294
-1.13987
-0.788014
-0.788014
1.04474
1.04474
1.04474
-0.179992
-0.589112
-0.589112
-0.589112
-0.321027
-0.321027
-0.321027
1.33516
1.33516
-0.438067
1.19747
1.19747
1.19747
1.19747
-1.44465
1.11472
-0.84831
-0.84831
-0.0174226
0.604716
0.604716
-0.661323
0.17182
-1.02615
-0.800109
-0.800109
-0.800109
-0.366054
-0.366054
-0.366054
-0.366054
-0.534046
-0.811365
-0.811365
-0.811365
-0.811365
-0.811365
0.62766
0.62766
0.941949
0.941949
0.941949
-0.853924
-0.853924
-0.853924
1.45609
1.45609
1.45609
1.45609
0.230385
1.33127
-0.281671
-0.281671
0.598202
0.598202
-0.268207
1.46483
1.53714
1.53714
-0.409604
-1.02229
-1.02229
-1.02229
-1.02229
-1.02229
-1.02229
-1.02229
-1.02229
-1.02229
-1.02229
-1.02229
-1.11218
-1.11218
0.827263
0.827263
0.827263
0.827263
0.827263
0.827263
0.827263
0.954319
0.954319
0.384321
-0.801672
-1.66393
-1.66393
-1.66393
-1.66393
-0.284549
0.626353
0.626353
0.626353
1.19318
0.217673
1.41504
0.686886
0.0707326
0.0707326
-1.35011
-1.35011
-1.10327
-1.10327
0.939018
0.939018
0.939018
0.939018
0.939018
0.939018
0.939018
0.939018
0.939018
0.939018
0.939018
0.719309
0.719309
0.189117
0.189117
0.189117
0.557112
1.28972
-1.1204
-1.1204
-1.1204
-1.1204
-1.46249
-1.03245
0.221252
0.394418
0.394418
0.394418
0.394418
0.394418
0.394418
0.394418
0.293691
-0.919899
-0.0952172
1.0252
1.0252
1.0252
1.42424
1.42424
-0.152614
0.366985
0.366985
0.366985
0.366985
0.366985
0.297471
1.29946
-0.391595
0.977491
0.0564294
1.62468
1.62468
0.0884205
1.06722
-0.387912
-1.20848
-1.20848
-1.20848
-0.551356
-0.551356
-0.756044
0.858681
0.858681
0.858681
0.895183
0.895183
0.895183
1.02862
1.02862
-0.586278
-0.217325
0.494108
-0.932896
-0.932896
-0.932896
0.950102
0.950102
0.950102
0.785318
0.785318
-1.66323
-1.66323
-1.44389
-0.833697
-0.833697
-0.833697
0.61506
0.229229
1.33579
1.33579
1.33579
-0.656216
-0.656216
0.864325
-1.17011
-0.63755
-0.63755
0.52301
0.14871
-0.965281
1.68801
1.68801
1.68801
1.68801
-0.642541
-0.642541
-1.06557
-0.371003
-0.719778
-0.719778
-0.719778
-0.421568
-0.0107204
1.56643
1.56643
1.56643
0.289901
0.357536
0.357536
1.76529
1.76529
0.820752
0.820752
0.820752
1.42485
-0.453885
-0.453885
-0.913567
-0.913567
-0.913567
-0.913567
1.21772
1.21772
-1.09556
-1.09556
-0.729157
-0.729157
-0.729157
-0.729157
0.7412
0.46563
-1.04632
-1.04632
0.09637
0.653993
0.535384
0.535384
1.09572
1.09572
0.629508
-1.17529
0.210188
0.210188
0.845733
0.845733
0.845733
0.55932
0.55932
0.55932
0.0412595
-0.865409
-0.698625
-1.05174
-0.381488
-2.12434
-2.12434
-1.54422
-1.54422
-1.54422
-1.2744
-1.40569
-1.01798
0.822356
0.0769557
0.0769557
0.0769557
0.0769557
-0.075698
-0.075698
-0.075698
-1.88235
-1.88235
-0.758746
0.054556
-1.49031
0.0173417
-0.736752
1.41863
0.566294
0.566294
-0.875
-0.875
1.27746
1.27746
-1.15274
0.0233061
0.475962
0.475962
-0.699343
-0.475949
1.2853
1.2853
1.93311
1.93311
1.93311
1.93311
1.93311
-0.455477
-0.455477
0.37914
1.52061
0.535745
0.535745
0.535745
0.535745
0.535745
-0.0913117
-0.0573254
-0.0573254
-0.0573254
-0.0573254
-0.0573254
-0.0573254
-1.18545
-1.18545
-1.18545
-0.486833
-0.486833
-0.486833
-0.486833
-0.486833
-0.486833
0.619242
0.619242
0.619242
-0.679049
-0.695533
-0.695533
0.64916
0.64916
-0.864109
0.807195
1.79645
2.29166
2.28481
1.91767
1.91767
1.91767
0.696969
0.696969
0.696969
0.696969
0.696969
0.859189
-0.651568
-0.651568
-0.992407
1.13744
1.13744
1.13744
-0.527373
-0.68312
-0.68312
-0.68312
-0.68312
-0.68312
-0.68312
-0.68312
-1.20151
0.121766
0.121766
0.121766
0.121766
0.322251
0.322251
0.322251
-1.3549
0.583405
-0.424755
-0.187313
-0.453124
-0.12971
0.777266
0.777266
0.777266
0.777266
0.777266
0.809769
0.751948
-0.972905
-0.972905
-0.972905
-0.972905
-0.972905
-0.972905
-0.972905
0.574006
-0.623471
-0.490946
-0.490946
0.659816
0.659816
0.659816
1.29535
1.29535
1.29535
1.29535
1.29535
-1.08933
-1.08933
-1.54798
-0.325553
-0.325553
1.12503
0.392906
-1.83241
-1.83241
-1.83241
-1.83241
0.311308
1.18255
1.18255
1.18255
1.18255
1.18255
-1.1479
0.742296
0.742296
0.742296
-0.073735
-1.27681
-0.574108
-0.574108
-1.33762
0.362201
1.40143
0.309848
0.309848
0.309848
-0.416222
0.539254
1.62511
1.62511
0.10602
0.10602
-0.490888
1.42311
-0.0768311
0.488806
0.168647
0.168647
-0.0441795
-0.0441795
-0.326832
0.365896
-0.269203
-0.269203
-0.726834
-0.793516
-1.20853
0.776141
0.935578
0.935578
-0.173731
0.37507
0.851567
1.02735
-1.63818
-1.63818
-0.763507
-0.763507
0.695738
0.695738
0.935995
0.935995
0.0289238
0.0289238
0.0289238
-0.518977
-0.518977
0.215911
-1.06726
-1.06726
-0.74443
-0.74443
-0.74443
-0.74443
1.65008
0.161877
0.161877
0.161877
0.0665657
0.0665657
0.0665657
-0.36115
-0.968599
-0.968599
-0.968599
-0.988988
-0.988988
1.10677
-1.06205
1.37953
1.37953
1.37953
-1.07816
-1.788
-1.35217
-0.1826
-0.647206
-0.64107
-0.64107
-0.64107
0.82342
0.82342
0.82342
0.82342
0.82342
0.82342
1.57719
1.57719
1.57719
1.57719
-0.882132
-1.18568
-1.18568
-1.18568
0.884443
0.884443
0.884443
0.884443
0.884443
0.884443
0.884443
-0.959551
-1.61175
1.07321
1.07321
-0.719272
1.33025
1.33025
1.33025
0.984573
-0.685144
-0.685144
0.735906
0.897552
0.897552
0.897552
-0.121577
-0.698473
-0.698473
-0.429105
0.381962
0.0170118
0.0170118
0.888052
1.03816
1.03816
-0.591233
-0.656959
-0.656959
-0.284805
-0.720112
-0.720112
-1.18816
-1.18816
-1.18816
-1.18816
-1.18816
-0.504117
-0.504117
0.624247
-1.14245
-1.14245
0.176341
0.176341
0.176341
-0.700848
-0.700848
-0.700848
1.43869
1.43869
1.43869
0.490424
-1.6631
-1.6631
-1.6631
0.433757
0.433757
-0.488939
-0.488939
0.78395
0.78395
1.75945
1.75945
1.75945
-0.905705
-0.892827
0.320906
-0.410846
-0.410846
-1.07937
1.4738
0.663615
0.663615
0.103664
-0.272246
0.295745
1.22524
1.22524
-0.769043
-1.22652
-1.22652
1.04796
1.04796
-0.824823
-0.824823
-0.824823
-0.824823
-0.824823
-0.824823
-0.824823
-1.00247
-1.00247
-1.00247
-1.16728
1.13686
1.13686
1.13686
1.13686
1.13686
-1.48312
0.455788
-0.577155
-0.577155
0.265764
1.01367
1.25305
-0.0125759
-0.635347
-1.12983
1.25319
1.25319
-0.293295
-0.293295
-0.293295
-0.15688
0.187025
0.462849
0.462849
0.462849
-0.811612
-0.811612
-0.811612
-0.811612
-0.627997
-0.627997
-0.627997
-0.627997
-0.627997
-0.627997
-0.627997
-1.09988
-0.779365
-0.45834
-0.45834
1.895
1.895
1.895
0.92565
0.92565
-0.839976
0.366699
0.366699
-1.34614
-0.965597
-0.965597
-1.13728
0.819106
0.819106
0.661592
1.04708
1.04708
-0.501916
-1.35591
-1.35591
1.23069
1.23069
-1.19197
-1.19197
-1.19197
-1.51048
-1.51048
-0.953776
-0.953776
0.808791
0.808791
0.808791
0.808791
0.553478
0.709396
-0.7705
-0.7705
-0.7705
-0.7705
-0.7705
-0.7705
-0.717177
0.895353
0.895353
0.895353
-1.16266
0.816815
0.816815
0.729364
-1.23599
-1.01945
-1.01945
-0.880595
0.388889
0.567705
0.567705
1.84061
1.80719
0.741368
0.741368
0.741368
0.741368
0.741368
1.41563
-0.608864
-0.608864
1.00344
-0.705672
0.786959
0.99931
0.99931
-0.541061
-0.541061
-0.541061
-0.541061
-0.396514
-0.438045
-0.438045
-1.37065
-1.37065
-1.37065
-0.133071
-1.71725
0.573719
-0.983257
-0.551329
0.253977
0.253977
0.253977
0.911101
0.911101
0.946878
0.590026
0.590026
0.590026
0.590026
0.346853
0.346853
0.993999
1.33421
1.33421
-0.544704
1.2897
1.2897
1.2897
1.2897
-0.836276
-0.836276
-0.836276
-0.0537537
-0.432998
-0.432998
-0.432998
-1.05662
-1.05662
-1.05662
-1.05662
-0.223178
-0.223178
-0.223178
-0.223178
-0.766815
0.239618
-0.0057296
0.958418
0.958418
-0.730657
0.525186
-0.86618
-0.86618
-0.86618
0.250238
0.250238
-2.00953
-2.00953
-2.00953
-2.01447
-2.01447
-1.00851
-1.00851
-1.00851
-1.72695
-1.23004
-1.23004
-1.44289
-0.788925
-0.230535
-0.230535
0.569094
-1.24227
-1.24227
0.499535
0.499535
0.499535
0.274844
0.274844
0.274844
-0.998037
-0.998037
-0.998037
-0.998037
-0.998037
-0.998037
1.45807
1.45807
-0.380164
-0.380164
-0.380164
-1.09154
-1.09154
-1.09154
-1.09154
0.751849
0.751849
0.356885
0.356885
1.25599
-1.35357
1.06038
0.205918
1.05008
-0.109743
-0.109743
-1.1997
-0.971839
-0.398728
1.29107
-1.27715
0.590923
0.590923
1.01829
1.01829
1.01829
1.01829
1.01829
-0.760451
-0.429863
1.23506
1.23506
0.983264
0.983264
0.983264
0.983264
0.983264
-0.103672
-1.54871
-1.03353
-1.03353
-1.03353
-0.279576
0.0861952
1.0271
-1.19263
0.309572
0.309572
0.309572
-0.273711
-0.273711
-0.273711
1.41601
1.41601
1.41601
1.41601
1.41601
0.727969
0.727969
0.727969
0.727969
-1.49948
-1.49948
-1.49948
-1.49948
-1.24165
0.308397
0.308397
-0.00169405
-0.00169405
-0.00169405
-0.00169405
-1.48697
-1.48697
1.1046
-0.295334
-0.295334
-0.295334
-0.295334
-0.295334
1.0372
1.0372
-1.02117
-1.02117
0.516015
-1.32396
-1.32396
-1.32396
0.466013
0.466013
1.54951
-0.423942
-0.423942
-0.435387
-0.435387
0.0637374
0.362176
0.0552513
0.0552513
0.495548
0.727227
0.727227
-0.845382
-1.1657
-0.674462
-0.674462
-1.31436
0.319394
0.319394
0.319394
0.319394
-0.991028
-0.598984
-0.598984
0.352512
-0.521688
-0.521688
-0.521688
-0.180678
-0.180678
-0.180678
-0.180678
-0.180678
-1.32824
-1.32824
0.735958
0.761822
0.761822
0.761822
-0.775619
-0.775619
-0.891355
-1
-0.236814
1.08694
0.346035
-0.460966
-0.460966
-0.460966
-0.460966
0.794292
0.794292
0.794292
0.263191
0.263191
-0.189491
-0.189491
0.364102
0.364102
0.240312
0.90554
1.33217
1.33994
1.33994
1.33994
1.33994
1.33994
-0.527698
1.53286
0.451783
0.451783
1.47434
1.47434
-0.238785
0.956904
1.28859
1.07836
0.0869734
0.862465
0.862465
-1.28628
1.36308
1.36308
1.36308
1.36308
0.0535993
0.0535993
-0.469456
0.354632
-0.678245
-0.678245
0.142387
0.142387
0.142387
1.07976
1.07976
0.0628214
0.0628214
0.0628214
-0.286226
-1.83676
-1.68077
-1.68077
-1.68077
-1.40517
0.705878
0.038135
0.038135
0.038135
0.0753151
-0.429889
-0.396341
-1.68225
-1.87027
-1.87027
0.566911
1.1945
-0.849434
-0.849434
-0.849434
-0.849434
-0.849434
-0.849434
-0.849434
1.19869
1.19869
1.47516
1.47516
1.47516
1.47516
1.24036
1.24036
1.24036
-0.981289
0.737178
0.737178
0.737178
1.40874
-0.7797
-0.303749
-0.576175
1.09229
0.874509
-0.447063
-0.297054
-0.297054
-0.297054
1.18307
-0.204162
-0.204162
0.23639
-1.4861
0.741829
0.741829
1.40724
1.51874
1.51874
1.51874
1.51874
-1.02077
-1.02077
-0.0829852
-0.0829852
-0.820516
-0.820516
0.897544
1.21539
-0.639712
1.60433
1.60433
1.43346
-1.02263
0.959431
-1.09071
-1.09071
-1.09071
-1.16314
-0.221964
1.53205
1.53205
-1.01826
-1.02082
-1.02082
-1.02082
0.849338
1.06155
-0.336251
1.35512
1.35512
0.846079
-0.183538
-0.183538
-0.417628
1.09117
-1.05109
0.344784
-0.583237
-0.830023
1.3766
-0.579992
1.4797
1.4797
1.4797
-0.246122
1.06221
-0.476324
-0.476324
-0.476324
0.433935
0.433935
1.35293
1.35293
1.35293
1.35293
1.35293
1.08508
-0.580925
-0.580925
-1.33772
-1.08618
0.149682
1.14249
1.14249
-1.39456
-0.442053
1.63155
1.63155
1.63155
0.117081
0.709076
-0.941837
-0.728194
-0.728194
-0.728194
-0.728194
0.794215
-1.19113
-1.19113
-0.229726
0.162813
0.0501328
1.09656
1.09656
1.09656
1.09656
0.366433
0.366433
0.366433
-0.208126
0.250076
-0.987884
0.302562
0.302562
-1.6441
-1.6441
0.827105
0.52688
-1.17766
1.06036
0.032534
0.032534
-1.31083
-1.31083
-0.607358
-0.607358
-1.21484
1.33179
1.33179
1.33179
1.33179
1.33179
0.945273
0.945273
0.203494
1.18859
-1.49836
-0.210175
0.824915
0.824915
0.824915
0.824915
0.824915
0.397134
2.09127
1.81141
0.816371
0.816371
0.816371
0.853616
1.39205
1.39205
0.596516
-1.1536
-0.186203
-0.186203
-1.51103
-1.51103
-1.51103
-0.263867
-1.02206
-1.02206
-1.02206
0.481088
0.481088
0.481088
0.481088
0.481088
0.481088
0.481088
-0.115748
-0.115748
-0.115748
-0.115748
-1.22867
-0.889371
-0.889371
-0.356411
-0.356411
-1.06717
0.714202
0.714202
1.05308
1.52091
1.04345
1.04345
1.04345
0.0168772
-0.487457
-0.487457
-0.708036
-0.708036
-0.629113
1.675
1.03476
0.504668
1.17229
0.78443
0.78443
-1.39718
-1.39718
-1.39718
-0.0545399
-1.67054
-2.11765
-2.11765
-0.87322
-0.87322
1.22124
1.22124
1.14961
1.14961
1.14961
1.23361
0.210575
-1.30453
-1.30453
-0.304202
-0.304202
-1.57407
-1.57407
0.895103
0.895103
-0.950687
-0.879301
0.605814
0.203274
-1.39941
-1.39941
0.855622
0.855622
0.948231
-0.676574
1.23346
0.701028
0.701028
-1.77084
-1.77084
-1.77084
-0.331721
-0.331721
-0.331721
-1.07254
0.911037
-0.888653
-0.888653
0.0594577
0.0594577
-0.974103
0.250882
-1.23579
-1.23579
1.17964
1.17964
1.16033
1.16033
1.16033
1.16033
-1.0038
-1.0038
-0.300722
-0.300722
-0.300722
-1.42087
-0.546932
-0.546932
-0.275483
-0.275483
-0.275483
-0.275483
-0.275483
-0.275483
-0.275483
-0.275483
-0.658399
-0.658399
-0.658399
0.834821
0.169329
0.169329
-0.773911
-0.698913
0.412532
0.412532
-1.10355
0.741861
-1.30163
0.962344
0.962344
0.962344
-0.602057
0.754782
0.754782
0.754782
0.754782
0.754782
0.754782
0.426755
1.48804
1.48804
1.1034
0.959039
0.0934237
-1.31994
0.45305
0.00448039
0.00448039
0.00448039
0.00448039
0.00448039
1.68106
0.846398
0.846398
-1.23101
-0.0639908
-0.0639908
-0.443854
-0.443854
-1.24647
0.853601
0.216398
0.69986
-0.538342
-0.538342
-1.38159
-1.38159
-0.919388
1.32636
-0.191654
-0.0160673
-0.0160673
-0.0160673
0.434611
-0.600417
-0.471277
-0.471277
-0.471277
-0.471277
-0.471277
0.84819
-0.861526
-0.861526
-0.861526
-0.861526
-0.861526
-1.04716
-1.04716
1.16506
0.63284
0.63284
-0.810267
0.860558
-0.957832
-1.39634
0.496868
0.496868
-1.01988
1.14151
-1.52244
-0.546861
-0.546861
-0.546861
-0.546861
-1.82868
0.55457
0.55457
1.03636
1.03636
-0.640803
-0.640803
-0.990528
0.618754
-1.08633
-0.212161
-0.212161
-1.25105
-1.38094
-1.38094
0.744134
0.744134
0.744134
0.744134
1.44249
-0.951143
-0.951143
-0.562251
-0.931145
-0.931145
0.194773
1.12881
1.11547
1.11547
1.11547
1.11547
1.11547
1.11547
0.48143
-1.18183
1.3211
0.249521
-0.292546
0.443029
0.443029
0.443029
1.41411
-0.756786
-0.756786
-0.47772
-0.47772
-0.47772
-0.47772
-0.47772
-0.985013
-0.985013
1.10624
1.10624
1.10624
1.10624
1.10624
-0.246056
-0.246056
0.954713
-0.605295
0.941493
0.941493
0.941493
0.941493
0.941493
0.941493
0.941493
0.941493
0.941493
0.941493
-0.783824
-0.783824
-0.783824
-0.783824
-0.783824
0.867917
0.90552
-0.805806
-0.805806
-0.805806
-0.805806
-0.805806
-0.805806
-0.805806
-0.805806
-0.805806
-0.805806
0.292337
0.292337
0.292337
0.663507
0.663507
-0.939459
-0.939459
-0.229044
0.539829
0.539829
0.539829
0.539829
1.38898
-0.253539
-0.253539
1.72436
1.72436
0.280739
-0.79333
-0.845924
1.47502
1.47502
1.47502
-1.13895
0.364335
0.364335
-0.881926
-0.881926
-0.881926
-0.881926
0.123682
0.123682
0.647125
-1.66149
-1.63108
-0.0801573
-0.31292
-1.49017
0.255348
0.255348
0.255348
0.255348
-1.12585
-1.57127
-1.57127
-1.5682
0.00989277
0.00989277
-1.24645
-1.24645
-1.32056
-0.215708
0.798876
0.798876
-0.907734
-0.907734
1.15804
1.15804
0.142408
0.142408
0.234985
-0.499116
-0.836665
-0.836665
-0.836665
-0.836665
-0.836665
-1.164
-1.39788
0.100836
0.100836
-0.943453
-0.943453
-0.943453
0.269156
-0.0154995
0.412388
1.9361
0.679388
0.679388
1.83998
1.83998
0.110353
-0.303184
-1.02086
0.251459
0.251459
0.251459
0.251459
0.251459
0.251459
0.509657
0.509657
0.509657
-1.01172
-0.399221
-0.026052
-0.625937
-0.625937
-0.625937
-0.625937
0.0587267
0.0587267
0.542562
0.614463
0.614463
0.273769
0.273769
-1.28137
-1.28137
-1.28137
-1.28137
-1.28137
0.760601
0.760601
0.915005
-0.381025
-0.381025
-0.132448
1.02402
0.371463
-1.30822
-1.30822
-0.132164
-0.132164
-0.132164
-1.3041
-1.3041
0.667518
-1.37601
-1.73367
-0.0410648
1.23757
-0.250058
-0.250058
-0.32324
0.270575
0.270575
0.899328
0.899328
0.899328
0.899328
0.899328
-0.470499
-0.304222
-0.304222
-0.304222
-0.304222
-0.304222
-0.780124
-0.586837
-1.17528
-0.360197
-0.360197
-0.360197
-0.360197
-0.0455533
-0.0455533
-0.0455533
-0.0455533
1.32601
-0.575701
-0.575701
-0.575701
-0.575701
-0.575701
-0.575701
-0.575701
-0.575701
-0.575701
-0.575701
-0.575701
-0.997962
-0.997962
1.11891
0.636445
0.636445
0.753996
0.753996
0.753996
-1.23838
-1.23838
-0.488345
-0.00739779
0.299175
0.299175
-0.713801
1.55153
1.55153
-0.0981245
-0.0981245
-0.0981245
1.17996
0.809223
0.809223
0.809223
0.951814
0.951814
1.50887
1.50887
0.563595
0.563595
0.563595
0.563595
0.0851437
0.544769
0.544769
0.544769
0.544769
-0.391547
-1.09006
-1.1328
0.71037
0.71037
0.71037
-0.899965
0.732668
0.732668
0.732668
0.158511
-1.15741
-0.728221
-1.15031
-0.706076
-0.706076
-0.706076
-0.706076
0.922608
0.922608
-1.20363
-1.20363
-0.903002
0.308159
0.308159
0.308159
-0.915297
-0.915297
-0.672851
-0.672851
-0.314833
-0.248804
-0.67109
-0.67109
0.666225
-0.351135
-0.351135
-0.638612
-0.638612
-0.308855
-0.308855
-0.00883154
-0.00883154
0.839531
1.73102
0.366815
-1.95335
-1.95335
0.00480359
0.00480359
0.00480359
0.769632
0.445632
0.445632
0.471728
-0.595613
-0.595613
-0.595613
-0.595613
0.0218769
-0.887367
1.39818
-0.117627
-0.357517
-0.357517
-0.357517
-0.357517
-0.357517
-0.357517
-0.357517
-0.357517
-0.613328
1.56444
0.248283
0.248283
0.248283
0.248283
0.248283
-0.211428
-0.211428
-0.211428
1.45061
1.45061
-0.208831
-0.208831
-0.208831
-0.561786
-0.561786
-0.561786
-0.561786
-0.699586
-0.699586
-0.699586
-0.699586
-0.699586
-1.08281
-1.43775
-1.67738
-0.689835
-0.546876
1.20852
1.20852
-1.1095
-1.1095
-1.1095
0.174431
0.174431
1.49717
1.59716
0.91407
0.0595614
-0.960408
0.695699
-0.632975
-0.632975
-0.632975
0.531351
0.531351
1.21417
1.21417
0.235386
0.235386
1.06155
-0.255484
-0.498521
-0.498521
-0.498521
-0.498521
-0.498521
-0.498521
-0.498521
0.519121
0.158355
-1.21838
-1.21838
-0.0557322
-1.61388
-1.31375
-1.31375
-1.31375
-1.31375
-1.31375
1.04692
1.04692
0.817236
0.817236
0.817236
-0.0438492
-0.0438492
-0.0438492
-0.0438492
1.33249
0.309769
0.309769
0.396787
0.396787
-0.224415
-0.07443
-0.687861
0.151058
0.749915
0.749915
-0.396231
-0.249339
1.539
-0.66148
-0.66148
-1.39768
0.0722377
0.0722377
0.0722377
0.0722377
-0.876686
-0.876686
1.23812
1.23812
1.52771
0.347051
0.347051
1.08978
1.1061
1.1061
0.803538
-0.597462
0.579515
0.579515
-0.672709
-0.508782
-0.508782
0.0536983
-1.01244
0.189829
-0.1945
-0.1945
0.500587
0.398934
-0.180889
0.323596
0.323596
0.323596
0.323596
0.14081
0.14081
0.14081
0.14081
-0.295904
-0.295904
-0.295904
-0.295904
-0.295904
-0.295904
-0.295904
-0.295904
-0.295904
-0.2296
-0.2296
0.673009
0.14951
0.500695
0.500695
-1.01026
-0.621756
1.25377
-0.604321
-0.604321
0.381361
1.4058
0.890402
0.229706
0.229706
1.18738
-0.85313
-0.127352
-0.501898
-0.923263
0.753344
0.753344
0.753344
0.753344
-0.991815
-0.991815
-0.991815
-0.991815
-0.386054
-1.10299
0.0458314
-0.137441
-0.137441
-0.75241
1.24891
0.284516
-1.26951
1.18616
1.18616
1.23507
0.144591
0.144591
1.19732
1.19732
1.19732
1.19732
1.19732
0.84308
-1.27966
0.785531
0.785531
1.20526
-0.226158
-1.10904
-1.10904
-1.10904
-0.631766
-0.631766
-0.517558
1.02451
1.61545
0.78464
-1.82899
-0.849452
0.129528
0.129528
0.129528
0.129528
1.18701
1.43212
1.43212
1.68896
-0.186966
-0.0958101
0.754689
-0.748449
1.41718
1.41718
1.41718
1.41718
0.0810809
0.14379
1.66846
1.66846
-0.397653
-0.397653
-0.541442
-0.541442
-0.541442
-0.541442
-0.541442
0.577151
0.577151
-0.716981
0.374729
-0.107342
-0.107342
-0.107342
-0.107342
-0.093259
-0.093259
1.36593
0.486539
0.486539
0.486539
0.486539
0.486539
0.486539
-0.15971
1.49185
1.18037
1.18037
1.18037
0.49301
1.16697
1.16697
0.519248
0.519248
0.519248
-0.623511
-0.623511
1.11697
1.94216
1.94216
1.94216
-0.669397
-0.669397
-0.669397
-0.669397
0.332403
1.03971
1.03971
-0.104931
-0.104931
0.809473
0.809473
0.469608
1.22862
0.21953
-1.21486
-0.00850267
-0.00850267
-0.00850267
-0.14357
-0.443307
-0.443307
-1.09032
-1.09032
-1.09032
-1.09032
0.76654
0.801558
0.801558
0.801558
0.801558
0.801558
0.801558
0.801558
0.801558
0.801558
-0.306222
-0.306222
-1.172
-1.172
-0.192854
-0.378034
-1.12412
-1.29031
-1.29031
1.36302
1.36302
0.588793
-0.878105
-0.878105
-0.820666
-1.38998
-1.06371
-1.06371
-1.70081
-1.70081
-1.70081
-1.21378
-1.21378
-1.21378
0.414909
0.410169
1.06517
1.01102
1.01102
1.12867
2.09142
1.30618
-1.01593
-1.01593
-1.01593
0.230162
-0.403688
-0.403688
-0.403688
-1.2934
-0.304679
-1.15767
0.384241
0.384241
0.384241
0.384241
1.02053
0.984545
0.626195
1.41418
-0.549777
0.347671
0.347671
-0.578158
-1.01182
-1.01182
-1.01182
-1.01182
-1.01182
-1.01182
-0.560411
0.800902
-1.31757
0.634969
0.634969
0.634969
0.634969
0.949311
0.949311
0.949311
0.949311
0.949311
1.05527
0.716928
-1.2641
-0.430797
-0.342292
-0.342292
-0.342292
-0.342292
-1.08179
0.646792
0.0730138
0.0730138
0.0730138
-0.322032
-0.322032
-0.517401
-0.177328
0.859774
-1.10591
-1.10591
1.3797
1.3797
1.3797
1.3797
1.3797
0.341
-0.198623
-0.198623
0.479754
-1.19952
-1.19952
1.26525
1.26525
1.26525
0.892242
-1.42825
0.563503
-0.126094
-1.51816
-0.819593
-0.819593
-0.819593
0.379329
0.722074
0.722074
0.722074
1.65185
1.65185
-1.02979
0.459479
-0.753338
-0.234865
1.17731
1.19272
1.19272
-0.626875
-0.370535
-1.26328
0.718238
0.718238
0.00408498
0.00408498
0.858714
0.707976
0.707976
0.707976
1.28008
1.28008
1.28008
1.28008
1.28008
1.28008
1.28008
-0.404019
0.017527
0.386975
0.386975
-0.991817
1.31019
1.31019
1.31019
0.813709
0.813709
0.813709
0.813709
-0.984668
-0.984668
-0.984668
-0.984668
-0.27617
0.803871
-0.40994
-0.40994
0.882323
0.882323
0.933597
0.933597
0.499041
0.499041
0.499041
-0.909943
-0.909943
-0.909943
-0.909943
0.995965
-0.665867
-0.665867
-0.665867
1.58741
1.7205
1.59272
-0.487669
0.465973
-1.47892
-0.447722
-1.00764
-0.637137
-0.637137
-1.5345
-0.980376
-0.472431
1.68757
-0.435756
-0.272414
-0.272414
-0.272414
-0.272414
-0.272414
-0.272414
-0.272414
1.117
-0.613672
-1.10768
-0.0813538
-1.3708
-1.20149
-1.20149
-1.20149
-1.20149
-1.20149
-0.045145
0.420518
-0.00597637
-0.00597637
-0.548143
-0.548143
0.674092
0.674092
0.674092
0.674092
0.674092
0.674092
1.33051
-1.16847
-1.56133
-1.23206
0.883815
-0.234499
1.05836
-1.01147
0.200142
-1.1213
-0.360429
-0.360429
0.473705
0.473705
0.473705
-0.0350199
1.57654
1.57654
1.57654
1.23512
0.0162215
0.0162215
-0.397639
-0.397639
-0.462244
0.90868
0.90868
0.90868
0.650515
0.650515
1.03831
-0.945788
-0.945788
-0.431117
-0.668734
-0.668734
-0.668734
-0.668734
-0.668734
-0.668734
0.409329
0.409329
0.409329
0.409329
0.409329
1.04301
1.04301
1.14122
-0.545929
1.398
1.8776
1.8776
1.8776
1.86885
1.70917
-0.0223206
0.727382
-1.16358
-1.16358
-1.73252
-1.21279
-0.0102782
-1.40037
-1.40037
1.03573
1.03573
-0.235413
-0.235413
-0.235413
-0.235413
-0.596346
-0.596346
-0.596346
-0.596346
1.19032
0.759278
-0.15642
0.985378
0.766642
0.766642
-0.870558
-0.870558
-0.870558
-0.870558
-0.870558
-1.60146
-1.60146
-1.60146
-1.24526
-1.24526
-1.37251
-1.22754
-0.0696478
-0.0696478
-0.0696478
-0.0696478
0.0958925
1.40526
1.53397
1.53397
1.53397
0.179375
0.179375
-1.45243
-1.20362
-1.20362
-1.18212
-1.18212
-1.16277
0.327508
0.327508
0.789211
0.789211
0.698316
1.4593
1.4593
0.417248
-0.421261
-0.421261
-0.421261
-1.20984
-1.20984
0.481942
0.481942
0.481942
0.481942
0.0823738
1.46235
-1.05854
1.01398
0.0739738
0.0739738
0.793512
0.793512
0.703061
0.703061
0.703061
1.61602
-0.708459
-0.708459
-0.708459
0.415467
1.41802
-0.368342
0.725994
0.725994
0.725994
1.10157
0.250619
-0.873401
-0.513173
0.507768
-0.510312
-0.510312
-0.510312
1.19545
1.19545
1.19545
1.16092
1.19838
0.563637
0.563637
0.60064
0.60064
0.60064
-1.26647
0.719554
-0.389677
-0.389677
0.415483
-0.121366
-0.121366
-0.121366
1.08414
-1.20136
-1.27333
-0.0370079
-0.0370079
-0.0370079
-0.0370079
0.409467
1.04742
1.04742
1.04742
0.100706
0.100706
0.100706
-0.792229
-0.792229
-0.792229
-0.792229
0.495592
0.495592
-0.600883
-0.770497
-0.770497
-0.770497
-0.770497
-0.770497
-0.770497
-0.770497
-0.770497
-0.764568
-1.31051
0.494838
0.494838
-1.51346
-1.51346
0.602258
-0.106616
-0.106616
-0.106616
-0.454889
-0.454889
-1.32504
-0.337582
0.801563
-0.439594
-0.439594
-1.61368
-0.356524
-0.356524
-0.356524
-0.356524
-0.356524
-0.356524
-0.349062
-0.805393
-0.39542
1.50294
-0.81084
0.294959
1.14337
1.28119
-0.321106
-1.15035
-1.15035
-1.15035
-1.15035
-0.407537
-0.407537
-0.407537
0.535316
-0.0542174
-0.0542174
1.31356
0.0207746
-0.990373
-0.60027
-0.60027
-0.60027
1.53653
1.53653
1.53653
0.67636
0.425317
0.426443
0.426443
0.998866
0.822656
-0.801507
0.338433
-1.12673
0.26928
0.634588
0.634588
0.634588
0.634588
0.846506
0.846506
-0.780892
-0.780892
-0.382088
1.16024
1.16024
0.594675
0.594675
0.594675
0.594675
0.842164
1.64492
0.915317
0.915317
0.915317
-0.812243
-0.812243
-0.367756
-0.367756
-0.857846
-0.857846
0.84873
-0.398296
-1.39619
0.711267
0.711267
0.711267
0.711267
-1.21546
-0.858741
-0.858741
0.397561
0.270088
0.274475
0.274475
0.274475
0.274475
0.274475
-0.346719
0.461683
0.461683
0.892322
0.892322
0.892322
-1.05571
0.612093
0.547791
0.547791
0.547791
-1.2883
0.0935821
1.36034
1.36034
-1.23109
-1.23109
0.978376
0.922351
0.922351
0.922351
0.922351
0.708587
-0.330989
-0.64531
1.42659
-1.01251
-1.01251
1.12466
-1.01003
0.676915
-0.734882
-0.734882
-0.734882
-0.734882
-0.727734
-0.727734
-0.727734
-0.727734
0.874567
0.874567
0.874567
1.59506
-0.504825
1.50292
1.50292
0.422782
-0.742566
-0.742566
0.537901
0.537901
0.537901
0.537901
-0.703579
-0.703579
0.412936
0.412936
1.64802
-0.523238
0.852028
1.06406
-1.22198
1.18718
0.806161
2.0194
1.23711
1.23711
1.23711
1.23711
-1.1075
-1.1075
-1.1075
-1.1075
-1.1075
-1.1075
-1.40881
-0.10447
-0.10447
-0.129268
0.809597
0.809597
0.809597
0.809597
0.809597
-1.30793
-1.30793
-1.30793
-0.24892
-0.554547
-0.554547
0.948958
-1.03858
-0.419436
0.654817
0.654817
0.654817
-0.643897
-0.643897
-0.767475
-0.767475
-0.767475
-0.767475
-0.767475
-0.767475
-0.767475
-0.787427
-0.787427
0.689094
0.906117
0.666143
0.666143
1.07946
0.535059
0.535059
0.535059
0.535059
0.535059
-0.0688788
-0.0688788
1.11677
-0.211469
1.07259
1.07259
-0.658572
0.673467
0.673467
0.930641
0.930641
0.930641
0.0780767
0.0780767
0.0780767
0.0780767
-0.598369
-0.0973398
-0.869683
0.845533
0.845533
1.72851
1.47803
1.47803
-0.738497
-0.738497
-0.610108
-0.610108
-0.610108
1.17861
1.15063
1.15063
1.15063
1.12881
1.12881
0.287828
0.287828
0.287828
0.287828
-0.799138
0.510363
-0.595888
-0.595888
-0.595888
-0.595888
-0.595888
-0.66454
-0.66454
-0.32232
-0.782675
-0.782675
-0.782675
-0.782675
-0.782675
-0.782675
0.981007
0.482102
0.482102
0.555099
-1.26372
0.256085
0.256085
0.256085
0.256085
1.50685
-0.640859
-0.640859
-0.640859
-1.22829
-0.639623
-0.543929
0.762715
0.854231
1.40988
1.40988
-0.268629
-0.268629
-0.268629
-0.17022
-0.17022
0.970843
-0.84987
-0.84987
-0.84987
-0.326894
0.450361
-0.643315
-0.643315
-0.643315
1.02439
1.02439
1.02439
-0.509618
0.855115
1.20829
1.27512
-0.953291
-0.953291
0.420567
0.420567
0.10214
0.920705
-0.711802
-0.578885
-0.578885
-0.341546
-1.33176
-1.76414
-2.15936
-0.0646326
-0.0646326
-0.0646326
-0.65663
-0.916415
-0.916415
-0.916415
-1.29651
1.13446
-1.09877
-1.09877
0.0849203
0.0849203
-0.57463
-0.57463
-0.57463
-0.57463
-0.57463
-0.57463
0.535445
0.0798498
0.0798498
0.0798498
1.11044
1.11044
1.11044
0.791236
0.876521
0.876521
0.876521
0.876521
0.843498
0.843498
-0.691934
-0.691934
-0.691934
-0.691934
0.806998
-0.14873
-1.47687
-1.47687
-1.47687
-1.47687
-0.934968
-0.934968
-1.03915
-1.03915
-0.280744
-0.280744
-0.280744
-0.280744
-0.280744
-0.753238
-0.370109
-0.370109
-0.370109
0.00714717
0.00714717
0.00864365
-0.247875
0.364289
-0.902607
-1.30477
1.20435
1.20435
1.20435
0.36686
0.807921
-0.970725
0.758897
0.758897
-0.282836
0.990503
0.217035
-0.613693
-0.613693
-0.97998
-0.97998
0.754406
-0.173056
-0.810188
-0.810188
-0.810188
-0.810188
-0.810188
-0.810188
-0.810188
-0.810188
1.57935
1.57935
0.481183
-0.64597
-0.528673
-1.47472
-1.26647
-1.26647
-1.72653
0.369829
0.369829
-0.976989
-0.15669
-0.603259
-1.34495
1.19784
1.29008
-1.16437
-1.16437
1.05012
0.164709
-1.01857
-1.01857
-1.01857
-1.01857
-0.48009
-0.48009
-0.48009
-0.656238
0.705234
1.0761
1.0761
1.0761
1.0761
1.0761
1.39768
1.66311
-0.693456
-0.693456
-0.693456
-0.693456
-0.626248
-0.221527
-0.221527
-0.47431
0.782398
0.782398
-0.22284
1.29994
1.29994
1.29994
0.69621
0.69621
-0.891562
0.868475
0.868475
-0.52772
-0.5142
0.0566777
0.0566777
-0.703096
-0.447459
-0.58222
-0.58222
0.560238
0.920232
-1.17284
1.06619
-0.662053
-0.662053
1.20973
1.16492
1.09148
1.16829
-1.44368
0.979946
-1.51181
-1.51181
-1.51181
-1.51181
-1.51181
-1.51181
-1.55931
-1.55931
0.172013
-0.970127
1.61039
1.61039
-0.951585
-0.951585
-0.951585
-0.561119
-1.48804
0.957347
0.120867
0.120867
0.120867
-0.182553
0.161101
0.820803
-0.154746
0.866327
0.866327
0.114118
0.114118
1.14936
-0.0789659
-0.201283
0.909218
0.909218
0.909218
0.845167
0.845167
0.479178
-0.416104
-0.416104
-0.416104
1.52302
0.831277
0.831277
0.831277
0.831277
0.831277
0.831277
0.831277
0.831277
0.831277
0.831277
0.831277
-0.0260866
-0.0260866
0.161144
0.195405
-1.46431
0.907649
-0.72828
-0.72828
-1.36563
-1.21667
-1.21667
-1.21667
-1.21667
-0.153543
1.2322
-0.819335
-0.819335
-1.15202
0.0694922
0.695085
-1.38278
-1.38278
0.190543
0.190543
0.307459
0.000536331
-1.36238
-1.36238
-1.36238
-0.519905
-0.519905
0.579049
0.579049
0.772277
1.15064
1.15064
-0.178633
-0.178633
-0.178633
1.30161
1.30161
0.476227
0.0312262
0.951166
0.36303
0.214777
-1.6181
-1.6181
-1.20788
-1.20788
-0.447518
-0.447518
-0.753607
0.6425
0.6425
0.6425
1.58923
1.50381
1.50381
0.619624
0.909394
1.57444
1.57444
0.833096
-0.552156
-0.759716
0.267218
0.267218
0.635883
0.635883
-0.579092
-0.579092
-1.10738
-1.10738
-0.921921
-0.804039
-0.804039
-0.804039
0.896189
-0.519473
-0.519473
0.705166
1.095
0.804813
-0.592656
-0.592656
-0.592656
-0.592656
-0.592656
-0.592656
-0.592656
-0.632236
-0.632236
-0.79523
-0.79523
-0.79523
-1.2622
-0.443703
-1.09582
0.0986911
-0.892238
-0.892238
-0.892238
-0.892238
-0.892238
0.814626
0.814626
-0.597564
-1.17565
-1.17565
-1.17565
0.168912
-0.259281
-0.259281
1.30136
1.30136
-0.101224
-0.101224
-0.101224
1.10882
0.18693
0.18693
0.18693
0.18693
0.435074
0.435074
-0.885607
-0.865095
-0.865095
-0.865095
-0.203897
0.424462
-0.999661
1.53677
0.902187
-1.16487
-1.16487
-0.0698689
-1.12759
-1.12759
0.372265
0.372265
0.568939
1.38322
1.38322
1.38322
1.38322
1.38322
0.452788
-0.328924
1.37753
1.52164
-0.772455
-0.0483102
-1.40681
-1.40681
-1.40681
-1.40681
-1.40681
-1.40681
0.323375
0.121117
-0.502951
-0.502951
-0.502951
-0.502951
-0.502951
-0.502951
0.985944
0.985944
0.985944
0.985944
0.985944
0.985944
0.985944
0.178037
-1.38057
0.310973
1.09685
1.09685
1.09685
1.09685
-1.04178
-0.651373
-1.68957
-1.68957
-1.68957
-1.65539
-1.65539
-0.143104
0.359474
0.534437
0.534437
0.534437
1.0086
0.0506692
-1.23878
-1.2445
-1.2445
-1.2445
-1.08275
-1.08275
1.09728
0.0575512
-1.33205
-1.61101
-0.395995
0.995234
0.510564
0.510564
0.511037
-1.07507
-0.916214
-0.916214
-0.916214
-0.916214
-0.916214
-0.109871
-0.109871
-0.109871
-0.432915
-0.396068
-0.396068
-0.238508
-0.504837
-0.504837
-0.00983502
-0.00983502
-1.2067
-1.56703
-0.250003
-0.250003
-0.250003
-0.682199
-0.4656
-1.17495
0.983547
0.405981
-0.0220372
0.304606
-0.312978
-0.312978
-0.312978
1.67287
1.67287
0.236386
0.236386
0.526609
1.03665
-1.361
-1.208
-0.683353
-0.683353
-0.420043
-0.420043
-0.130912
-0.130912
0.280036
0.280036
0.280036
0.280036
0.930916
0.520129
-0.423823
-1.05209
-1.05209
-0.359399
0.722719
0.722719
-1.26089
-1.26089
-1.26089
0.722925
0.722925
0.722925
0.722925
0.722925
0.722925
0.722925
1.66185
0.113235
-1.45532
0.469308
0.183886
-0.744747
-0.744747
0.700464
0.700464
-0.829522
0.357437
0.357437
0.351388
-0.509247
-0.509247
-0.509247
-0.509247
-1.2674
-1.5865
-1.5865
-0.131136
-0.739367
-0.739367
-0.739367
-0.739367
-0.739367
0.0305738
0.360515
0.360515
0.360515
-0.352437
-0.935418
-0.935418
-0.935418
-0.935418
-0.935418
-0.935418
0.373693
0.373693
-0.533534
-1.47877
1.16036
1.16036
1.16036
0.966084
0.966084
0.966084
0.966084
0.821352
0.85929
-1.12186
-1.12186
0.730906
0.617458
0.0600234
-0.150374
0.80509
0.80509
0.80509
0.900184
0.900184
-0.502921
-0.502921
-1.36184
-1.23295
-1.23295
0.474931
1.09353
-0.430769
0.105638
1.11582
1.11582
1.06207
1.06207
-1.36633
0.618986
0.618986
0.618986
0.618986
-1.16586
-1.16586
-1.16586
-1.16586
1.20986
-1.07712
0.025519
0.176299
-0.329289
-0.329289
-0.467442
-1.05683
-1.05683
-0.426387
-0.127964
-0.171851
-0.0462403
-0.0462403
-1.06335
-0.647028
-0.647028
-0.647028
-0.647028
-0.533234
-1.35574
-1.35574
-1.35574
-1.35574
-1.35574
-0.112326
-0.561344
-0.561344
-1.14104
-1.3881
-0.791577
0.175638
-0.00794962
-0.00794962
1.10395
-1.43078
-1.43078
-0.0621067
-1.01409
-1.01409
-1.01409
-1.01409
-1.01409
-1.01409
-1.01409
-1.01409
-1.01409
-1.01409
0.123397
0.681847
0.681847
0.582417
0.593473
0.593473
0.593473
0.428066
0.428066
0.0674878
-1.05771
-0.886543
0.885977
0.885977
0.885977
0.885977
0.885977
-1.20794
-1.20794
-1.20794
0.182844
0.991666
-1.48945
-1.48945
-1.29247
-1.29247
-1.29247
-0.463942
-0.463942
-0.463942
-0.463942
-0.164958
0.752405
-0.763194
-0.763194
0.824469
-1.04068
-1.04068
-1.04068
-0.646931
-0.646931
-0.651196
0.756884
0.756884
0.756884
0.756884
0.756884
-0.526867
-0.526867
-0.757528
-0.757528
-0.757528
0.860696
0.860696
-0.851725
1.83629
1.83629
1.83629
1.06399
1.67917
1.67917
-0.185185
0.816475
0.816475
-0.320489
-0.320489
0.257935
0.412466
0.364513
0.364513
-0.0596914
-0.0596914
0.240642
0.355642
0.144293
0.144293
0.144293
0.76459
0.76459
-0.805182
0.181102
1.38667
-0.591012
-0.591012
-1.36223
-0.488066
-0.488066
-1.66272
-1.66272
-0.798921
-0.798921
-0.607102
-0.776472
-0.776472
1.17851
1.17851
-0.175714
-0.175714
1.4018
1.4018
1.1583
1.1583
0.735016
0.735016
0.735016
0.735016
0.481135
0.481135
0.481135
0.481135
0.481135
0.481135
0.481135
-0.464694
-0.0284929
0.734756
-0.183057
-0.183057
-0.183057
-0.183057
-0.183057
1.13033
1.13033
-0.927379
-0.927379
0.53906
0.53906
0.53906
0.892421
0.892421
0.892421
0.892421
1.0966
1.0966
0.197137
0.197137
-1.24697
-0.0627162
1.52936
1.52936
0.089173
0.089173
0.089173
0.637183
-0.091792
0.406744
1.02761
-1.17426
-1.17426
0.826178
-0.809563
-0.809563
0.329117
0.181492
0.181492
-1.06778
0.203822
-0.723949
-0.723949
-0.723949
-0.723949
-0.723949
-1.23682
1.22422
-1.09106
-1.56186
-0.375516
0.319215
0.319215
1.03886
1.03886
1.03886
0.484767
0.643982
-0.750666
-0.750666
-0.750666
-1.51004
0.372102
0.372102
0.372102
0.372102
0.372102
1.45456
-0.446967
-1.2206
0.18275
-0.35981
-0.35981
-0.35981
-0.0364576
-0.559276
-0.559276
-0.559276
1.02884
1.02884
1.02884
1.02884
1.02884
1.02884
1.02884
1.02884
1.02884
-1.12098
1.47201
1.47201
1.47201
1.47201
1.47201
-0.952402
-0.952402
-0.952402
-0.952402
-1.06422
-1.06422
-1.06422
0.156288
0.164732
0.164732
-1.22055
-1.22055
0.514655
-0.372172
-1.13526
-1.13526
-0.356548
-0.356548
-0.356548
-1.65664
-1.65664
-1.65664
-1.65664
-1.65664
-1.65664
-1.85489
-1.85489
-1.85489
0.496212
0.496212
0.496212
0.496212
-0.737417
0.763912
0.763912
0.572604
-0.642491
-0.642491
-0.642491
0.372383
0.771137
-0.943383
-0.943383
-0.943383
-0.943383
0.6705
0.6705
-0.461698
0.657554
0.657554
0.657554
0.0828734
0.356591
-0.615727
-0.126323
0.119136
0.119136
1.43492
-1.12999
0.962738
0.962738
0.962738
0.962738
0.764214
0.764214
0.764214
-0.381854
0.581013
0.581013
0.581013
-1.05683
-1.05683
-1.05683
1.1493
1.1493
-0.673854
-0.673854
-1.09404
-1.09404
-0.271792
-0.844075
-0.844075
0.428289
0.428289
-1.55038
0.507471
0.507471
0.507471
-0.425882
0.338553
0.338553
0.583142
0.583142
0.583142
-0.408489
-0.408489
0.345395
1.37296
1.67638
0.489783
-1.61042
-1.61042
-1.61042
-1.61042
-1.61042
-1.61042
-1.61042
-1.61042
0.811034
0.135413
-1.16445
-1.16445
1.11728
-1.51611
-0.41775
-0.239545
-0.831363
-0.831363
-0.831363
-0.831363
1.13156
-0.422228
-0.422228
-0.422228
-0.422228
-0.431982
0.582475
1.55278
-0.160223
-0.160223
-0.145219
-0.145219
-0.145219
-1.6693
-0.259183
-1.68783
-0.869252
-0.869252
-0.869252
0.891946
0.20476
0.377601
0.377601
0.8663
0.8663
0.8663
0.8663
0.394608
0.394608
0.394608
-1.04937
-0.0872402
-0.0872402
-0.0140074
0.867383
0.867383
0.867383
0.867383
0.961526
0.961526
0.961526
0.961526
0.961526
-0.814646
-0.814646
-0.814646
-0.814646
0.997105
-1.63167
-1.37528
-0.805627
-0.805627
-0.805627
-0.805627
-0.805627
1.193
1.193
0.618454
0.618454
0.618454
-0.163315
-0.163315
1.37014
-1.3033
1.07547
-0.66302
-1.82499
-1.98089
-1.15948
-0.119868
1.36316
1.36316
-0.929083
1.04197
1.00715
0.986955
0.929267
-1.60346
-1.60346
-1.60346
-0.278117
1.53649
1.47633
1.53921
-1.03043
-1.03043
-1.22599
-1.22599
-1.22599
0.0107446
-1.31902
0.661327
0.661327
0.661327
0.980784
0.980784
-0.111632
-0.19047
1.01647
1.01647
1.01647
1.01647
0.553554
0.541059
-0.705908
-0.705908
1.52118
1.52118
0.842853
1.57108
1.57108
-1.0319
-1.0319
-1.0319
0.823407
1.39012
-1.28983
0.189163
0.579409
0.579409
-1.37311
-0.642061
-0.597219
-0.873719
-0.873719
-0.873719
-1.62251
-0.654744
-0.654744
-0.654744
-0.212449
0.728952
1.73522
1.73522
1.73522
-0.486058
0.174314
0.174314
0.174314
0.191203
-0.259538
-0.259538
0.823592
0.823592
0.823592
0.823592
0.823592
-1.77905
-0.145565
-0.145565
-0.620969
0.996288
-0.623786
0.342918
-1.66399
-1.69197
0.114742
0.44688
-0.144097
-0.144097
-0.223077
-1.21615
-0.143563
-1.16222
-1.16222
-1.17725
-0.900735
-0.900735
-1.77968
0.456436
0.456436
0.456436
0.456436
-0.347286
0.226197
-1.12968
-1.12968
-1.12968
-1.12968
-1.12968
-1.12968
-0.299624
-0.299624
-0.813693
0.666322
-1.32376
-0.866796
0.636652
0.49342
0.49342
-1.5969
-1.5969
-1.5969
-1.5969
-1.5969
-0.425357
0.0146399
0.0146399
0.455508
0.455508
0.921157
0.921157
0.921157
0.0264055
0.0264055
0.0264055
0.0264055
0.963906
-0.728452
1.7098
1.7098
1.7098
1.7098
-0.0509805
1.33385
0.193036
0.193036
1.09303
0.64667
0.133438
-0.851291
-0.851291
-0.851291
-0.583014
-0.48808
-0.865669
-0.865669
0.420442
0.420442
0.912818
0.912818
-0.290811
-0.290811
-0.290811
-0.290811
-0.290811
-0.955077
1.27191
1.27191
1.27191
1.27191
1.27191
1.27191
1.27191
1.27191
1.27191
1.27191
-1.17903
-1.17903
-0.864449
-0.864449
-0.310558
1.17275
1.23118
1.48039
0.422468
0.422468
0.422468
-1.12169
-1.12169
-1.12169
-1.10778
-1.12553
-1.12553
-1.12553
-0.299221
1.23206
-0.356731
-0.356731
-0.356731
-0.356731
-1.04713
-1.04713
-1.04713
-0.668823
-0.668823
1.63415
1.63415
1.63415
-0.197011
0.20164
-0.463436
-1.48817
-1.48817
-1.48817
-1.59225
-1.59225
0.309811
1.03345
1.03345
1.03345
0.121859
-1.31766
-0.287918
-0.731776
-0.731776
0.132861
-0.305301
0.17051
0.17051
0.52327
0.52327
-1.14429
-1.14429
-0.91025
-0.91025
-0.2272
-0.2272
-0.2272
-0.2272
-0.2272
-0.2272
0.446541
0.446541
0.0848268
-0.00442561
-0.00442561
-0.00442561
-1.42319
0.525198
0.525198
0.525198
0.525198
0.0426059
0.914526
0.914526
0.913818
0.913818
-0.43862
-0.43862
-0.43862
0.241207
0.241207
-1.08248
-0.384009
-0.384009
-0.384009
1.28645
1.28645
-1.14117
-1.14117
-0.481088
0.0784794
0.0784794
0.0784794
-1.29443
0.977553
0.977553
0.977553
0.494566
0.85427
0.85427
-0.682917
-1.18184
0.402394
0.402394
0.402394
0.402394
-0.3061
-0.3061
-0.3061
1.29043
1.43232
-0.41353
-0.41353
-0.41353
0.181235
0.325251
0.434527
-1.13396
1.17075
1.17075
-1.25828
1.13033
1.13033
1.12839
1.12839
-0.505223
-0.505223
-0.505223
-0.583774
0.734951
0.734951
-0.957399
-0.957399
-0.957399
1.29265
-0.786179
-0.786179
-0.786179
1.01201
0.219737
-0.621771
-0.621771
-0.621771
0.500624
0.500624
0.20392
0.110998
1.18949
-0.75216
0.7741
0.7741
-1.12719
-1.12719
-1.12719
-0.995016
0.564974
-0.390712
1.08612
-1.07792
-1.07792
-1.07792
-1.07792
-1.07792
-1.07792
-0.560954
-0.560954
-0.560954
-1.56902
0.248799
-0.722684
-0.0339916
0.795953
-1.28987
-1.94936
-1.94936
-1.94936
-0.0972453
-0.0972453
0.9481
0.9481
0.9481
1.26767
1.26767
1.3771
0.109094
0.00762671
-0.599036
-0.599036
-0.599036
-0.599036
0.341223
-0.412091
-0.633188
-0.633188
-0.633188
1.29162
1.29162
1.29162
1.03865
0.447485
1.31862
1.31862
1.31862
-0.728007
-0.728007
-0.728007
0.501264
0.405206
0.405206
0.405206
-0.10776
1.27667
-1.14303
-1.14303
0.480649
0.480649
-0.564022
-0.564022
-0.564022
-0.181575
-0.181575
1.63516
0.260171
-0.448112
-0.448112
-0.448112
-0.62594
-0.62594
-0.62594
-0.62594
-0.62594
-0.62594
-1.4997
-0.383553
0.944995
-0.686526
-0.686526
-0.686526
-0.686526
-0.686526
1.39557
1.39557
1.39557
1.27344
1.27344
1.27344
1.27344
0.660144
0.660144
0.660144
1.58624
-0.237605
-0.237605
-0.285948
0.536877
0.536877
0.536877
0.536877
0.536877
0.536877
1.31804
-1.14897
-0.140568
-0.140568
-0.247886
0.128412
0.128412
0.425286
0.632861
-0.0162392
0.202128
0.202128
0.202128
0.650235
0.650235
0.650235
0.650235
0.650235
0.650235
1.63335
1.63335
0.765079
-0.649867
-1.12034
0.0660246
0.0660246
0.0660246
0.0660246
0.0660246
0.0660246
-0.418296
-1.78534
-0.527761
-0.527761
-0.527761
-0.527761
-0.527761
-0.866593
-0.866593
-1.1663
-1.1663
-1.1663
-1.1663
-1.1663
-1.1663
-1.1663
1.06449
1.06449
1.06449
1.06449
1.06449
1.06449
1.06449
1.06449
1.06449
0.885979
0.885979
0.79413
0.79413
0.79413
0.79413
0.79413
0.79413
-0.841741
-1.03513
-1.03513
-1.03513
-0.777398
1.48334
0.941501
0.941501
1.23108
-0.180162
-1.17664
-1.17664
-0.138888
-0.581237
-0.581237
-0.581237
-0.574993
-0.574993
1.86417
1.86417
2.00204
0.127852
-0.862146
-0.862146
-0.862146
-0.862146
0.921469
0.921469
0.921469
0.921469
0.921469
-1.6304
-1.6304
-1.6304
-1.6304
-1.6304
-1.6304
0.800423
0.780021
0.780021
0.0136868
0.182765
0.182765
1.08175
1.68093
1.68093
0.736959
-0.314523
-0.314523
-1.11026
-1.52692
-0.5053
-0.286617
-1.81324
-1.81324
-1.25134
0.300017
-1.40637
0.745223
0.745223
-0.401101
-1.21011
-1.1249
1.10796
1.10796
-0.287427
-0.287427
-0.647634
-0.647634
-0.647634
-0.647634
-0.647634
-0.647634
-0.647634
-0.647634
-0.647634
-0.647634
-0.647634
-0.647634
-0.365119
-0.0911223
-1.22825
-1.25455
-1.25455
0.17286
0.17286
0.17286
0.17286
-0.488606
0.412276
-1.1632
0.379926
0.379926
-0.0798806
-0.0798806
-0.506183
-0.506183
0.377507
0.377507
0.377507
0.263456
1.58343
-0.830479
-0.830479
-0.724067
-0.667681
0.827313
0.827313
-0.731987
-0.731987
-0.731987
-0.736746
-0.736746
1.10403
1.36012
0.892143
0.892143
-0.971966
-0.971966
-0.971966
-0.971966
-0.971966
-0.971966
-0.971966
0.040557
0.348058
0.348058
0.348058
0.525424
0.525424
-0.636756
0.687865
0.687865
-0.17917
-0.17917
-0.17917
-0.17917
-0.17917
0.699926
0.699926
0.699926
-0.401
-0.401
-0.401
-0.401
-0.401
-1.33348
0.501868
1.47613
1.47613
1.47613
0.51428
-0.383176
-0.383176
0.375271
-1.13852
0.561418
-1.24687
0.355349
0.591746
-1.917
-1.917
-1.62135
-1.62135
-0.552546
-0.552546
0.928911
-0.223765
-0.550416
-0.550416
-0.550416
-0.550416
-0.550416
-0.550416
0.487068
0.487068
0.487068
0.487068
0.487068
0.739775
0.739775
0.739775
0.739775
0.739775
-0.646279
-0.646279
-1.18287
1.41541
0.486725
0.486725
1.36029
1.37722
1.37722
1.37722
1.37722
1.37722
0.447531
0.447531
0.620974
1.36783
-0.244366
0.997079
0.997079
0.997079
0.455875
0.0570314
1.36283
1.36283
1.36283
0.438531
-0.438652
0.31302
0.31302
-0.63269
-0.63269
-0.63269
0.137662
1.20826
1.59999
0.490713
0.490713
0.490713
0.490713
0.490713
0.490713
-0.79412
0.808284
0.808284
-0.804565
-0.804565
-0.804565
0.749379
0.749379
0.749379
0.749379
0.749379
-0.899241
-0.899241
-0.899241
1.53383
1.53383
0.533077
0.533077
0.164841
0.164841
1.04721
1.04721
-0.626304
-0.626304
-0.0653687
-0.0653687
0.107358
1.37822
0.585361
1.59517
0.905446
-0.421766
-0.203123
0.737148
0.737148
-0.763532
-1.31434
-1.06938
0.190699
-0.690742
-0.690742
1.0201
-0.539569
0.634408
0.634408
-1.74952
-1.74952
-0.390265
0.167721
0.855852
-0.46385
-0.46385
1.30398
1.30398
-0.803022
-0.803022
-0.803022
0.28494
0.28494
-1.41799
-1.41799
-1.41799
0.805671
-0.924223
-0.924223
-0.924223
-0.924223
-1.58276
0.569699
0.569699
-0.41256
-0.41256
0.934561
0.934561
0.934561
-1.22314
1.08915
1.08915
1.08915
-0.133049
-0.550321
0.657177
2.08542
0.655858
0.655858
0.655858
0.655858
0.73233
-1.0674
-1.06706
-1.28205
-1.28205
-1.28205
-1.28205
0.554919
-1.1013
0.14078
0.14078
0.14078
0.14078
0.14078
0.14078
0.14078
-1.56749
0.722922
0.722922
0.722922
0.722922
0.722922
0.722922
-0.340053
-0.340053
-0.820794
0.925003
0.925003
0.925003
0.925003
-0.963728
-0.963728
0.566868
0.566868
-0.577641
0.141409
0.141409
0.688445
0.327346
1.00047
-1.37686
-0.523352
-0.523352
-0.224188
-0.224188
1.24328
1.24328
1.24328
0.423552
0.588119
0.588119
0.588119
0.588119
0.588119
0.751
1.37753
1.37753
1.37753
0.18237
-0.317977
0.985712
0.12952
0.12952
0.957362
0.957362
0.611001
0.289931
0.601822
-1.28348
0.932717
-0.13896
-0.13896
-0.183027
-0.87058
1.45183
1.45183
1.45183
-0.508232
-0.508232
0.216908
0.216908
-0.357327
0.636552
0.636552
0.632093
-1.12346
-0.330501
0.493853
-0.208817
1.27448
0.67395
-0.81999
-0.81999
-0.81999
-0.81999
-0.81999
-0.81999
1.36692
1.20183
1.20183
1.14654
1.14654
1.14654
1.14654
-0.856447
0.662692
0.662692
0.662692
-0.119774
-0.119774
0.163781
0.163781
0.163781
0.163781
-0.0453528
-0.642865
-0.642865
0.668663
-1.6718
0.918156
0.509121
1.28281
-0.219346
-0.219346
-1.47418
-1.47418
0.413636
-0.43615
0.637594
0.637594
-0.870762
-0.481242
-0.481242
0.997777
-0.359979
-0.995432
-0.995432
-0.995432
-1.25836
-1.25836
-0.863415
-0.863415
-0.505808
-0.505808
-0.505808
0.125457
-0.146354
-0.146354
-0.146354
-0.529435
-0.529435
-0.398611
-0.398611
-0.398611
-0.398611
0.738408
0.738408
0.738408
0.738408
0.738408
0.738408
-0.321857
0.0647041
0.469345
0.974729
-1.37808
1.25774
0.22145
0.663211
-0.754933
-0.262338
-0.262338
-0.262338
-0.0965772
-0.720506
-1.22442
-0.268604
1.44037
1.44037
0.538989
1.0366
1.0366
-0.557432
0.488347
-1.01182
-1.01182
-0.425614
1.08902
1.08902
0.722133
1.2707
-1.15135
-1.15135
1.21373
1.21373
1.21373
0.14642
0.14642
0.14642
-1.52954
-1.52954
-1.52954
-1.52954
0.50427
1.13695
-0.6582
-0.905061
-0.905061
-0.905061
-0.215285
-0.215285
1.06639
1.06639
1.06639
1.06639
1.06639
1.06639
1.06639
1.30741
1.30741
-0.323482
-0.0039155
-0.439885
-0.439885
0.205349
-1.57889
-1.57889
-1.57889
-1.57889
-1.13267
-1.13267
0.398782
0.398782
0.398782
1.00721
1.00721
-0.0361095
-0.858561
-0.858561
-0.858561
-0.858561
-0.858561
-0.536019
-0.536019
-1.35637
0.769261
0.140505
0.140505
0.29293
1.10624
-0.984084
-0.984084
0.396272
-1.08985
-1.08985
0.223981
0.223981
0.223981
0.223981
0.223981
0.537117
0.537117
-0.537057
-0.537057
-0.537057
-0.537057
-0.537057
-0.537057
-0.537057
-1.13906
1.14684
1.14684
-1.28931
-1.28931
-1.28931
-1.28931
-1.28931
-0.807921
-0.827896
0.376547
2.0762
2.0762
-0.293543
-0.293543
-0.293543
0.366323
0.99402
0.99402
-1.33585
-1.33585
-0.464135
0.510282
-0.554319
-0.620327
0.572765
0.572765
0.177579
0.942571
1.65756
0.546886
0.546886
0.546886
-0.628855
-0.628855
-0.946113
-0.946113
-0.78866
-1.58751
0.948994
0.812354
0.896368
-0.55479
-0.55479
-0.716314
-0.716314
0.114743
-1.23883
-1.25653
-1.25653
-1.25653
-1.25653
-1.21947
-1.21947
-1.21947
1.40375
1.40375
0.132215
1.34658
1.34658
1.34658
-1.16173
-1.16173
0.852413
0.852413
0.852413
-0.901676
-0.901676
-0.901676
-0.901676
1.26777
-0.890515
-0.890515
0.929319
0.929319
0.929319
0.653694
0.246956
1.06356
1.06356
1.06356
1.06356
1.06356
1.06356
-1.0698
-1.0698
-0.661421
-0.661421
0.393793
0.393793
0.393793
-1.45546
-1.45546
-1.45546
-1.63825
-1.83494
-1.83494
-1.83494
-1.83494
-2.34117
-0.14893
0.343217
-0.3541
-0.3541
-0.991142
-0.991142
-0.991142
-1.38304
-0.981259
-0.981259
-1.07026
-1.07026
0.662615
-0.687428
-1.61538
-0.0922874
0.664451
-0.801106
0.208463
0.208463
0.208463
-0.741271
-1.22326
-1.22326
-0.0700622
1.08214
0.962462
0.962462
0.962462
-0.700232
0.0429319
0.910709
0.910709
-0.186487
-0.191498
1.4556
1.4556
1.4556
0.899941
0.899941
0.965563
0.965563
0.461449
0.00368367
0.00368367
0.00368367
1.21354
0.88552
0.473916
0.473916
-0.620393
-0.620393
0.521361
-1.04765
-1.04765
-0.6503
0.799041
0.799041
0.799041
0.799041
-0.344462
-0.344462
0.937248
-1.26712
-1.36191
0.247673
-0.159482
-0.671736
-0.671736
-0.482124
-0.482124
-0.482124
-0.482124
-0.482124
1.09652
1.09652
0.63907
0.950993
0.950993
0.950993
0.950993
0.950993
0.950993
0.545438
0.545438
-0.930669
1.33873
1.33873
1.12129
1.12129
1.12129
1.12129
0.522846
0.428116
0.390097
0.390097
0.390097
0.390097
-1.68397
0.760107
0.814406
0.367661
0.367661
0.367661
0.848989
0.848989
0.848989
0.848989
0.848989
0.848989
0.848989
0.652832
-0.245007
-0.245007
-1.61424
-1.43905
-1.43905
0.507798
0.507798
0.507798
0.507798
1.00679
1.00679
1.00679
-1.17504
-1.17504
-1.17504
-1.17504
-1.17504
-1.00318
-1.00318
1.26048
1.26048
0.885694
0.726261
0.477436
0.477436
0.477436
-0.29182
-0.29182
-0.29182
1.60629
1.60629
1.36242
1.08426
-0.691226
-0.691226
0.3501
0.3501
-1.22392
-1.22392
0.132775
0.132775
0.132775
-1.20897
-1.20897
-1.20897
1.27518
-0.303369
-0.375482
-0.375482
0.551415
0.551415
0.551415
1.43446
-0.431929
-1.00708
1.11212
0.533734
0.533734
1.1797
-1.33073
1.31981
1.31981
-0.844515
-0.844515
1.66291
0.694318
1.02048
-0.272858
-0.272858
-0.999541
-0.999541
-0.999541
0.463424
0.463424
0.388174
1.6664
0.000795469
0.836752
0.836752
0.836752
0.836752
0.836752
0.836752
-0.110825
-0.110825
-0.110825
-2.13279
0.49755
0.771419
1.64567
1.64567
-0.500037
-1.11586
1.19205
0.492329
1.39573
-0.841158
-0.399052
-0.399052
-1.63475
-1.63475
-1.63475
-1.63475
-1.63475
-1.63475
-1.63475
-1.38211
-1.17297
-0.394622
-0.394622
-0.394622
-0.394622
0.970409
0.522271
0.522271
1.373
0.306834
0.306834
1.13913
1.13913
1.13913
1.13913
0.693186
-0.547217
-0.547217
0.349448
0.349448
0.442265
0.442265
0.354742
0.354742
1.61296
1.61296
0.429999
0.429999
0.429999
-0.330809
-0.45889
1.32389
-0.95556
-0.95556
-0.95556
-0.95556
-0.94942
-0.94942
-0.249579
-0.478119
1.03539
1.03539
1.03539
1.65364
1.27574
-0.240064
-0.240064
-0.184954
-0.21847
1.05127
1.05127
-0.410254
0.07555
0.07555
0.07555
-1.64674
-1.64674
-1.64674
-0.679847
-0.679847
-0.679847
0.616683
1.24875
1.24875
1.03095
1.03095
-0.191744
-0.217724
-1.27502
-1.27502
-1.27502
1.21205
1.21205
-0.771483
1.38585
1.38585
1.38585
-0.452853
-0.452853
0.464039
0.464039
0.464039
0.464039
0.464039
0.464039
0.464039
0.323618
-0.262444
-0.262444
-0.262444
-0.615067
0.0588661
0.0588661
0.0588661
0.809314
-1.54021
-1.54021
-1.54021
-0.903261
-1.77366
-1.77366
0.600832
-0.926303
-0.858694
-0.858694
-0.858694
1.36272
1.36272
1.36272
-0.260009
1.47415
0.0373224
0.0373224
0.0373224
0.310843
-0.249839
-0.249839
-0.0158414
-0.768246
-0.768246
-0.207754
-0.207754
-0.207754
0.420478
0.420478
1.17113
1.17113
0.59568
0.713612
-0.267026
-1.18684
0.716236
0.156954
0.156954
-0.114357
-1.395
-1.79504
-1.79504
-1.12504
-1.12504
0.269868
0.269868
1.10427
1.10427
1.10427
1.10427
1.10814
1.05877
1.05877
0.0695522
-0.582124
-0.582124
-0.124844
-1.13102
-2.5471
-1.39139
0.00202568
1.05184
-0.191156
-1.20554
0.198276
0.198276
0.198276
-0.383269
-1.38326
0.85577
0.85577
0.85577
-0.641248
-0.641248
0.508597
0.508597
1.41719
1.41719
1.41719
-0.680508
-0.680508
-0.213999
0.154257
-0.808709
1.14956
-0.538497
-0.629919
-0.629919
-0.629919
-0.629919
-0.629919
-0.629919
-1.37641
-1.37641
-1.37641
-0.611917
0.944553
0.944553
1.69072
0.410438
-0.906524
-0.906524
-0.906524
-1.1095
-1.1095
-1.1095
-0.84533
-0.900738
-0.900738
-1.45054
-1.45054
-0.34232
-0.34232
0.354714
0.354714
0.354714
0.354714
0.902429
0.902429
0.899918
-0.238455
-0.238455
-0.238455
-1.21924
-1.21924
-1.21924
-1.21924
-1.21924
-0.922357
0.81505
0.81505
0.604216
0.604216
2.05183
2.05183
2.11544
0.540676
-1.43955
-1.43955
-0.50334
0.889989
0.889989
0.993156
0.329694
0.329694
0.329694
0.329694
1.26822
1.26822
1.26822
1.26822
0.422245
0.422245
-0.424882
-0.424882
-0.270823
-1.1082
-0.449254
1.05936
1.05936
1.05936
1.05936
-1.44006
0.825744
0.825744
0.825744
0.825744
-0.129854
-0.129854
-0.435212
0.822637
0.822637
0.822637
-0.967959
-0.11324
-0.601534
-0.601534
-0.601534
-0.665507
-0.679305
-1.04884
-1.20653
-1.20653
-1.20653
-1.20653
-1.20653
-1.20653
-1.26014
-1.26014
0.944408
0.944408
0.729163
-1.45094
-0.275021
-0.275021
-0.275021
0.569891
-0.808268
-0.808268
-0.808268
1.1743
-1.46869
-1.46869
-1.46869
1.07695
1.07695
1.07695
1.07695
0.910751
-0.422581
-0.422581
-0.422581
-0.422581
-0.648884
-0.648884
-0.629394
-0.629394
-0.629394
-0.911773
-0.911773
-0.911773
-0.915931
-0.676918
-0.676918
-0.676918
-0.35907
-0.35907
-0.35907
-0.35907
0.938464
0.689112
0.689112
0.689112
-0.540717
0.41919
0.41919
-0.814246
0.271203
0.271203
0.271203
0.990633
1.55958
-0.902309
-0.902309
0.693061
-0.772892
-0.772892
-0.772892
-1.76499
0.498315
0.498315
0.498315
-1.32473
-1.32473
0.825847
-0.951915
0.619625
0.619625
0.681403
-0.0537916
-0.0537916
0.0517951
0.0517951
0.226407
0.226407
0.226407
0.738848
0.738848
0.738848
0.548942
0.548942
0.362834
0.00925312
-0.703223
0.8617
-0.269454
-0.347799
-0.914464
-0.914464
-0.914464
-0.914464
-0.417301
-1.18426
1.10441
-1.41037
-1.41037
-1.41037
-0.733436
-0.101353
-1.15675
-1.15675
-1.32013
-0.526524
-1.49548
0.569102
0.569102
-0.0527207
1.64013
1.64013
1.64013
0.572503
-0.98521
-0.98521
-0.98521
-0.98521
-0.98521
-0.98521
1.47024
1.77233
1.77233
1.55792
1.55792
1.55792
1.81906
-0.43926
-0.43926
-0.43926
-0.43926
-0.948355
-0.948355
-0.948355
-0.948355
-0.345003
-0.345003
-0.345003
-0.345003
-0.799383
1.12773
1.19027
1.0713
1.0713
1.0713
1.0713
1.0713
1.0713
1.0713
1.0713
1.0713
0.293681
-0.843931
-0.843931
-1.16179
-1.16179
-1.16179
-1.16179
-1.58086
-1.58086
-1.58086
-1.58086
-1.31316
-1.16786
0.210394
0.210394
0.210394
0.210394
0.210394
0.210394
1.12723
-0.649639
0.767413
0.767413
0.767413
0.767413
0.767413
0.384508
1.28037
0.359149
-1.61358
-0.706101
-0.706101
-0.706101
-0.706101
-0.849189
-0.849189
-0.849189
-0.849189
0.77033
-0.544383
-0.0585913
1.25601
1.25601
1.58492
-0.822793
-0.822793
0.55288
0.55288
0.55288
-0.780245
-0.780245
-0.780245
-0.780245
-0.780245
-0.780245
-1.03788
-0.0201354
-0.0201354
0.626502
0.626502
0.787304
0.787304
0.787304
0.787304
0.787304
0.787304
0.364485
0.364485
0.364485
0.204777
1.43521
-1.12156
-1.12156
0.266246
0.266246
-0.480244
-1.27121
-0.888231
-0.24692
-0.24692
1.0461
1.0461
1.0461
0.195946
1.10007
-0.175513
-0.792951
0.394848
-0.699989
-0.0309449
1.01987
1.52147
0.62866
0.62866
0.62866
-0.177525
-0.177525
-0.177525
0.683776
0.683776
0.683776
0.683776
0.683776
0.683776
0.683776
-1.24074
-1.24074
-1.24074
0.240143
0.913222
-0.378518
-0.99787
1.5354
1.5354
-0.265481
-0.840893
-0.840893
0.180695
0.180695
0.180695
1.20153
0.27133
-0.0810406
-0.82574
-0.390764
-0.390764
-0.390764
0.154762
0.154762
1.71163
1.71163
-0.266109
-0.266109
0.800571
0.800571
1.32014
-0.795638
1.3523
1.3523
0.650598
-0.857803
-0.857803
-0.896897
-0.896897
-0.896897
1.50057
1.50057
-0.295923
-1.21263
0.804565
0.804565
0.804565
0.804565
-0.104195
-0.104195
-0.104195
-0.0620106
0.669039
0.669039
0.669039
-1.73338
0.72645
0.72645
-1.12201
-1.12201
-1.12201
-1.12201
0.188975
-0.0808271
0.239312
0.239312
-1.3934
-1.3934
-0.537093
-0.537093
-0.537093
0.906093
1.22471
1.22471
1.22471
1.22471
-1.40347
-1.20465
-1.20465
-1.20465
-1.20465
-1.20465
1.08161
1.52973
1.21242
1.38353
-0.0027969
1.77115
0.49225
1.25457
-0.602709
0.54572
0.54572
-0.250102
-0.250102
-0.73025
-0.73025
1.08188
1.08188
1.17991
1.17991
1.17991
1.17991
1.17991
-1.3004
-0.656994
-0.656994
-0.656994
-0.687147
-0.687147
0.161155
0.161155
0.161155
0.161155
1.07473
1.07473
-1.17284
-1.17284
-0.795974
-0.795974
-0.795974
-0.795974
-0.795974
-0.795974
0.783861
0.783861
0.783861
0.106826
-1.48597
-1.5992
-1.5992
-1.5992
-1.02289
0.248441
0.396605
0.396605
-1.15604
-1.15604
-1.36784
-1.36784
0.382558
0.382558
0.382558
1.55034
1.55034
1.55034
1.55034
1.55034
1.97243
1.97243
1.22868
1.22868
-0.548827
1.42922
1.42922
1.42922
0.839415
-0.950937
-0.950937
-0.567782
-0.567782
-0.567782
-0.567782
1.22747
1.13085
1.13085
1.13085
1.13085
1.13085
-1.32447
0.459897
0.459897
0.459897
-1.25876
-1.25876
1.18226
1.8809
1.8809
-0.803544
-0.803544
-0.803544
-0.639939
-0.639939
1.02583
1.02583
1.02583
1.02583
-1.17679
-1.55393
-1.55393
-1.55393
-1.75831
0.039364
1.21927
-1.46296
-1.64596
-1.64596
-0.507256
-0.507256
-0.507256
-0.507256
-0.507256
-0.507256
-0.507256
0.866797
-0.419482
-0.646025
-0.646025
-0.646025
-0.646025
0.491475
0.491475
0.305151
0.868693
0.960658
0.87917
-0.921436
-0.921436
-0.921436
0.9088
0.9088
0.9088
0.9088
0.9088
0.9088
-0.315629
-0.315629
-0.315629
1.64353
-0.246974
0.948189
-1.00039
1.07239
1.07239
1.07239
1.07239
0.318913
0.318913
-0.69376
-0.69376
-0.69376
-0.494305
1.14183
1.14183
1.14183
0.359977
0.505614
0.505614
0.505614
0.505614
0.505614
0.505614
0.505614
0.524414
0.524414
-1.39313
-1.15072
0.921469
0.186786
0.186786
0.186786
0.186786
1.5918
1.5918
0.515329
-1.27061
-1.27061
-0.732439
-0.732439
-0.732439
-1.06321
-0.458181
1.57484
-0.871916
-1.14062
1.41366
-0.491175
0.823946
0.823946
0.823946
0.474279
0.474279
-0.655133
0.52621
-0.0164703
-0.0164703
0.276351
0.181054
0.181054
0.181054
0.181054
0.181054
1.02604
0.136849
-0.856484
-0.856484
-0.856484
-0.352668
0.390194
1.41198
1.41198
-0.139898
-0.532804
-0.912362
-0.912362
-0.912362
-0.371736
1.35427
-0.313041
-0.688712
-0.688712
1.49957
2.09184
1.85402
-0.356421
0.760067
-1.36367
-0.900292
-1.55947
0.470994
1.04064
0.199477
0.199477
0.0957386
0.0957386
0.138421
0.138421
1.21014
-0.0612632
-0.0612632
-0.0612632
-0.882494
-0.882494
-1.25942
-0.416072
0.381544
-1.18807
-1.18807
1.19105
0.435107
1.56283
-0.0928728
-0.0928728
0.251779
0.273301
2.00235
2.00235
2.00235
-0.474191
-0.474191
-0.474191
-0.474191
-0.474191
-0.367005
-0.367005
-0.367005
-0.367005
-0.367005
-0.367005
-0.367005
-0.367005
-0.367005
-0.367005
1.31129
0.661938
1.02629
1.02629
1.02629
1.02629
1.02629
0.285099
0.814668
0.387003
0.387003
1.95873
-0.412425
1.04153
1.04153
1.04153
1.12047
1.64606
-0.0477084
-0.0477084
-0.360826
-1.68834
0.252771
0.63328
0.63328
0.63328
0.63328
-0.269676
-0.0415151
-0.0415151
-0.735655
-0.735655
-0.516965
0.828151
-0.388603
-0.712938
-0.712938
0.764535
0.764535
0.764535
0.691797
-1.5247
-0.791966
-0.791966
-0.791966
-0.791966
0.388819
-0.129232
-0.129232
-0.129232
-0.129232
-0.354883
-0.867476
-0.906623
-0.906623
-0.906623
-0.906623
-0.906623
-0.758069
-0.758069
-0.758069
-0.758069
0.872748
0.872748
-0.884559
-0.884559
-0.496399
0.41649
0.536868
0.536868
0.536868
-0.490686
-0.490686
-1.43172
-1.43172
0.141199
0.76349
0.76349
0.76349
0.76349
0.76349
0.76349
-1.23435
0.0796029
-1.13375
-1.03735
1.07652
-0.788574
-0.152605
-1.69716
-0.930855
0.6266
0.6266
0.6266
0.681191
0.681191
0.681191
0.681191
0.681191
0.886224
0.886224
0.886224
1.01113
1.01113
-0.591403
-0.591403
-0.591403
-0.591403
1.16276
1.16276
-1.46714
-0.434225
-0.434225
-0.434225
-0.434225
-0.434225
-0.892183
-0.892183
-0.412477
1.65049
0.698096
0.698096
0.658271
0.284705
1.03618
1.03618
-0.487758
0.358824
0.358824
0.937655
1.54176
1.51526
0.88398
-0.32325
-0.32325
0.879526
0.879526
1.01224
1.01224
1.01224
1.01224
1.01224
0.963104
0.963104
-0.877904
0.843845
0.775429
0.775429
0.775429
0.775429
0.775429
0.775429
0.197447
0.737262
-0.801824
-0.462576
-0.462576
-0.462576
-0.462576
-0.462576
-1.03303
-1.00401
-1.00401
1.3128
1.3128
0.921835
0.921835
0.558047
0.558047
-1.00891
-1.4777
-1.4777
-0.223689
-0.223689
-0.00873897
0.122536
0.122536
0.122536
-0.600883
0.106447
1.37977
1.13275
-0.988964
-1.35642
-1.66716
-1.66716
0.100429
0.100429
-0.0951142
-1.05722
-1.05722
-1.04739
-0.110934
1.37677
0.314757
0.0124873
-1.01981
0.0307221
0.321839
0.321839
0.321839
0.321839
0.975297
0.975297
0.975297
0.975297
0.975297
0.34928
0.474853
0.474853
0.474853
1.50363
1.50363
1.50363
1.50363
-0.350797
-0.350797
-0.80211
-0.80211
-0.953262
-0.953262
-1.41474
-1.41474
-0.263582
-0.263582
-0.563717
0.338021
1.06839
-0.236482
0.455469
0.455469
0.455469
0.94153
0.94153
-0.474276
0.922433
-0.50021
1.10158
1.10158
1.10158
-0.432352
-1.49468
-1.49468
0.181883
-0.99981
1.05487
-0.38201
1.16262
0.837292
0.837292
0.837292
0.859245
0.859245
0.859245
0.859245
0.859245
0.427897
1.15595
1.15595
0.423227
0.423227
0.94717
0.94717
-0.331973
-0.331973
-0.331973
-0.331973
0.245881
1.22191
1.22191
0.372332
0.372332
-0.198066
-0.339534
1.42607
1.06246
1.06246
-0.865285
0.799576
-0.0312149
-0.95538
0.109841
0.109841
0.109841
-0.0146545
-1.34107
0.172511
1.21619
1.21619
1.19946
1.05494
1.05494
-0.0440633
-0.0440633
-1.15948
-0.236219
0.730702
0.730702
0.730702
-1.36121
0.0274876
0.688691
0.688691
0.688691
-1.42757
-1.42757
-1.42757
1.22301
1.22301
1.22301
1.22301
0.0125796
1.22888
0.163254
0.163254
-0.838756
-0.780092
-0.780092
-0.780092
-1.21168
-1.21168
-0.455858
-0.455858
-1.17679
1.26601
0.828281
0.828281
1.26425
0.560665
0.560665
0.560665
1.13612
1.13217
-1.27016
-1.27016
-0.0556772
1.00177
-0.837165
-0.837165
-0.837165
-0.837165
-0.837165
-0.754929
0.00145338
0.00145338
0.00145338
0.596543
0.596543
0.901553
-1.1599
0.37452
0.37452
0.37452
0.37452
0.37452
0.37452
0.37452
1.29451
1.29451
1.29451
1.29451
0.222187
-0.540852
-0.540852
-0.540852
-0.540852
-0.540852
-0.334547
-0.334547
-0.334547
-0.334547
-1.61751
-0.462545
-0.462545
-0.462545
1.38777
1.38777
1.38777
0.387228
0.566224
0.566224
-0.0603393
0.782221
-0.770265
-0.844192
-0.348486
-0.587291
0.14554
1.90418
1.86195
1.86195
1.15946
1.15946
-0.61127
-0.61127
-1.2145
-1.2145
1.40656
0.980932
0.980932
0.980932
-0.57633
-0.287503
-0.116465
-0.116465
-0.102293
0.0282797
0.0282797
0.0282797
0.0282797
1.14855
1.14855
1.14855
0.816835
0.405321
0.405321
0.405321
0.405321
-0.148913
0.274118
-0.416473
-0.416473
-0.416473
-0.416473
-0.633017
-0.556553
0.83618
-0.277656
-0.277656
1.82876
1.82876
1.95193
-0.371776
-0.371776
0.973772
0.430809
-0.228601
-0.228601
0.795205
0.795205
0.795205
1.16467
1.16467
1.16467
1.16467
0.178096
0.178096
0.178096
1.63198
1.36068
1.07264
1.07264
1.07264
1.07264
-1.39106
-1.39106
-0.118246
-0.118246
-0.118246
-0.118246
1.27448
1.27448
1.27448
1.21142
1.21142
1.21142
1.22471
1.22471
-0.220124
-0.243158
-0.243158
0.150293
0.150293
0.0915538
1.01501
0.953867
1.26748
1.46593
-0.254408
-0.254408
1.22679
0.804678
-1.00966
-1.00966
-0.151071
-0.151071
-0.323798
0.115685
-2.07482
-2.07482
-2.07482
-0.093102
-0.464478
-0.464478
-0.464478
-0.464478
0.585316
0.585316
0.585316
0.585316
0.288162
0.288162
0.288162
0.288162
-0.142172
0.38413
0.38413
0.38413
-0.122789
-0.99222
-0.99222
-0.99222
-1.30876
-1.30876
-1.01811
-1.01811
-1.4718
-1.4718
-1.4718
-1.4718
-1.4718
-1.85023
-1.85023
0.500497
0.868928
0.868928
1.34238
1.34238
1.34238
1.17394
1.17394
1.17394
1.17394
1.17394
0.0754765
0.0754765
0.0754765
-0.360181
-0.360181
-0.906285
-1.48941
-1.48941
-1.48941
0.348467
0.348467
0.49162
0.49162
-1.80001
-1.31934
0.634319
0.634319
1.4002
1.4002
1.4002
1.4002
0.392637
0.392637
0.392637
0.392637
0.392637
0.876491
0.237742
0.237742
1.11155
1.11155
-0.697625
-0.697625
-0.0141905
-0.0141905
-0.0141905
1.32738
1.32738
1.1291
-0.207611
0.927036
0.927036
0.927036
0.33134
-0.560663
-0.560663
-0.560663
-0.560663
1.74529
1.74529
-0.506184
0.743809
-0.219821
0.911613
0.911613
0.911613
0.911613
0.911613
-0.937652
-0.540798
-1.00752
-1.51483
-1.51483
-1.51483
-1.39726
-1.39726
1.28052
-0.434759
-0.316872
-1.03457
-1.03457
-0.102874
-0.102874
-0.408332
-0.408332
-0.952674
0.798037
0.798037
-0.704017
-0.704017
-0.704017
-0.704017
-0.686773
0.484453
0.484453
0.484453
-1.15565
-1.15565
1.02941
-1.45083
-1.45083
0.976528
-0.771469
-0.771469
-0.771469
-0.0746668
-0.0746668
0.176799
0.176799
-1.33278
-1.33278
-1.33278
-1.33278
-1.33278
-1.33278
-0.311148
-0.118975
-0.141217
1.28721
-0.354697
-0.957847
0.803808
0.803808
0.803808
0.803808
0.210115
0.210115
0.210115
-1.49805
0.191149
-0.788203
-0.748265
-0.748265
-0.91568
-0.91568
-0.0041342
-0.0041342
-0.00729779
0.519068
0.519068
1.43174
1.43174
1.43174
1.43174
1.43174
-0.67063
-0.67063
-0.666084
-0.666084
1.10382
1.10382
1.10382
-0.766356
-0.766356
0.320873
-0.803006
-0.803006
0.497755
0.497755
0.497755
-0.97384
-0.97384
-1.51099
-1.51099
-1.51099
0.253027
0.253027
0.39516
-0.891574
-0.801247
0.860997
0.860997
0.860997
-0.384053
-0.384053
-0.384053
-0.384053
-0.384053
-0.384053
-0.384053
1.27286
-0.44614
-0.44614
-0.44614
-0.44614
-0.989349
0.411167
0.411167
0.411167
1.70923
0.999063
0.999063
0.660857
0.660857
-0.720609
1.69619
1.69619
1.69619
1.69619
0.51041
0.51041
0.926141
-0.702785
1.65621
1.65621
1.9209
0.0728101
-0.990705
0.798609
0.798609
0.798609
0.331179
0.331179
0.331179
1.31313
-0.936795
0.843503
0.843503
-0.379288
-0.894379
-0.894379
-0.098881
-0.098881
-0.940661
-0.940661
-0.180779
-0.180779
-0.180779
-0.180779
-0.180779
-0.180779
-0.621526
-0.621526
1.01552
1.3254
-0.564707
-0.564707
-0.564707
-0.564707
-0.564707
-0.564707
-0.257197
-0.257197
-1.2357
0.333903
-0.277221
-0.64725
-0.64725
-0.919299
-0.653746
-0.653746
-0.653746
-0.653746
1.04627
-0.25463
1.29741
1.29741
-0.316734
0.794491
0.847731
0.847731
-0.648476
-0.903036
-0.903036
0.206193
0.206193
-1.74288
-0.903396
-0.0725912
-0.0725912
-0.084085
-0.216755
-0.391129
-0.106123
-0.106123
-0.106123
-0.106123
-0.106123
0.667145
0.667145
0.667145
-1.07582
1.13127
1.16609
1.16609
1.16609
-1.14232
1.00466
1.00466
1.04882
1.04882
1.04882
-0.049178
-0.330465
-0.330465
0.666914
0.666914
-1.52187
-1.52187
-1.52187
0.886234
-1.30042
-0.332921
-0.332921
-0.385745
0.504684
1.37416
1.30561
1.30561
-0.936864
-0.840709
-0.840709
-0.840709
-0.840709
0.0834831
-0.124624
-0.484892
-0.484892
-0.0458802
-0.66673
-0.66673
-0.66673
-0.66673
-0.66673
-0.796658
1.22595
-1.31135
0.0567583
0.0567583
-0.683255
-0.683255
-0.235351
-0.235351
-0.0686311
-0.0686311
1.22804
1.36335
-0.100024
-0.658222
0.329632
1.05117
1.05117
1.05117
1.06749
0.0684615
-0.11129
-2.11079
-2.11079
-1.6461
-0.202344
1.01244
-0.946966
-0.946966
-1.04487
-1.04487
-0.766818
0.188031
0.188031
1.26893
1.26893
-0.0559859
-0.372766
-1.47081
0.247456
0.247456
-1.20356
-1.20356
-1.20356
1.09884
-0.32676
-0.930664
-0.930664
-0.930664
-0.930664
-0.52012
0.728197
0.139015
-0.321179
0.520482
-0.093044
-0.093044
0.601605
-1.42937
0.562027
0.562027
0.91993
0.682637
0.682637
0.682637
0.836185
0.836185
0.521892
0.0499706
0.0499706
0.0499706
0.0499706
0.253063
-0.15132
-1.18677
-1.18677
0.528687
0.528687
-0.0158346
0.277589
-0.259241
-0.259241
1.36847
1.36847
-0.941895
-0.710061
-0.710061
-0.661645
-0.638264
-0.638264
-0.663247
-0.663247
-0.663247
0.531869
0.531869
0.531869
0.531869
0.531869
-1.06571
0.403355
0.857714
-1.03522
-1.03522
-1.03522
-1.03522
-1.03522
-1.03522
-1.03522
-1.03522
0.49247
0.657309
0.657309
0.657309
0.657309
-0.123931
-1.58984
-0.995356
0.912856
0.912856
0.912856
-0.258413
-0.258413
0.117323
1.03168
0.00440303
0.00440303
0.00440303
-0.537403
-0.267834
-0.267834
-1.05653
0.338362
0.338362
0.680645
0.680645
-1.43544
-1.43544
-1.53371
-1.3771
-1.3771
-1.54026
-0.0405302
0.359284
0.359284
0.359284
-0.0640342
-0.0640342
-0.0640342
-0.0640342
-0.56998
0.504662
0.504662
0.504662
0.156645
0.18694
0.18694
-0.118706
1.11362
-1.12883
0.181989
0.181989
-0.536824
0.485479
0.925265
-0.828079
-0.320203
0.647247
0.209418
0.209418
-1.16299
-1.02443
0.549491
0.549491
0.549491
0.549491
-0.61237
0.617876
0.263891
0.263891
1.32448
-0.905343
1.46572
0.22042
-0.749266
0.0906073
0.0906073
0.0906073
-1.15961
0.864891
1.5241
1.5241
0.134791
0.134791
0.134791
0.134791
0.12524
0.12524
0.12524
0.12524
0.12524
0.12524
0.12524
0.12524
0.743401
-0.725222
-0.725222
0.0316081
0.0316081
-1.57997
-1.57997
-1.57997
-1.57997
-0.181999
-0.181999
-1.2146
-1.2146
1.10717
1.10717
1.10717
-1.01485
-1.01485
-1.01485
-1.01958
0.483492
0.0978819
1.366
1.366
0.646847
0.646847
0.646847
0.646847
1.49024
1.49024
-1.1379
-0.995857
-0.995857
-0.814203
-0.814203
1.25056
0.421698
0.421698
0.421698
0.421698
0.421698
0.542903
0.511465
-1.07643
-0.922029
0.741983
0.741983
-0.631415
-0.631415
0.547229
1.26459
-1.12643
0.331036
-0.245281
-0.540009
-0.540009
0.389271
0.389271
1.01535
1.01535
1.01535
0.137949
0.137949
0.137949
-1.30023
0.179418
-0.901564
0.0864947
1.3463
1.3463
0.998342
0.847949
0.847949
-0.945872
-0.945872
-0.123155
-0.433704
0.919399
0.919399
0.157052
1.23774
1.23774
1.23774
-1.1373
-1.04507
-1.04507
-0.147742
0.829576
0.829576
1.166
0.687442
0.687442
1.09627
1.09627
-0.499544
-0.499544
-1.15936
0.091779
1.22119
-0.987928
-0.987928
-0.987928
0.403167
1.87174
1.87174
1.85599
1.85599
1.85599
0.559933
0.559933
0.559933
-1.47272
0.798318
-0.942034
-0.942034
-0.942034
-0.942034
1.04061
1.04061
0.681912
0.681912
1.49787
-0.75496
-0.75496
-0.75496
-0.75496
0.245985
0.245985
0.245985
0.245985
0.245985
0.0680398
0.640428
0.640428
0.640428
0.919989
0.555264
0.334848
0.443131
-0.402883
-1.47866
-1.47866
-0.654072
-0.654072
-0.654072
-1.03341
-0.680628
-0.680628
-0.680628
-0.680628
-0.680628
-0.61594
-0.61594
-0.61594
-0.61594
-1.35209
1.25568
1.25568
1.25568
1.36652
1.36652
0.969384
0.315581
-0.560392
-0.560392
0.771954
-1.34858
-1.5531
-1.5531
-0.0162614
-0.835571
-0.835571
-0.835571
1.44929
-0.131874
-0.131874
-0.103003
-0.103003
0.526246
0.526246
0.938242
0.938242
-1.65244
-1.45497
-1.45497
0.404546
0.71727
0.447784
0.447784
0.447784
0.447784
0.447784
0.550795
0.578776
0.578776
0.578776
0.701656
0.701656
0.701656
0.701656
0.701656
-1.3494
-1.3494
-1.3494
0.0485372
0.714395
-1.1164
-1.1164
-1.1164
-1.1164
1.25747
-0.0950147
1.29526
0.235192
-0.586827
-0.0569345
1.50643
-0.377244
-0.377244
-0.377244
0.529855
0.529855
-1.08582
0.75624
0.75624
0.75624
-0.501811
-0.501811
-0.501811
-0.501811
-0.501811
-0.501811
-0.501811
-0.501811
0.988858
0.988858
0.988858
1.29675
-0.969
-0.969
-0.550841
-0.550841
-0.371338
-0.371338
-0.371338
-0.371338
-0.157698
0.106271
-1.54966
0.40245
-0.109342
-0.841174
0.270408
-0.856971
-0.856971
-0.856971
-1.08223
-0.86224
-0.0927461
0.379888
0.743955
0.743955
0.743955
0.955122
0.955122
-0.12778
-0.12778
-1.14006
-1.14006
0.951737
0.951737
-0.0958626
-1.29794
0.700083
-1.13758
-0.850048
-0.275987
-0.122537
-0.122537
-0.122537
-0.122537
-0.951994
-0.951994
-0.951994
-0.951994
-0.951994
-0.951994
-0.951994
-0.951994
-0.951994
0.912767
0.912767
0.912767
-0.89866
0.651975
-0.20935
0.255578
-1.19453
-0.893554
-0.893554
-1.02979
1.34178
0.936528
0.936528
0.936528
0.936528
0.936528
-0.897576
1.05967
1.05967
-0.222297
0.210513
0.210513
1.16861
-1.38994
0.305129
1.43103
1.43103
1.43103
1.43103
1.43103
1.43103
1.43103
1.43103
1.43103
1.43103
0.46086
0.46086
-1.31182
-1.31182
-1.31182
0.557429
-0.097064
-0.097064
-1.46994
-1.47706
-1.47706
1.14164
1.14164
1.14164
1.0212
1.0212
-0.470819
1.10292
1.01523
1.07703
-0.876491
0.422832
0.422832
0.422832
-0.978222
-0.978222
0.106694
0.106694
0.106694
-0.630029
-0.630029
-0.630029
-0.915175
-0.915175
-0.915175
-0.915175
1.07659
0.599986
0.599986
0.599986
0.599986
0.599986
0.599986
-0.158048
0.86262
0.86262
0.169104
0.169104
0.169104
-1.25928
0.679605
0.546619
0.546619
-1.06965
-0.50433
0.640004
0.640004
0.640004
0.640004
0.640004
-1.39596
-0.993644
-0.993644
-0.49731
1.01556
1.01556
-0.93539
-0.93539
-0.93539
1.02446
1.02446
1.02446
1.02446
0.694803
0.694803
0.481569
1.21399
-0.763995
-0.763995
-1.00705
0.32393
-0.0165729
-0.0165729
-0.0165729
0.721708
0.721708
0.721708
-1.56764
0.439262
-0.555978
-1.35861
-1.35861
-0.689385
1.31166
1.31166
-1.23667
1.08456
0.0286529
-0.587861
0.934538
0.934538
-0.129822
-0.129822
0.215655
0.215655
0.215655
-0.263692
1.18583
-0.569985
-0.569985
-0.569985
-0.569985
-0.569985
1.74113
0.578157
0.578157
-0.732441
-0.707177
0.802696
-1.11926
-1.11926
0.665623
0.665623
-0.343584
-0.343584
-0.343584
-0.343584
-0.343584
-0.685132
-0.685132
-0.685132
1.57661
0.762924
0.762924
0.762924
-0.243332
-0.243332
1.91683
-0.0184085
-0.0184085
-0.0184085
1.01607
1.01607
1.01607
0.438604
0.438604
0.438604
0.438604
0.438604
0.178288
0.178288
0.178288
-1.21731
-0.771972
-0.771972
-1.14155
0.853307
0.853307
0.392176
0.392176
-1.21289
-0.396983
-0.396983
-0.396983
-0.396983
-0.396983
-0.875796
-0.875796
-0.875796
-0.633625
-0.633625
1.39719
-0.567361
-0.761663
0.647802
0.0245016
-0.77474
-0.77474
-0.808156
0.0948547
0.0948547
0.611688
-0.687326
0.579353
0.579353
1.17563
1.17563
1.17563
1.84457
1.84457
1.84457
1.84457
1.4285
-0.952024
-0.952024
0.805921
1.22458
-0.76657
-0.76657
-0.0516986
-1.52903
-1.52903
0.296518
0.296518
-1.53181
-0.394593
-0.394593
-0.486713
-0.486713
0.509976
0.00696079
0.384449
-0.576461
-0.576461
-0.576461
-1.6674
-1.6674
-1.6674
-1.6674
-1.6674
-1.55692
-1.55692
-1.12824
-1.12824
-1.12824
0.777442
-1.32172
-1.65182
-1.65182
0.417699
0.417699
0.417699
0.417699
1.33789
-0.812877
-0.812877
-0.954791
-0.898478
-0.898478
0.249398
0.249398
0.249398
0.080926
-1.09627
-1.09627
-0.847072
-0.718153
-0.718153
-0.718153
-0.718153
-0.718153
-0.718153
-0.718153
-0.718153
-0.72972
-0.72972
-0.72972
-1.17013
-1.17013
0.740969
0.740969
0.740969
0.740969
0.740969
0.740969
0.740969
-1.68308
0.5661
0.5661
0.5661
0.5661
0.5661
-0.826621
-0.567717
-0.567717
-0.567717
1.13186
1.13186
1.13186
1.13186
1.13186
-1.29127
-0.155579
0.498041
0.498041
0.498041
-0.129769
-0.129769
1.05897
-1.30342
-1.30342
-1.30342
1.2642
1.2642
1.2642
1.2642
1.2642
1.2642
0.595869
0.595869
0.388029
1.42556
0.0714348
0.0714348
0.0714348
0.0714348
1.25691
1.25691
1.25691
1.25691
0.277201
0.277201
-0.578291
-0.578291
-0.48594
-0.0608085
1.59644
1.59644
-0.947911
-0.947911
-0.947911
-0.947911
-0.947911
0.046209
0.743361
0.743361
-0.226935
0.606452
-0.661304
-0.902192
-0.902192
-0.902192
-0.902192
-0.902192
-0.902192
-0.902192
-0.902192
-0.902192
-0.902192
-0.902192
-0.902192
-0.164611
1.38877
-0.664097
0.606884
1.6273
1.6273
1.6273
-0.720403
-0.720403
-1.16427
-1.16427
-1.16427
-1.16427
-1.14429
-1.14429
1.24862
-0.465875
-0.465875
-0.720702
-0.720702
-0.720702
-0.720842
0.799874
1.12154
-1.5005
-1.50892
-1.34753
0.427797
0.427797
0.427797
0.808461
0.808461
-0.799303
-0.973743
1.34202
0.157942
-0.797903
-1.09013
-0.480557
0.956605
0.205858
-0.786926
-0.786926
1.4267
1.4267
2.13086
2.13086
0.0362904
0.0362904
0.0362904
0.259965
0.0347025
0.968
0.968
0.968
0.0902241
-0.415995
0.224785
-0.0349632
-0.336759
-0.336759
-0.336759
-0.737723
0.302597
1.26119
0.912256
-0.18335
-0.943208
-0.943208
0.600575
1.04441
0.323308
0.323308
-0.443393
-0.443393
-0.443393
-0.443393
-0.062658
0.997297
0.997297
0.997297
-0.668355
-0.668355
-0.668355
1.28847
1.28847
1.28847
-0.189514
-0.413127
-1.28871
-1.28871
-1.28871
-1.28871
-0.740672
-0.740672
-0.740672
1.29914
1.29914
1.29914
-0.183808
-0.183808
-1.27396
-1.27396
-0.959046
-1.27163
-0.547386
0.204096
0.349265
0.349265
0.349265
0.349265
0.86164
0.86164
1.32712
0.198815
-1.44038
1.08278
0.0686534
-0.970288
-0.970288
-0.970288
0.59152
0.714142
0.714142
-1.44459
0.435459
0.451813
0.451813
0.451813
0.451813
-1.74972
-1.74972
-1.74972
0.177587
-0.692982
-0.621646
-0.735179
0.774817
-1.84809
-1.10554
-1.10554
-1.11748
-1.09786
1.36956
0.0354782
0.0354782
0.0354782
0.0354782
0.0354782
0.0354782
-0.277411
0.970153
-0.140658
1.24649
0.262647
0.320486
0.606093
-0.99436
-0.99436
1.09384
1.09384
0.517794
0.517794
0.738524
0.738524
0.738524
0.738524
1.41991
1.41991
1.41991
1.41991
1.41991
1.41991
0.899153
0.344584
0.344584
0.344584
0.222063
1.28986
1.28986
1.28986
0.417847
-0.367354
-0.367354
-0.367354
-0.367354
1.49023
1.49023
0.468038
0.862241
-0.506046
-0.506046
-0.506046
-1.30824
0.819547
0.819547
0.819547
-1.09225
1.49777
1.49777
1.49777
1.49777
1.49777
1.49777
-0.450329
-0.450329
-0.450329
-0.450329
-0.450329
-1.33138
-1.33138
-0.935462
-0.935462
-0.649377
1.18766
1.18766
0.605578
0.605578
0.605578
-0.382079
-0.0153357
0.785532
0.599333
0.599333
-0.625714
-0.50094
-0.784944
-0.784944
-1.29237
-1.29237
-1.29237
1.34839
1.34839
1.34839
0.666894
0.666894
0.655743
0.655743
0.655743
1.13142
1.13142
1.13142
1.13142
-1.05882
-0.671728
1.07311
1.07311
1.07311
1.07311
1.07311
-0.665166
0.108007
0.108007
-0.24929
-1.71744
-0.609257
-0.609257
-0.609257
-0.609257
-0.627726
-0.187221
-0.187221
-0.760095
1.09707
-1.30385
-0.0238754
-1.43119
0.294531
0.294531
-1.2091
-1.2091
-1.2091
-1.2091
0.914619
-0.810593
1.0401
0.753544
0.753544
0.753544
-0.535121
-0.535121
-0.535121
1.36422
-0.361237
-0.294831
-0.294831
-0.741745
-0.59962
0.0237745
-0.846328
-0.846328
-1.18629
0.564754
-0.783608
-0.958743
-0.958743
-0.958743
-0.958743
-1.07182
-1.07182
-1.07182
-0.313181
0.21764
1.20574
0.598457
0.598457
-1.07302
-1.07302
-1.07302
-1.40224
-0.821091
0.85258
-0.590369
-0.590369
-0.590369
-0.590369
-0.590369
-1.31166
-1.31166
-1.31166
-0.849048
-0.849048
-0.891037
-0.891037
-0.891037
-0.891037
1.46862
1.46862
-0.500718
-0.500718
-0.0513372
-0.0513372
-0.760366
-1.07292
-0.847536
-0.847536
-0.360111
0.179287
-1.19821
-1.19821
1.34574
1.34574
1.34574
-0.313846
0.966195
0.842107
0.842107
0.102133
0.102133
0.102133
-0.469883
-0.469883
-0.469883
-0.469883
-0.469883
-0.469883
-1.36817
-1.36817
-0.682846
-0.682846
-0.682846
-1.02095
1.11145
-0.859569
-0.988946
-1.56994
0.816592
1.20291
0.000858811
-1.33464
-1.33464
-0.278741
-0.278741
-1.26862
1.0709
1.0709
1.0709
1.0709
-0.430232
-0.430232
-0.249356
-0.249356
-0.846082
0.596417
0.596417
-0.149509
-0.559048
-0.559048
-1.24765
0.133632
1.44508
1.44508
0.423039
0.423039
0.73077
-0.651526
-0.166883
-0.166883
-0.166883
-2.24153
-0.25573
0.755299
0.755299
0.755299
0.755299
0.755299
1.2613
0.712713
0.942443
1.39895
1.39895
1.39895
-0.696727
-0.696727
-0.716257
-0.716257
-0.716257
-0.716257
-0.716257
-0.716257
1.19951
-0.778194
-0.0720615
1.28325
1.28325
-0.67619
-0.67619
-0.67619
0.661278
-0.562408
-0.562408
-0.562408
-1.12787
0.872196
0.872196
0.872196
0.872196
0.872196
0.872196
-0.600944
-0.509729
-0.509729
0.47282
-1.10319
-1.10319
-1.10319
0.77719
0.77719
1.72629
-0.384296
-0.384296
0.359188
0.359188
0.359188
0.359188
0.359188
0.359188
0.539648
1.55027
-0.00914549
0.339467
0.339467
-0.944838
-0.923786
0.35998
0.0831091
0.457306
0.178932
0.178932
-0.538456
-1.78648
-1.78648
-1.78648
-0.787005
-0.177194
-1.63578
-1.63578
-1.63578
-0.108035
-0.108035
-0.108035
0.0171237
-1.0275
-1.0275
-1.20155
0.257105
0.257105
0.0139123
0.0139123
-0.75913
-0.75913
-0.504396
-0.504396
0.299819
-0.475793
-0.475793
-1.31266
-0.170896
-0.170896
-0.719464
-0.719464
-0.498484
-0.498484
0.312103
0.312103
0.147669
-1.04058
-0.842949
-1.34448
1.1497
1.1497
1.1497
1.1497
1.1497
1.1497
1.1497
1.1497
1.1497
0.867333
1.91918
1.91918
1.91918
1.91918
-0.359287
-0.359287
-0.359287
-1.43693
-1.43693
-1.61066
-1.61066
-0.62924
-0.424518
0.49352
0.49352
0.49352
-0.237369
1.00204
0.689593
-0.0307395
-0.721497
-1.25002
-1.25002
-0.800304
-1.02618
-0.159229
1.0366
1.0366
1.0366
1.0366
1.0366
-0.129926
0.604314
-0.772859
-0.772859
-0.915853
-0.915853
-0.915853
-0.915853
-0.915853
0.51247
0.51247
0.51247
0.51247
0.764765
0.764765
0.764765
1.83592
1.83592
1.83592
1.83592
1.83592
0.743422
-1.09796
1.09408
1.09408
1.09408
-1.21144
-1.21144
-1.17685
0.222132
1.11211
1.11211
0.143838
0.143838
0.143838
0.976863
0.375279
0.375279
-1.22724
-1.22724
-1.22724
0.996904
-0.96062
-0.96062
-0.96062
1.29524
1.29524
0.496302
0.496302
0.496302
0.496302
0.496302
0.496302
-0.184517
0.0973444
0.176494
1.85301
1.85301
1.85301
0.698497
0.698497
0.593142
0.593142
0.593142
0.593142
0.593142
0.96854
-0.450197
0.206922
0.206922
0.731464
0.0553684
0.0553684
0.6414
-0.729846
0.903127
0.903127
-0.372949
-0.372949
-0.372949
-0.372949
0.0954244
0.551789
0.551789
0.545855
0.545855
-0.420213
-0.420213
1.29042
1.29042
0.840249
-1.16912
-0.474882
0.721507
-1.14353
-1.10214
-1.10214
0.50213
-0.0595099
0.573765
0.573765
0.573765
0.573765
0.573765
-0.183162
-0.183162
-0.183162
0.993953
0.993953
-1.03844
-1.03844
-1.03844
-1.03844
-1.03844
-1.03844
0.793623
0.793623
0.793623
0.0434005
1.07702
-0.146966
-0.146966
1.24327
1.31889
-0.967898
-0.967898
-0.346591
-0.346591
-0.346591
-0.346591
1.33478
1.33478
1.01914
-0.857021
-1.0663
1.21672
1.21672
1.21672
0.856089
0.691349
0.691349
-0.552105
-0.552105
-0.552105
-1.25565
-1.25565
-1.29415
-1.29415
-0.588284
-1.0552
-0.977146
-0.977146
0.224234
-0.442152
-0.442152
-0.442152
0.61414
0.61414
0.61414
0.61414
-0.524182
-0.178901
-0.178901
1.15783
1.15783
1.21886
0.888877
0.888877
0.888877
0.888877
1.14747
1.14747
-0.782017
-0.70729
-0.487055
-0.487055
1.22001
1.28296
1.28296
1.30151
1.03347
1.03347
1.03347
-0.724592
-0.724592
-0.724592
-0.724592
0.449484
-0.465079
1.42001
1.55681
0.530183
0.530183
0.984054
0.984054
0.984054
-0.804848
0.548297
-0.345037
-0.345037
-0.345037
-0.345037
-0.080855
-0.080855
-0.080855
-0.080855
-0.747223
0.684924
0.684924
0.684924
0.684924
0.684924
0.940463
0.940463
1.00445
-0.938156
-0.938156
-0.938156
-0.938156
-0.459993
0.841625
0.442839
0.442839
-1.81479
-1.81479
0.59582
0.0983165
-1.00408
-1.00408
-1.00408
-1.00408
-1.00408
1.14194
1.10073
0.126065
-0.336625
-0.336625
-0.336625
-0.336625
-0.879307
0.399313
0.656456
0.0619673
0.047245
1.16722
-1.25205
0.878826
0.878826
0.856908
0.856908
-1.31571
-1.31571
-0.380641
1.35139
0.0492231
-1.24448
0.44396
0.44396
-1.32245
-0.880105
-0.578739
-0.853239
-0.853239
-0.853239
-0.853239
-0.026902
-0.026902
