1.54
1.53984
1.53936
1.53857
1.53746
1.53604
1.5343
1.53224
1.52987
1.52719
1.52419
1.52088
1.51726
1.51333
1.50909
1.50454
1.49969
1.49454
1.48908
1.48331
1.47725
1.47088
1.46421
1.45724
1.44996
1.44238
1.4345
1.42632
1.41783
1.40905
1.39997
1.39059
1.38091
1.37095
1.36069
1.35014
1.33931
1.32819
1.31679
1.30511
1.29316
1.28094
1.26845
1.25571
1.2427
1.22945
1.21594
1.2022
1.18823
1.17404
1.15962
1.145
1.13018
1.11517
1.09998
1.08462
1.0691
1.05343
1.03764
1.02172
1.00569
0.989572
0.973375
0.957117
0.940813
0.924479
0.908132
0.891789
0.875469
0.85919
0.84297
0.826827
0.810781
0.794851
0.779055
0.763412
0.747941
0.732661
0.717589
0.702745
0.688146
0.673808
0.659747
0.64598
0.632521
0.619384
0.606582
0.594128
0.582033
0.570308
0.558962
0.548004
0.53744
0.527277
0.51752
0.508173
0.49924
0.490723
0.482622
0.474939
0.467672
0.46082
0.45438
0.44835
0.442725
0.437502
0.432674
0.428236
0.424181
0.420504
0.417196
0.414251
0.41166
0.409416
0.407509
0.405932
0.404674
0.403728
0.403084
0.402731
0.402662
0.402866
0.403334
0.404056
0.405022
0.406224
0.407652
0.409297
0.411149
0.413198
0.415438
0.417857
0.420448
0.423202
0.426111
0.429166
0.432359
0.435681
0.439125
0.442683
0.446347
0.45011
0.453966
0.457906
0.461925
0.466017
0.470174
0.474391
0.478661
0.482979
0.487337
0.491732
0.496158
0.500608
0.50508
0.509567
0.514066
0.518572
0.523082
0.527591
0.532094
0.53659
0.541074
0.545543
0.549995
0.554427
0.558835
0.563217
0.56757
0.571892
0.576181
0.580435
0.584651
0.588829
0.592966
0.59706
0.601111
0.605116
0.609075
0.612987
0.616851
0.620666
0.624433
0.628151
0.631818
0.635436
0.639003
0.642519
0.645983
0.649396
0.652758
0.656069
0.659329
0.662539
0.665698
0.668809
0.671872
0.674887
0.677854
0.680774
0.683648
0.686477
0.689261
0.692001
0.694698
0.697353
0.699967
0.70254
0.705074
0.707569
0.710027
0.712447
0.714831
0.717179
0.719491
0.721768
0.72401
0.726219
0.728395
0.730537
0.732646
0.73472
0.736762
0.738771
0.740747
0.74269
0.744599
0.746473
0.748313
0.750118
0.751888
0.753621
0.755318
0.756977
0.758598
0.76018
0.761722
0.763224
0.764687
0.766109
0.76749
0.768829
0.770125
0.771377
0.772584
0.773746
0.774864
0.775936
0.776962
0.777941
0.778872
0.779755
0.78059
0.781378
0.78212
0.782815
0.783463
0.784064
0.784619
0.785128
0.785593
0.786013
0.786389
0.786722
0.787012
0.787262
0.787472
0.787642
0.787774
0.787871
0.787934
0.787965
0.787964
0.787933
0.787873
0.787787
0.787677
0.787543
0.787389
0.787216
0.787027
0.786823
0.786607
0.786381
0.786149
0.78591
0.785668
0.785425
0.785182
0.784943
0.784708
0.78448
0.784261
0.784052
0.783856
0.783674
0.78351
0.783363
0.783236
0.78313
0.783047
0.782988
0.782954
0.782948
0.782968
0.783017
0.783095
0.783202
0.78334
0.783509
0.783708
0.783938
0.784198
0.784489
0.784809
0.785159
0.785538
0.785946
0.786383
0.786849
0.787341
0.787858
0.7884
0.788965
0.789554
0.790163
0.790793
0.791442
0.792108
0.79279
0.793487
0.794198
0.794921
0.795655
0.796399
0.797152
0.797915
0.798686
0.799463
0.800246
0.801034
0.801824
0.802618
0.803414
0.804212
0.805011
0.805811
0.806611
0.80741
0.808208
0.809006
0.809803
0.810599
0.811394
0.812189
0.812982
0.813776
0.814569
0.815362
0.816155
0.816948
0.817741
0.818534
0.819327
0.82012
0.820913
0.821707
0.822502
0.823297
0.824092
0.824888
0.825685
0.82648
0.827273
0.828065
0.828853
0.829637
0.830417
0.831193
0.831961
0.832722
0.833475
0.834219
0.834953
0.835674
0.836382
0.837078
0.837757
0.838419
0.83906
0.839679
0.840277
0.840849
0.841396
0.841914
0.842404
0.842861
0.843286
0.843678
0.844034
0.844353
0.844634
0.844875
0.845074
0.84523
0.845342
0.845409
0.845431
0.845407
0.845336
0.845216
0.845047
0.844829
0.844563
0.844248
0.843883
0.84347
0.843008
0.842498
0.841938
0.841331
0.840678
0.839979
0.839235
0.838447
0.837617
0.836747
0.835837
0.834891
0.833907
0.83289
0.831839
0.830759
0.82965
0.828514
0.827355
0.826173
0.824973
0.823757
0.822525
0.821281
0.820027
0.818766
0.817499
0.81623
0.814961
0.813693
0.812431
0.811175
0.809927
0.808688
0.807462
0.806251
0.805056
0.803879
0.802721
0.801585
0.800471
0.79938
0.798315
0.797275
0.79626
0.795271
0.794309
0.793375
0.79247
0.791593
0.790745
0.789924
0.789133
0.788371
0.787638
0.786933
0.786255
0.785605
0.784981
0.784383
0.783811
0.783265
0.782744
0.782245
0.781769
0.781315
0.780882
0.780468
0.780073
0.779695
0.779335
0.778991
0.778662
0.778348
0.778046
0.777756
0.777478
0.77721
0.77695
0.776698
0.776453
0.776214
0.775981
0.775751
0.775526
0.775303
0.775084
0.774867
0.774652
0.774438
0.774226
0.774017
0.773808
0.773599
0.77339
0.773181
0.772972
0.772763
0.772554
0.772346
0.77214
0.771934
0.771729
0.771525
0.771323
0.771122
0.770924
0.770728
0.770537
0.770352
0.770173
0.770001
0.769838
0.769684
0.769539
0.769406
0.769285
0.769177
0.769085
0.769009
0.76895
0.768911
0.768891
0.768894
0.768918
0.768967
0.76904
0.769141
0.769271
0.769429
0.769617
0.769837
0.77009
0.770375
0.770695
0.771049
0.771439
0.771867
0.772331
0.772832
0.773372
0.773948
0.774563
0.775215
0.775905
0.776633
0.777399
0.778201
0.77904
0.779916
0.780827
0.781774
0.782753
0.783767
0.784813
0.78589
0.786997
0.788131
0.789292
0.790478
0.791688
0.792919
0.794171
0.79544
0.796726
0.798029
0.799344
0.800671
0.802009
0.803354
0.804705
0.80606
0.807418
0.808777
0.810135
0.81149
0.81284
0.814183
0.815519
0.816845
0.818161
0.819465
0.820755
0.822029
0.823287
0.824528
0.825751
0.826954
0.828136
0.829296
0.830433
0.831546
0.832634
0.833696
0.834734
0.835744
0.836729
0.837687
0.838619
0.839524
0.840401
0.841251
0.842074
0.842871
0.843641
0.844384
0.845102
0.845794
0.846463
0.847108
0.847729
0.848329
0.848906
0.849463
0.849999
0.850516
0.851014
0.851495
0.85196
0.852408
0.852841
0.853259
0.853665
0.854056
0.854435
0.854801
0.855157
0.855503
0.855839
0.856166
0.856484
0.856795
0.857097
0.857391
0.857678
0.857958
0.858229
0.858493
0.858749
0.858999
0.859239
0.85947
0.859691
0.859901
0.860101
0.860289
0.860465
0.860627
0.860774
0.860905
0.861019
0.861116
0.861193
0.861252
0.861289
0.861305
0.861298
0.861266
0.861209
0.861125
0.861014
0.860875
0.860705
0.860504
0.860271
0.860004
0.859702
0.859364
0.858989
0.858576
0.858124
0.857633
0.8571
0.856527
0.855913
0.855255
0.854553
0.853808
0.853018
0.852184
0.851306
0.850383
0.849417
0.848407
0.847355
0.846261
0.845126
0.84395
0.842734
0.841479
0.840186
0.838856
0.837491
0.836093
0.834663
0.833202
0.831712
0.830195
0.828655
0.827093
0.825511
0.823912
0.822299
0.820673
0.819039
0.817398
0.815754
0.814109
0.812468
0.810832
0.809206
0.807592
0.805994
0.804416
0.802861
0.801331
0.799831
0.798363
0.79693
0.795535
0.794182
0.792875
0.791615
0.790407
0.78925
0.788149
0.787106
0.786123
0.785202
0.784345
0.783555
0.782833
0.782181
0.7816
0.781092
0.780657
0.780296
0.78001
0.779799
0.779663
0.779604
0.779621
0.779714
0.779884
0.780129
0.78045
0.780845
0.781315
0.781858
0.782473
0.783159
0.783914
0.784739
0.785632
0.78659
0.787612
0.788697
0.789843
0.791048
0.79231
0.793625
0.794992
0.796409
0.797874
0.799384
0.800937
0.802531
0.804161
0.805827
0.807526
0.809255
0.811012
0.812795
0.8146
0.816426
0.818269
0.820127
0.821997
0.823878
0.825764
0.827654
0.829545
0.831435
0.83332
0.835199
0.837069
0.838927
0.840771
0.842597
0.844403
0.846186
0.847946
0.849679
0.851381
0.853052
0.854687
0.856285
0.857844
0.859359
0.86083
0.862254
0.86363
0.864956
0.86623
0.867451
0.868616
0.869722
0.870769
0.871756
0.872681
0.873542
0.874337
0.875067
0.875728
0.876321
0.876844
0.877298
0.87768
0.877992
0.87823
0.878395
0.878486
0.878504
0.878447
0.878316
0.878111
0.877832
0.877479
0.877053
0.876553
0.87598
0.875337
0.874624
0.873841
0.87299
0.872071
0.871086
0.870038
0.868927
0.867755
0.866524
0.865234
0.863888
0.862488
0.861035
0.859531
0.85798
0.856384
0.854743
0.853061
0.851339
0.84958
0.847786
0.845959
0.844102
0.842218
0.840308
0.838374
0.83642
0.834447
0.832458
0.830454
0.828438
0.826412
0.824378
0.822336
0.820289
0.818238
0.816184
0.814129
0.812074
0.81002
0.80797
0.805924
0.803881
0.801845
0.799815
0.79779
0.795772
0.79376
0.791756
0.789758
0.787766
0.785782
0.783805
0.781835
0.779871
0.777913
0.775961
0.774016
0.772076
0.77014
0.768209
0.766283
0.76436
0.762441
0.760525
0.758613
0.756704
0.754799
0.752898
0.751
0.749104
0.747213
0.745326
0.743445
0.741569
0.739699
0.737836
0.73598
0.734133
0.732296
0.730469
0.728654
0.72685
0.725061
0.723286
0.721528
0.719787
0.718065
0.716365
0.714686
0.713032
0.711404
0.709805
0.708235
0.706696
0.70519
0.70372
0.702286
0.70089
0.699533
0.698219
0.69695
0.695726
0.694548
0.693419
0.692339
0.69131
0.690332
0.689408
0.688538
0.687723
0.686965
0.686263
0.68562
0.685036
0.684512
0.684047
0.683643
0.6833
0.683018
0.682797
0.682635
0.682535
0.682495
0.682515
0.682596
0.682737
0.682937
0.683196
0.683513
0.683886
0.684315
0.684799
0.685337
0.685928
0.686572
0.687267
0.688011
0.688804
0.689644
0.690532
0.691463
0.692438
0.693454
0.69451
0.695606
0.696739
0.697908
0.699111
0.700347
0.701614
0.702911
0.704235
0.705587
0.706963
0.708364
0.709788
0.711232
0.712695
0.714175
0.715671
0.717182
0.718707
0.720244
0.721791
0.723347
0.724911
0.726482
0.728059
0.729642
0.731228
0.732818
0.734411
0.736005
0.737599
0.739194
0.740787
0.74238
0.743971
0.745559
0.747144
0.748725
0.750303
0.751876
0.753446
0.755011
0.75657
0.758124
0.759674
0.761219
0.762758
0.764291
0.765819
0.76734
0.768854
0.770362
0.771863
0.773357
0.774844
0.776325
0.7778
0.779267
0.780728
0.782182
0.783628
0.785068
0.7865
0.787925
0.789342
0.790751
0.792152
0.793546
0.794931
0.796309
0.797678
0.799039
0.800393
0.801738
0.803076
0.804405
0.805726
0.807037
0.808339
0.809631
0.810913
0.812185
0.813446
0.814698
0.81594
0.817171
0.818391
0.8196
0.820797
0.82198
0.823152
0.82431
0.825455
0.826586
0.827703
0.828807
0.829895
0.830967
0.832024
0.833065
0.83409
0.835097
0.836088
0.837062
0.838019
0.838958
0.839879
0.840782
0.841664
0.842525
0.843366
0.844187
0.844985
0.845762
0.846516
0.847247
0.847956
0.848642
0.849303
0.849941
0.850555
0.851145
0.851711
0.852251
0.852766
0.853255
0.853719
0.854156
0.854567
0.854953
0.855312
0.855644
0.855949
0.856226
0.856475
0.856698
0.856894
0.857064
0.857206
0.857321
0.857408
0.857469
0.857503
0.857512
0.857494
0.857449
0.85738
0.857285
0.857166
0.857021
0.856851
0.856655
0.856436
0.856193
0.855928
0.855639
0.855329
0.854998
0.854646
0.854274
0.853882
0.853471
0.853043
0.852598
0.852138
0.851662
0.851172
0.850668
0.85015
0.849621
0.849082
0.848535
0.847982
0.847421
0.846855
0.846284
0.845709
0.845132
0.844553
0.843972
0.843391
0.842812
0.842236
0.841663
0.841095
0.840532
0.839978
0.839434
0.838898
0.838373
0.837858
0.837355
0.836866
0.83639
0.835932
0.835491
0.835067
0.834661
0.834273
0.833905
0.833557
0.83323
0.832924
0.832641
0.83238
0.832142
0.831928
0.831737
0.83157
0.831426
0.831307
0.831211
0.83114
0.831092
0.831069
0.83107
0.831095
0.831143
0.831215
0.831309
0.831426
0.831563
0.831722
0.831899
0.832096
0.83231
0.832542
0.83279
0.833052
0.833328
0.833615
0.833914
0.834222
0.834539
0.834862
0.835191
0.835524
0.83586
0.836197
0.836533
0.836867
0.837197
0.837522
0.837841
0.838152
0.838452
0.838741
0.839018
0.839281
0.839527
0.839757
0.839968
0.840159
0.840329
0.840476
0.8406
0.840699
0.840773
0.840821
0.840841
0.840833
0.840797
0.840732
0.840635
0.840508
0.840349
0.840158
0.839936
0.839682
0.839396
0.839077
0.838727
0.838344
0.837928
0.83748
0.836999
0.836485
0.835938
0.83536
0.83475
0.834108
0.833434
0.83273
0.831995
0.83123
0.830436
0.829613
0.828761
0.827882
0.826975
0.826043
0.825084
0.8241
0.823091
0.822059
0.821004
0.819926
0.818827
0.817707
0.816568
0.815408
0.814231
0.813037
0.811826
0.810601
0.80936
0.808105
0.806838
0.805559
0.804271
0.802972
0.801665
0.800351
0.79903
0.797703
0.796373
0.795041
0.793707
0.792372
0.791038
0.789705
0.788377
0.787052
0.785733
0.784421
0.783116
0.78182
0.780535
0.77926
0.777998
0.776748
0.775512
0.774292
0.773089
0.771904
0.770738
0.769593
0.768468
0.767365
0.766285
0.765228
0.764196
0.763189
0.762208
0.761254
0.760328
0.75943
0.758562
0.757723
0.756915
0.756139
0.755394
0.754681
0.754001
0.753353
0.752738
0.752158
0.751613
0.751103
0.750628
0.750189
0.749788
0.749423
0.749094
0.748802
0.748547
0.748329
0.748148
0.748003
0.747895
0.747823
0.747787
0.747787
0.747823
0.747894
0.748002
0.748144
0.74832
0.748529
0.748771
0.749046
0.749352
0.749689
0.750057
0.750454
0.75088
0.751334
0.751814
0.752322
0.752854
0.753411
0.753991
0.754593
0.755215
0.755857
0.756518
0.757195
0.757889
0.758597
0.75932
0.760055
0.760801
0.761558
0.762325
0.763099
0.76388
0.764666
0.765455
0.766247
0.76704
0.767833
0.768626
0.769417
0.770205
0.77099
0.771772
0.772549
0.773321
0.774086
0.774843
0.775593
0.776334
0.777065
0.777788
0.778501
0.779204
0.779896
0.780577
0.781248
0.781908
0.782556
0.783193
0.78382
0.784436
0.785042
0.785639
0.786227
0.786806
0.787377
0.787941
0.788496
0.789043
0.789584
0.79012
0.790651
0.791178
0.791701
0.792219
0.792734
0.793247
0.793759
0.79427
0.79478
0.795289
0.795797
0.796305
0.796812
0.797318
0.797825
0.798331
0.798837
0.799342
0.799845
0.800347
0.800847
0.801344
0.801839
0.802329
0.802816
0.803298
0.803774
0.804244
0.804707
0.805161
0.805606
0.806041
0.806465
0.806878
0.807277
0.807662
0.808032
0.808385
0.808721
0.80904
0.809339
0.809617
0.809872
0.810105
0.810312
0.810494
0.810649
0.810776
0.810873
0.81094
0.810976
0.810981
0.810953
0.810891
0.810795
0.810664
0.810497
0.810295
0.810056
0.80978
0.809468
0.809118
0.80873
0.808304
0.80784
0.807339
0.8068
0.806225
0.805614
0.804967
0.804284
0.803567
0.802816
0.802034
0.80122
0.800377
0.799505
0.798607
0.797682
0.796734
0.795763
0.794772
0.793763
0.792737
0.791696
0.790645
0.789585
0.788518
0.787448
0.786376
0.785304
0.784235
0.783171
0.782115
0.78107
0.780039
0.779025
0.77803
0.777058
0.776111
0.775192
0.774303
0.773447
0.772627
0.771844
0.771103
0.770404
0.76975
0.769143
0.768586
0.768079
0.767625
0.767225
0.76688
0.766593
0.766364
0.766197
0.766092
0.76605
0.766071
0.766155
0.766303
0.766516
0.766795
0.76714
0.767549
0.768022
0.76856
0.769161
0.769826
0.770553
0.771341
0.772188
0.773093
0.774056
0.775075
0.776149
0.777276
0.778454
0.779682
0.780957
0.782277
0.783641
0.785047
0.786492
0.787973
0.789489
0.791037
0.792614
0.794219
0.795849
0.797501
0.799173
0.800861
0.802564
0.804279
0.806003
0.807734
0.80947
0.811207
0.812945
0.81468
0.816409
0.818132
0.819844
0.821544
0.823228
0.824894
0.82654
0.828164
0.829765
0.831339
0.832885
0.8344
0.835883
0.837329
0.838739
0.840109
0.841439
0.842726
0.84397
0.845166
0.846316
0.847416
0.848466
0.849464
0.850408
0.851297
0.852131
0.852907
0.853626
0.854286
0.854888
0.855429
0.85591
0.856328
0.856685
0.85698
0.857212
0.857381
0.857488
0.857534
0.857517
0.857438
0.857296
0.857094
0.856831
0.856508
0.856125
0.855683
0.855182
0.854625
0.854013
0.853347
0.852627
0.851855
0.851031
0.850156
0.849231
0.848259
0.84724
0.846176
0.845068
0.843918
0.842727
0.841496
0.840227
0.838922
0.83758
0.836206
0.8348
0.833364
0.8319
0.830411
0.828896
0.827358
0.825798
0.824218
0.822618
0.821002
0.819369
0.817723
0.816065
0.814396
0.812718
0.811033
0.809344
0.80765
0.805954
0.804257
0.80256
0.800865
0.799174
0.797489
0.795811
0.794141
0.792482
0.790834
0.7892
0.787583
0.785982
0.7844
0.782839
0.781299
0.779783
0.778291
0.776827
0.775392
0.773986
0.772613
0.771272
0.769966
0.768696
0.767462
0.766266
0.76511
0.763994
0.76292
0.761889
0.760902
0.75996
0.759064
0.758214
0.757412
0.756658
0.755952
0.755295
0.754687
0.75413
0.753623
0.753167
0.752761
0.752404
0.752096
0.751838
0.751628
0.751468
0.751356
0.751289
0.751268
0.751292
0.751358
0.751467
0.751616
0.751804
0.752031
0.752294
0.752591
0.752923
0.753285
0.753676
0.754094
0.754538
0.755004
0.755492
0.755998
0.75652
0.757058
0.75761
0.758172
0.758743
0.759321
0.759904
0.76049
0.761077
0.761664
0.762248
0.762827
0.763401
0.763968
0.764525
0.765073
0.765609
0.766133
0.766643
0.767139
0.767621
0.768086
0.768536
0.768971
0.769388
0.769788
0.770173
0.770541
0.770891
0.771225
0.771543
0.771844
0.772131
0.772404
0.772662
0.772906
0.773139
0.77336
0.773571
0.773771
0.773963
0.774148
0.774328
0.774502
0.774671
0.774838
0.775003
0.775166
0.77533
0.775495
0.775663
0.775835
0.77601
0.776192
0.77638
0.776575
0.776777
0.776988
0.777208
0.777437
0.777677
0.777926
0.778188
0.77846
0.778745
0.779042
0.779351
0.779673
0.780009
0.780358
0.780722
0.781099
0.781489
0.781892
0.782309
0.78274
0.783186
0.783643
0.784114
0.784597
0.785092
0.7856
0.786121
0.786654
0.787198
0.787754
0.78832
0.788897
0.789485
0.790084
0.790694
0.791315
0.791947
0.792589
0.793242
0.793906
0.79458
0.795264
0.795958
0.796662
0.797375
0.798098
0.798829
0.799568
0.800316
0.801071
0.801834
0.802605
0.803382
0.804165
0.804953
0.805748
0.806547
0.807351
0.808158
0.808967
0.809779
0.810592
0.811406
0.812219
0.813031
0.81384
0.814644
0.815443
0.816235
0.817018
0.817793
0.818557
0.81931
0.820051
0.820777
0.821487
0.82218
0.822853
0.823505
0.824135
0.82474
0.82532
0.825873
0.826396
0.826888
0.827349
0.827778
0.828172
0.828531
0.828853
0.829136
0.82938
0.829583
0.829744
0.829862
0.829936
0.829965
0.829948
0.829885
0.829775
0.829618
0.829414
0.829163
0.828865
0.828518
0.828123
0.827681
0.827189
0.826649
0.826062
0.825429
0.82475
0.824025
0.823255
0.82244
0.821583
0.820684
0.819745
0.818768
0.817753
0.816702
0.815618
0.814503
0.813357
0.812184
0.810985
0.809761
0.808516
0.807252
0.805971
0.804676
0.803369
0.802054
0.800732
0.799409
0.798087
0.796767
0.795454
0.794149
0.792856
0.791577
0.790315
0.789073
0.787854
0.786661
0.785497
0.784365
0.783267
0.782206
0.781186
0.78021
0.779278
0.778394
0.777559
0.776774
0.776042
0.775365
0.774745
0.774182
0.773678
0.773235
0.772854
0.772537
0.772284
0.772094
0.771969
0.771908
0.771912
0.771981
0.772114
0.772312
0.772574
0.772898
0.773287
0.773737
0.774248
0.774818
0.775446
0.77613
0.77687
0.777662
0.778506
0.779398
0.780336
0.781318
0.782341
0.783405
0.784506
0.785642
0.78681
0.788008
0.789234
0.790483
0.791754
0.793044
0.79435
0.795671
0.797003
0.798343
0.799689
0.801038
0.802389
0.803739
0.805086
0.806427
0.807762
0.809087
0.810402
0.811704
0.812991
0.814262
0.815515
0.816749
0.817962
0.819154
0.820322
0.821468
0.822589
0.823686
0.824755
0.825797
0.826811
0.827798
0.828759
0.829691
0.830593
0.831468
0.832312
0.833126
0.833911
0.834665
0.835389
0.836083
0.836748
0.837384
0.837991
0.838568
0.839116
0.839635
0.840125
0.840586
0.841018
0.841422
0.841798
0.842146
0.842466
0.842758
0.843023
0.84326
0.84347
0.843654
0.843813
0.843948
0.844056
0.84414
0.8442
0.844234
0.844245
0.844232
0.844197
0.844139
0.844059
0.843958
0.843835
0.843692
0.843529
0.843348
0.84315
0.842934
0.8427
0.84245
0.842184
0.841904
0.84161
0.841301
0.840979
0.840645
0.840298
0.839941
0.839575
0.839203
0.838824
0.83844
0.838049
0.837654
0.837255
0.836853
0.836451
0.836049
0.835648
0.835249
0.834853
0.834461
0.834076
0.833695
0.833322
0.832957
0.832601
0.832255
0.831921
0.831599
0.831292
0.830999
0.830722
0.830461
0.830219
0.829995
0.829791
0.829606
0.829443
0.829302
0.829185
0.829091
0.829022
0.828975
0.828953
0.828956
0.828984
0.829037
0.829115
0.829218
0.829345
0.829496
0.82967
0.829866
0.830085
0.830326
0.83059
0.830876
0.831181
0.831503
0.831841
0.832192
0.832555
0.83293
0.833314
0.833705
0.8341
0.834499
0.834897
0.835292
0.835683
0.836067
0.836441
0.836803
0.83715
0.83748
0.837791
0.83808
0.838343
0.838578
0.838783
0.838955
0.839091
0.839188
0.839245
0.839259
0.839228
0.83915
0.839024
0.838846
0.838614
0.838326
0.837981
0.837577
0.837112
0.836586
0.835999
0.835349
0.834635
0.833856
0.83301
0.832098
0.831118
0.830072
0.828959
0.82778
0.826535
0.825226
0.823854
0.82242
0.820926
0.819371
0.817759
0.81609
0.814366
0.812592
0.810769
0.808899
0.806986
0.805033
0.803041
0.801016
0.798959
0.796876
0.79477
0.792646
0.790508
0.788358
0.786199
0.784039
0.781879
0.779725
0.777579
0.775446
0.77333
0.771235
0.769165
0.767122
0.76511
0.763132
0.761192
0.759291
0.757433
0.755621
0.753856
0.752142
0.750478
0.748868
0.747312
0.745812
0.744369
0.742983
0.741656
0.740388
0.739179
0.738029
0.736938
0.735907
0.734936
0.734022
0.733167
0.732369
0.731628
0.730943
0.730312
0.729735
0.729211
0.728738
0.728316
0.727942
0.727617
0.72734
0.727108
0.726921
0.726778
0.726678
0.72662
0.726604
0.726629
0.726693
0.726796
0.726938
0.727118
0.727334
0.727586
0.727872
0.728193
0.728548
0.728936
0.729358
0.729812
0.730299
0.730818
0.731368
0.731948
0.732559
0.733201
0.733872
0.734572
0.735303
0.736063
0.736852
0.737671
0.738518
0.739393
0.740297
0.741229
0.742189
0.743176
0.74419
0.74523
0.746298
0.747391
0.748509
0.749653
0.750821
0.752014
0.753229
0.754467
0.755728
0.75701
0.758312
0.759634
0.760975
0.762334
0.763711
0.765104
0.766514
0.767939
0.769377
0.770828
0.77229
0.773763
0.775244
0.776734
0.778233
0.779738
0.78125
0.782766
0.784287
0.78581
0.787335
0.78886
0.790383
0.791904
0.793423
0.794937
0.796445
0.797949
0.799445
0.800933
0.802413
0.803883
0.805342
0.806789
0.808224
0.809646
0.811053
0.812445
0.813819
0.815176
0.816514
0.817832
0.819129
0.820406
0.821661
0.822894
0.824104
0.82529
0.826453
0.82759
0.828701
0.829785
0.830841
0.831867
0.832863
0.833827
0.83476
0.835663
0.836532
0.837367
0.838167
0.838933
0.839663
0.840357
0.841014
0.841633
0.842213
0.842754
0.843256
0.843717
0.844138
0.844518
0.844855
0.845149
0.845401
0.84561
0.845775
0.845897
0.845975
0.846011
0.846003
0.845951
0.845856
0.845717
0.845535
0.84531
0.845044
0.844734
0.844382
0.843987
0.843551
0.843075
0.842559
0.842004
0.841411
0.840779
0.84011
0.839405
0.838666
0.837894
0.837089
0.836252
0.835385
0.834488
0.833563
0.832611
0.831633
0.830629
0.829603
0.828554
0.827483
0.826392
0.825283
0.824155
0.82301
0.82185
0.820675
0.819487
0.818287
0.817075
0.815854
0.814623
0.813385
0.81214
0.81089
0.809634
0.808376
0.807115
0.805852
0.804587
0.803321
0.802055
0.80079
0.799526
0.798265
0.797007
0.795753
0.794502
0.793256
0.792015
0.79078
0.789552
0.78833
0.787115
0.785907
0.784705
0.783511
0.782325
0.781146
0.779974
0.778809
0.777652
0.776502
0.775359
0.774223
0.773094
0.771972
0.770857
0.769748
0.768645
0.767548
0.766457
0.765372
0.764293
0.763222
0.762157
0.761098
0.760047
0.759002
0.757962
0.756928
0.7559
0.754878
0.753862
0.752853
0.751851
0.750857
0.749871
0.748893
0.747924
0.746965
0.746015
0.745076
0.744149
0.743236
0.742335
0.741449
0.74058
0.739727
0.738891
0.738074
0.737277
0.736501
0.735747
0.735016
0.734309
0.733627
0.73297
0.732341
0.73174
0.731167
0.730624
0.730111
0.729631
0.729183
0.728769
0.72839
0.728045
0.727737
0.727465
0.727231
0.727034
0.726876
0.726757
0.726677
0.726636
0.726634
0.72667
0.726745
0.726859
0.727012
0.727206
0.727438
0.727708
0.728017
0.728363
0.728748
0.72917
0.72963
0.730128
0.730664
0.731238
0.731848
0.732495
0.733179
0.7339
0.734658
0.735451
0.736282
0.737151
0.738057
0.739002
0.739984
0.741004
0.742063
0.74316
0.744296
0.745471
0.746686
0.747942
0.749238
0.750574
0.751953
0.753373
0.754836
0.756342
0.757891
0.759483
0.76112
0.762801
0.764527
0.766297
0.768112
0.769972
0.771876
0.773825
0.775818
0.777856
0.77994
0.782066
0.784236
0.786448
0.788701
0.790995
0.793329
0.795701
0.79811
0.800554
0.803033
0.805543
0.808085
0.810657
0.813255
0.815878
0.818524
0.821191
0.823876
0.826579
0.829296
0.832025
0.834762
0.837504
0.840248
0.842993
0.845736
0.848473
0.851202
0.853919
0.856622
0.859307
0.861971
0.864611
0.867224
0.869806
0.872355
0.874868
0.877341
0.879771
0.882155
0.884489
0.88677
0.888995
0.891162
0.893268
0.89531
0.897283
0.899187
0.901018
0.902773
0.904448
0.906042
0.907552
0.908975
0.91031
0.911555
0.912706
0.913761
0.91472
0.915579
0.916337
0.916992
0.917545
0.917993
0.918335
0.918569
0.918695
0.918712
0.918621
0.91842
0.918109
0.917686
0.917154
0.916512
0.91576
0.914901
0.913932
0.912856
0.911673
0.910385
0.908993
0.907499
0.905904
0.904209
0.902417
0.90053
0.898553
0.896486
0.894332
0.892094
0.889775
0.887378
0.884905
0.882361
0.879749
0.877072
0.874332
0.871534
0.868681
0.865778
0.862827
0.859834
0.856801
0.853733
0.850633
0.847508
0.844359
0.841193
0.838013
0.834821
0.831623
0.828422
0.825223
0.822028
0.818841
0.815668
0.81251
0.809373
0.80626
0.803175
0.800122
0.797104
0.794124
0.791185
0.788291
0.785446
0.782653
0.779915
0.777234
0.774615
0.77206
0.769574
0.767156
0.764811
0.762539
0.760345
0.75823
0.756198
0.75425
0.752388
0.750615
0.748933
0.747344
0.74585
0.744453
0.743154
0.741954
0.740856
0.73986
0.738969
0.738182
0.737501
0.736927
0.736461
0.736104
0.735857
0.73572
0.735692
0.735774
0.735966
0.736269
0.736679
0.737198
0.737824
0.738557
0.739395
0.740337
0.74138
0.742524
0.743766
0.745106
0.746539
0.748066
0.749682
0.751386
0.753176
0.755047
0.756996
0.759019
0.761112
0.763273
0.765497
0.767781
0.770121
0.772513
0.774953
0.777438
0.779963
0.782524
0.785116
0.787735
0.790377
0.793037
0.795713
0.798399
0.801091
0.803784
0.806476
0.80916
0.811835
0.814495
0.817137
0.819757
0.822353
0.824919
0.827454
0.829952
0.832411
0.834828
0.837198
0.839521
0.841793
0.844012
0.846176
0.848282
0.850328
0.852313
0.854236
0.856094
0.857887
0.859614
0.861272
0.862862
0.864382
0.865831
0.867211
0.86852
0.869756
0.87092
0.872011
0.873029
0.873977
0.874854
0.875659
0.876394
0.87706
0.877657
0.878185
0.878647
0.879042
0.879374
0.879641
0.879846
0.879989
0.880071
0.880094
0.880058
0.879965
0.879817
0.879617
0.879364
0.879061
0.878709
0.878309
0.877862
0.877372
0.876837
0.876261
0.875645
0.87499
0.874299
0.873572
0.872811
0.872017
0.871193
0.870337
0.869452
0.868538
0.867598
0.866632
0.865642
0.864629
0.863595
0.862541
0.861466
0.860372
0.859261
0.858133
0.856988
0.855828
0.854652
0.853462
0.852257
0.851039
0.849808
0.848564
0.847308
0.846041
0.844763
0.843474
0.842176
0.84087
0.839554
0.83823
0.836898
0.835558
0.834211
0.832858
0.831498
0.830133
0.828762
0.827387
0.826008
0.824626
0.823241
0.821855
0.820467
0.819078
0.817688
0.8163
0.814915
0.813532
0.812152
0.810778
0.80941
0.808051
0.8067
0.805358
0.804026
0.802705
0.801397
0.800103
0.798825
0.797565
0.796324
0.795104
0.793907
0.792732
0.791582
0.790459
0.789362
0.788294
0.787257
0.786253
0.78528
0.784341
0.783438
0.78257
0.781739
0.780946
0.78019
0.779474
0.778797
0.778161
0.777565
0.777009
0.776495
0.776024
0.775595
0.775207
0.77486
0.774556
0.774291
0.774067
0.773882
0.773735
0.773627
0.773556
0.773521
0.773522
0.773558
0.773627
0.773728
0.773859
0.77402
0.774209
0.774426
0.774669
0.774937
0.775228
0.77554
0.775872
0.776224
0.776594
0.77698
0.777382
0.777797
0.778224
0.778662
0.77911
0.779564
0.780026
0.780492
0.780962
0.781436
0.781909
0.782383
0.782856
0.783325
0.78379
0.78425
0.784704
0.78515
0.785588
0.786017
0.786435
0.78684
0.787233
0.787611
0.787973
0.788318
0.788646
0.788955
0.789245
0.789515
0.789764
0.789992
0.790196
0.790377
0.790535
0.790669
0.790778
0.790862
0.790919
0.79095
0.790955
0.790931
0.790881
0.790803
0.790696
0.790561
0.790397
0.790205
0.789984
0.789734
0.789454
0.789145
0.788809
0.788444
0.78805
0.787627
0.787177
0.786698
0.786191
0.785657
0.785097
0.78451
0.783897
0.783259
0.782595
0.781905
0.781191
0.780453
0.779691
0.778906
0.778099
0.777271
0.776422
0.775554
0.774667
0.773763
0.772844
0.771909
0.770962
0.770002
0.769031
0.76805
0.76706
0.766063
0.765059
0.76405
0.763037
0.76202
0.761003
0.759986
0.758972
0.757962
0.756959
0.755963
0.754977
0.754002
0.753039
0.75209
0.751157
0.750239
0.74934
0.748461
0.747604
0.746769
0.745959
0.745174
0.744416
0.743687
0.742986
0.742315
0.741675
0.741065
0.740487
0.739942
0.73943
0.738952
0.738508
0.738098
0.737722
0.73738
0.737073
0.7368
0.736561
0.736356
0.736185
0.736048
0.735943
0.73587
0.73583
0.73582
0.735843
0.735896
0.73598
0.736092
0.736234
0.736404
0.736601
0.736824
0.737072
0.737344
0.737641
0.73796
0.738302
0.738664
0.739047
0.73945
0.739873
0.740313
0.740771
0.741246
0.741739
0.742248
0.742772
0.743311
0.743864
0.744429
0.745007
0.745596
0.746197
0.746808
0.747431
0.748064
0.748706
0.749358
0.750019
0.750688
0.751364
0.752046
0.752735
0.753429
0.754128
0.754832
0.75554
0.756252
0.756967
0.757686
0.758408
0.759132
0.759858
0.760585
0.761314
0.762044
0.762775
0.763506
0.764238
0.76497
0.765702
0.766435
0.767168
0.767901
0.768636
0.769372
0.770109
0.770848
0.771589
0.772332
0.773077
0.773824
0.774574
0.775328
0.776085
0.776846
0.777611
0.778382
0.779158
0.77994
0.780727
0.781519
0.782319
0.783125
0.783939
0.784761
0.785593
0.786433
0.787282
0.788138
0.789002
0.789873
0.790753
0.791639
0.792533
0.793434
0.794341
0.795253
0.79617
0.79709
0.798013
0.798936
0.799859
0.80078
0.801698
0.802613
0.803522
0.804423
0.805315
0.806195
0.807063
0.807916
0.808753
0.809572
0.810372
0.81115
0.811904
0.812633
0.813335
0.814007
0.81465
0.815262
0.815841
0.816385
0.816894
0.817366
0.8178
0.818195
0.818552
0.818868
0.819143
0.819376
0.819568
0.819719
0.819829
0.819898
0.819925
0.819911
0.819857
0.819763
0.81963
0.81946
0.819253
0.819013
0.81874
0.818435
0.8181
0.817736
0.817347
0.816934
0.816498
0.816042
0.815569
0.81508
0.814579
0.814068
0.81355
0.813027
0.812503
0.811979
0.811459
0.810946
0.810442
0.809952
0.809477
0.809018
0.80858
0.808166
0.807777
0.807414
0.80708
0.806775
0.806503
0.806265
0.806063
0.805898
0.805774
0.805691
0.805648
0.805646
0.805685
0.805765
0.805885
0.806046
0.806246
0.806484
0.80676
0.807074
0.807423
0.807807
0.808223
0.808669
0.809143
0.809643
0.810165
0.810707
0.811267
0.811842
0.81243
0.813025
0.813627
0.814231
0.814834
0.815433
0.816024
0.816605
0.817172
0.817721
0.81825
0.818755
0.819234
0.819684
0.820102
0.820485
0.820831
0.821138
0.821405
0.821627
0.821804
0.821932
0.822009
0.822036
0.822011
0.821932
0.821799
0.821611
0.821367
0.821068
0.820713
0.820301
0.819832
0.819307
0.818726
0.818089
0.817398
0.816653
0.815854
0.815003
0.8141
0.813148
0.812147
0.8111
0.810008
0.808873
0.807697
0.806481
0.805229
0.803941
0.80262
0.801267
0.799886
0.798478
0.797046
0.795593
0.794121
0.792631
0.791127
0.78961
0.788084
0.786551
0.785012
0.78347
0.781927
0.780386
0.778848
0.777316
0.775792
0.774279
0.772777
0.77129
0.769819
0.768365
0.766931
0.765518
0.764127
0.762761
0.761421
0.76011
0.758828
0.757577
0.75636
0.755177
0.754029
0.75292
0.751851
0.750822
0.749834
0.748889
0.747988
0.747132
0.746322
0.745559
0.744846
0.744181
0.743566
0.743002
0.742491
0.742032
0.741625
0.741273
0.740975
0.740732
0.740543
0.740408
0.740328
0.740302
0.740331
0.740415
0.740554
0.740747
0.740993
0.741293
0.741647
0.742051
0.742507
0.743012
0.743566
0.744167
0.744815
0.745508
0.746245
0.747026
0.747849
0.748715
0.749621
0.750565
0.751545
0.752562
0.753613
0.754697
0.755812
0.756958
0.758133
0.759336
0.760565
0.76182
0.763098
0.7644
0.765723
0.767066
0.768428
0.769808
0.771205
0.772616
0.774042
0.775481
0.776932
0.778395
0.779869
0.781352
0.782844
0.784344
0.785852
0.787365
0.788883
0.790406
0.791933
0.793462
0.794993
0.796525
0.798057
0.799589
0.80112
0.802649
0.804176
0.805698
0.807216
0.808729
0.810236
0.811736
0.813228
0.81471
0.816183
0.817645
0.819097
0.820536
0.821963
0.823376
0.824772
0.826151
0.827511
0.828853
0.830174
0.831476
0.832755
0.834011
0.835241
0.836446
0.837623
0.838771
0.83989
0.840976
0.84203
0.84305
0.844035
0.844984
0.845896
0.846768
0.8476
0.848392
0.849142
0.84985
0.850515
0.851136
0.85171
0.852239
0.85272
0.853153
0.853536
0.853872
0.854158
0.854394
0.85458
0.854715
0.854798
0.854831
0.854813
0.854744
0.854624
0.854452
0.854231
0.853959
0.853638
0.853266
0.852845
0.852375
0.851858
0.851294
0.850684
0.850028
0.849327
0.848582
0.847794
0.846965
0.846094
0.845183
0.844233
0.843246
0.842223
0.841166
0.840077
0.838955
0.837803
0.836623
0.835415
0.834182
0.832925
0.831645
0.830344
0.829025
0.82769
0.826338
0.824974
0.823598
0.822213
0.820819
0.819418
0.818012
0.816603
0.815193
0.813782
0.812372
0.810966
0.809566
0.808172
0.806787
0.805413
0.80405
0.802701
0.801367
0.800048
0.798747
0.797466
0.796205
0.794966
0.793749
0.792557
0.79139
0.790249
0.789137
0.788053
0.787
0.785979
0.784992
0.784038
0.783119
0.782236
0.78139
0.780581
0.779811
0.77908
0.778388
0.777736
0.777124
0.776554
0.776026
0.775541
0.775099
0.774701
0.774347
0.774039
0.773776
0.773559
0.77339
0.773269
0.773195
0.773169
0.773192
0.773263
0.773383
0.773553
0.773773
0.774045
0.774369
0.774744
0.77517
0.775648
0.776178
0.776758
0.77739
0.778074
0.778811
0.779599
0.780439
0.781329
0.782272
0.783264
0.784308
0.785401
0.786544
0.787734
0.788972
0.790258
0.79159
0.792967
0.794389
0.795855
0.797364
0.798915
0.800506
0.802137
0.803805
0.805509
0.807246
0.809017
0.810819
0.812652
0.814513
0.8164
0.818311
0.820243
0.822196
0.824166
0.826151
0.828149
0.830157
0.832174
0.834197
0.836223
0.838249
0.840271
0.842289
0.844299
0.8463
0.848289
0.850262
0.852217
0.854152
0.856063
0.857947
0.859803
0.861626
0.863415
0.865167
0.86688
0.86855
0.870175
0.871753
0.87328
0.874754
0.876173
0.877535
0.878837
0.880076
0.881251
0.882358
0.883397
0.884365
0.88526
0.88608
0.886824
0.88749
0.888076
0.888582
0.889007
0.889347
0.889602
0.88977
0.889851
0.889844
0.889749
0.889566
0.889293
0.88893
0.888478
0.887936
0.887305
0.886585
0.885777
0.884882
0.883901
0.882835
0.881687
0.880456
0.879146
0.877758
0.876294
0.874756
0.873147
0.871468
0.869724
0.867918
0.866052
0.864131
0.862157
0.860136
0.85807
0.855963
0.853819
0.851643
0.849439
0.847211
0.844965
0.842703
0.840432
0.838155
0.835876
0.833601
0.831332
0.829075
0.826832
0.824608
0.822407
0.820233
0.818088
0.815976
0.813899
0.811862
0.809864
0.80791
0.806001
0.804138
0.802322
0.800556
0.79884
0.797175
0.795562
0.794
0.792489
0.791032
0.789625
0.788267
0.786959
0.785698
0.784484
0.783316
0.782192
0.781112
0.780073
0.779074
0.778112
0.777187
0.776296
0.775438
0.774613
0.773819
0.773053
0.772313
0.771599
0.770909
0.770243
0.7696
0.768977
0.768376
0.767795
0.767233
0.766691
0.766168
0.765663
0.765176
0.764709
0.764259
0.763829
0.763419
0.763029
0.76266
0.762312
0.761985
0.761681
0.761399
0.761143
0.760913
0.760708
0.76053
0.760381
0.760261
0.760169
0.760109
0.760079
0.760083
0.760118
0.760187
0.76029
0.760427
0.760598
0.760805
0.761046
0.761322
0.761635
0.761982
0.762364
0.76278
0.76323
0.763712
0.764227
0.764773
0.765351
0.765958
0.766594
0.767259
0.76795
0.768665
0.769405
0.770167
0.770952
0.771758
0.772582
0.773422
0.774276
0.775143
0.776022
0.776908
0.777802
0.778701
0.779603
0.780506
0.78141
0.782312
0.783211
0.784104
0.784989
0.785865
0.78673
0.787582
0.78842
0.789241
0.790043
0.790824
0.791583
0.792319
0.79303
0.793714
0.794371
0.795
0.795599
0.796166
0.796701
0.797201
0.797666
0.798095
0.798487
0.798841
0.799156
0.799431
0.799667
0.799863
0.800019
0.800135
0.80021
0.800244
0.800235
0.800185
0.800094
0.799963
0.799792
0.799582
0.799332
0.799043
0.798717
0.798353
0.797953
0.797519
0.797051
0.79655
0.796018
0.795456
0.794866
0.794248
0.793605
0.792937
0.792247
0.791536
0.790807
0.790061
0.7893
0.788527
0.787742
0.786948
0.786145
0.785337
0.784526
0.783713
0.7829
0.78209
0.781285
0.780486
0.779693
0.77891
0.778138
0.777378
0.776633
0.775904
0.775192
0.774499
0.773827
0.773177
0.772551
0.771951
0.771377
0.770831
0.770313
0.769826
0.769371
0.768947
0.768557
0.768201
0.76788
0.767594
0.767344
0.767133
0.766961
0.766827
0.766731
0.766675
0.766659
0.766684
0.76675
0.766859
0.767009
0.767202
0.767437
0.767714
0.768034
0.768398
0.768805
0.769256
0.76975
0.770286
0.770865
0.771487
0.772151
0.772856
0.773603
0.774389
0.775213
0.776074
0.776973
0.777909
0.778878
0.779882
0.780918
0.781984
0.783076
0.784195
0.785338
0.786505
0.787691
0.788895
0.790115
0.791347
0.792589
0.793838
0.795092
0.796349
0.797605
0.798859
0.800108
0.801349
0.802579
0.803795
0.804995
0.806176
0.807337
0.808473
0.809584
0.810666
0.811719
0.81274
0.813726
0.814676
0.815587
0.816459
0.81729
0.818079
0.818825
0.819527
0.820184
0.820796
0.821361
0.821879
0.822348
0.822769
0.823143
0.823467
0.823743
0.82397
0.82415
0.82428
0.824364
0.824402
0.824393
0.824339
0.824239
0.824096
0.82391
0.823682
0.823412
0.823103
0.822754
0.822367
0.821945
0.821488
0.820999
0.820479
0.81993
0.819354
0.818753
0.818128
0.81748
0.816813
0.816127
0.815425
0.814709
0.813981
0.813244
0.812499
0.811748
0.810993
0.810237
0.809482
0.80873
0.807984
0.807247
0.80652
0.805805
0.805104
0.80442
0.803754
0.803107
0.802484
0.801884
0.801309
0.80076
0.800241
0.799752
0.799294
0.798869
0.798478
0.798122
0.797802
0.797517
0.797268
0.797057
0.796882
0.796746
0.796648
0.796588
0.796566
0.796581
0.796634
0.796725
0.796853
0.797017
0.797216
0.797449
0.797718
0.798019
0.798354
0.79872
0.799117
0.799543
0.799998
0.800481
0.80099
0.801526
0.802085
0.802668
0.803273
0.8039
0.804546
0.805212
0.805896
0.806595
0.80731
0.808039
0.80878
0.809534
0.8103
0.811075
0.81186
0.812652
0.813451
0.814256
0.815065
0.815878
0.816693
0.817509
0.818325
0.81914
0.819954
0.820767
0.821575
0.822379
0.823179
0.823973
0.824761
0.82554
0.826311
0.827071
0.82782
0.828558
0.829283
0.829995
0.830694
0.831378
0.832048
0.8327
0.833336
0.833955
0.834556
0.835138
0.835702
0.836247
0.836772
0.837277
0.837762
0.838225
0.838665
0.839083
0.839477
0.839847
0.840194
0.840517
0.840817
0.841093
0.841343
0.841568
0.841769
0.841946
0.842098
0.842225
0.842327
0.842406
0.842462
0.842494
0.842502
0.842489
0.842454
0.842398
0.842322
0.842225
0.842109
0.841973
0.841819
0.841646
0.841456
0.841248
0.841024
0.840785
0.840532
0.840265
0.839985
0.839691
0.839385
0.839068
0.83874
0.838402
0.838055
0.837698
0.837333
0.836958
0.836576
0.836185
0.835788
0.835383
0.834972
0.834555
0.834132
0.833701
0.833264
0.832819
0.832367
0.831908
0.831442
0.830969
0.830488
0.829999
0.829502
0.828997
0.828483
0.82796
0.827429
0.826891
0.826345
0.825791
0.825228
0.824656
0.824077
0.82349
0.822896
0.822294
0.821685
0.82107
0.820449
0.819824
0.819193
0.818558
0.817918
0.817275
0.816628
0.815978
0.815327
0.814674
0.814021
0.813368
0.812714
0.812061
0.811408
0.810756
0.810105
0.809456
0.80881
0.808166
0.807525
0.806887
0.806252
0.80562
0.80499
0.80436
0.803731
0.803102
0.802472
0.801843
0.801213
0.800582
0.799949
0.799313
0.798673
0.798029
0.797381
0.796726
0.796065
0.795397
0.79472
0.794034
0.793339
0.792633
0.791917
0.79119
0.790451
0.7897
0.788937
0.788161
0.787372
0.78657
0.785755
0.784926
0.784084
0.783229
0.782361
0.78148
0.780587
0.779682
0.778765
0.777838
0.776901
0.775954
0.774999
0.774037
0.773067
0.77209
0.771108
0.770124
0.769136
0.768147
0.767158
0.766172
0.765188
0.76421
0.763238
0.762274
0.761321
0.760379
0.759451
0.75854
0.757648
0.756776
0.755926
0.755102
0.754304
0.753536
0.752798
0.752094
0.751426
0.750795
0.750204
0.749653
0.749144
0.74868
0.748263
0.747893
0.747572
0.747301
0.747081
0.746913
0.746799
0.746738
0.746732
0.74678
0.746883
0.747041
0.747254
0.747522
0.747845
0.748222
0.748652
0.749134
0.749667
0.750249
0.75088
0.751558
0.752281
0.753047
0.753856
0.754705
0.755592
0.756517
0.757477
0.758468
0.75949
0.760539
0.761615
0.762714
0.763835
0.764974
0.766132
0.767304
0.768491
0.769688
0.770895
0.77211
0.773329
0.774552
0.775778
0.777003
0.778228
0.779451
0.78067
0.781886
0.783096
0.784299
0.785497
0.786686
0.787866
0.789037
0.790198
0.79135
0.792492
0.793624
0.794746
0.795857
0.79696
0.798054
0.799138
0.800214
0.801281
0.802339
0.803389
0.804431
0.805466
0.806495
0.807518
0.808537
0.809552
0.810563
0.811572
0.81258
0.813585
0.814588
0.815589
0.816589
0.817589
0.818587
0.819585
0.820582
0.821578
0.822574
0.823568
0.824562
0.825555
0.826546
0.827536
0.828523
0.829506
0.830486
0.831461
0.83243
0.833392
0.834347
0.835293
0.836229
0.837155
0.83807
0.838971
0.839858
0.840729
0.841582
0.842418
0.843235
0.844032
0.844808
0.845561
0.84629
0.846994
0.847673
0.848325
0.84895
0.849548
0.850117
0.850656
0.851166
0.851645
0.852093
0.852509
0.852893
0.853246
0.853568
0.85386
0.854119
0.854348
0.854544
0.85471
0.854846
0.854953
0.855031
0.855081
0.855105
0.855101
0.855073
0.85502
0.854944
0.854848
0.854731
0.854594
0.854438
0.854263
0.854071
0.853864
0.853642
0.853406
0.853159
0.852901
0.852635
0.852361
0.85208
0.851795
0.851504
0.851211
0.850916
0.85062
0.850323
0.850027
0.849733
0.849441
0.849152
0.848866
0.848584
0.848308
0.848036
0.84777
0.84751
0.847257
0.847011
0.846772
0.84654
0.846314
0.846093
0.845878
0.845669
0.845465
0.845267
0.845074
0.844884
0.844698
0.844515
0.844334
0.844157
0.843982
0.843808
0.843633
0.843459
0.843282
0.843103
0.842919
0.842733
0.842543
0.84235
0.842151
0.841944
0.841729
0.841506
0.841272
0.841027
0.840771
0.840503
0.840223
0.839929
0.839621
0.839298
0.838959
0.838604
0.838232
0.837843
0.837438
0.837014
0.836571
0.836109
0.835627
0.835124
0.834601
0.834056
0.833491
0.832904
0.832294
0.831662
0.831007
0.830329
0.829627
0.828903
0.828156
0.827385
0.826591
0.825774
0.824935
0.824072
0.823184
0.822271
0.821333
0.82037
0.819384
0.818373
0.817336
0.816276
0.815192
0.814085
0.812954
0.8118
0.810626
0.809429
0.808211
0.806972
0.805711
0.804431
0.80313
0.80181
0.800473
0.799119
0.79775
0.796367
0.794971
0.793566
0.792151
0.790728
0.789299
0.787865
0.786428
0.784989
0.783552
0.782118
0.780689
0.779267
0.777854
0.776451
0.775062
0.773688
0.772332
0.770995
0.769681
0.768393
0.767132
0.7659
0.7647
0.763534
0.762404
0.761312
0.760261
0.759253
0.758289
0.75737
0.756498
0.755675
0.754901
0.754178
0.753507
0.752888
0.752325
0.751817
0.751366
0.750971
0.750632
0.75035
0.750125
0.749956
0.749843
0.749786
0.749784
0.749838
0.749946
0.750107
0.75032
0.750584
0.750898
0.75126
0.75167
0.752125
0.752624
0.753165
0.753746
0.754365
0.755019
0.755706
0.756424
0.757169
0.75794
0.758733
0.759547
0.76038
0.761229
0.762089
0.762958
0.763835
0.764716
0.765599
0.76648
0.767358
0.768228
0.769091
0.769943
0.770783
0.771606
0.772413
0.773199
0.773961
0.774698
0.775407
0.776087
0.776737
0.777354
0.777939
0.778489
0.779003
0.779481
0.779922
0.780323
0.780684
0.781004
0.781284
0.781522
0.781719
0.781875
0.781991
0.782066
0.782101
0.782097
0.782055
0.781974
0.781856
0.781703
0.781515
0.781295
0.781043
0.780759
0.780446
0.780107
0.779742
0.779352
0.778939
0.778506
0.778055
0.777588
0.777105
0.776607
0.776097
0.775576
0.775045
0.774507
0.773961
0.773412
0.77286
0.772307
0.771754
0.771202
0.770653
0.770108
0.769569
0.769036
0.768511
0.767995
0.76749
0.766995
0.766513
0.766043
0.765587
0.765145
0.764719
0.76431
0.763919
0.763546
0.76319
0.762853
0.762534
0.762235
0.761956
0.761698
0.761461
0.761247
0.761054
0.760884
0.760736
0.76061
0.760508
0.760429
0.760375
0.760345
0.760341
0.760362
0.76041
0.760484
0.760583
0.760708
0.76086
0.76104
0.761249
0.761486
0.761752
0.762046
0.762368
0.76272
0.763102
0.763514
0.763956
0.764428
0.764929
0.76546
0.766019
0.766607
0.767224
0.767868
0.76854
0.769239
0.769965
0.770716
0.771492
0.772292
0.773115
0.773959
0.774825
0.77571
0.776614
0.777535
0.778474
0.779429
0.780397
0.781378
0.78237
0.783373
0.784384
0.785401
0.786425
0.787452
0.788482
0.789514
0.790548
0.79158
0.792609
0.793635
0.794655
0.795669
0.796676
0.797676
0.798668
0.799652
0.800625
0.801588
0.80254
0.803481
0.804412
0.805331
0.80624
0.807137
0.808022
0.808897
0.809762
0.810616
0.811462
0.8123
0.813131
0.813955
0.814773
0.815586
0.816394
0.817199
0.818001
0.818801
0.8196
0.820401
0.821203
0.822009
0.82282
0.823636
0.824459
0.825288
0.826123
0.826966
0.827818
0.828679
0.829548
0.830427
0.831316
0.832215
0.833124
0.834044
0.834974
0.835915
0.836866
0.837826
0.838795
0.839771
0.840754
0.841744
0.84274
0.843741
0.844746
0.845753
0.846762
0.84777
0.848777
0.84978
0.850779
0.851772
0.852758
0.853736
0.854704
0.85566
0.856602
0.857529
0.858439
0.859331
0.860204
0.861056
0.861885
0.862689
0.863467
0.864217
0.864938
0.865629
0.866289
0.866916
0.867508
0.868066
0.86859
0.869078
0.86953
0.869945
0.870321
0.87066
0.870961
0.871223
0.871446
0.87163
0.871775
0.871882
0.871948
0.871973
0.871958
0.871903
0.871807
0.871671
0.871495
0.871281
0.871028
0.870735
0.870403
0.870035
0.869628
0.869183
0.868702
0.868184
0.86763
0.867042
0.866419
0.865761
0.86507
0.864345
0.863588
0.862799
0.861979
0.86113
0.860252
0.859345
0.85841
0.857449
0.856461
0.855447
0.854408
0.853345
0.852259
0.851151
0.850023
0.848877
0.847713
0.846532
0.845336
0.844124
0.8429
0.841664
0.840419
0.839164
0.837902
0.836635
0.835361
0.834084
0.832805
0.831526
0.830248
0.828973
0.827701
0.826437
0.82518
0.823932
0.822695
0.821472
0.820262
0.819068
0.817891
0.816732
0.815594
0.814478
0.813384
0.812315
0.811272
0.810255
0.809266
0.808307
0.807377
0.806479
0.805613
0.804781
0.803982
0.803217
0.802487
0.801792
0.801134
0.800512
0.799927
0.799378
0.798866
0.798389
0.797947
0.797541
0.797169
0.796832
0.796528
0.796258
0.796019
0.795813
0.795637
0.79549
0.795371
0.795279
0.795212
0.795169
0.795147
0.795147
0.795166
0.795202
0.795254
0.795319
0.795396
0.795485
0.795583
0.795688
0.795796
0.795908
0.796021
0.796133
0.796242
0.796348
0.796449
0.796543
0.796627
0.7967
0.796762
0.796808
0.796839
0.796852
0.796846
0.796821
0.796775
0.796706
0.796614
0.796496
0.796353
0.796183
0.795984
0.795756
0.795497
0.795207
0.794884
0.79453
0.794143
0.793723
0.793267
0.792777
0.792253
0.791692
0.791096
0.790463
0.789795
0.789092
0.788352
0.787577
0.786766
0.78592
0.785038
0.784121
0.78317
0.782185
0.781167
0.780116
0.779036
0.777925
0.776786
0.775619
0.774425
0.773207
0.771965
0.770702
0.76942
0.76812
0.766804
0.765473
0.764128
0.762773
0.761408
0.760036
0.75866
0.75728
0.7559
0.754522
0.753147
0.751778
0.750416
0.749066
0.747728
0.746405
0.7451
0.743816
0.742555
0.741319
0.740109
0.738928
0.737779
0.736664
0.735586
0.734545
0.733545
0.732587
0.731676
0.730812
0.729998
0.729234
0.728525
0.727872
0.727277
0.726743
0.726271
0.725863
0.725522
0.725248
0.725043
0.724911
0.724852
0.724868
0.724959
0.725128
0.725375
0.725701
0.726108
0.726596
0.727165
0.727818
0.728553
0.729372
0.730274
0.731258
0.732323
0.733469
0.734695
0.736
0.737381
0.738838
0.740368
0.74197
0.74364
0.745378
0.74718
0.749043
0.750965
0.752943
0.754974
0.757054
0.759181
0.76135
0.763557
0.765799
0.768071
0.77037
0.772692
0.775034
0.777391
0.77976
0.782136
0.784515
0.786893
0.789265
0.791628
0.79398
0.796315
0.79863
0.800921
0.803184
0.805415
0.807613
0.809772
0.811891
0.813966
0.815995
0.817976
0.819905
0.82178
0.823598
0.825358
0.827058
0.828697
0.830272
0.831781
0.833224
0.834597
0.835901
0.837132
0.838292
0.83938
0.840394
0.841332
0.842196
0.842984
0.843697
0.844333
0.844892
0.845375
0.845781
0.846111
0.846365
0.846543
0.846645
0.846671
0.846623
0.846501
0.846305
0.846037
0.845696
0.845286
0.844806
0.844257
0.843641
0.842959
0.842212
0.841402
0.840529
0.839597
0.838606
0.837559
0.836456
0.835299
0.834092
0.832837
0.831535
0.830189
0.828799
0.827369
0.825901
0.824396
0.822859
0.82129
0.819693
0.818069
0.816423
0.814757
0.813074
0.811374
0.809663
0.807943
0.806216
0.804485
0.802752
0.801021
0.799295
0.797575
0.795866
0.79417
0.792489
0.790826
0.789184
0.787565
0.785973
0.784411
0.782883
0.781391
0.779934
0.778516
0.777138
0.775803
0.774512
0.773266
0.772067
0.77092
0.769824
0.76878
0.767792
0.766858
0.765982
0.765162
0.764402
0.763703
0.763064
0.762488
0.761974
0.761524
0.761137
0.760813
0.760554
0.76036
0.76023
0.760166
0.760168
0.760236
0.760368
0.760566
0.760828
0.761154
0.761543
0.761995
0.762508
0.763083
0.763719
0.764414
0.765168
0.765979
0.766849
0.767775
0.768756
0.769791
0.770877
0.772014
0.773199
0.774431
0.775709
0.777031
0.778396
0.779801
0.781244
0.782724
0.784239
0.785787
0.787365
0.788971
0.790604
0.79226
0.793936
0.795631
0.797342
0.799065
0.800799
0.802541
0.804287
0.806036
0.807784
0.809529
0.811266
0.812993
0.814709
0.81641
0.818093
0.819756
0.821395
0.823007
0.82459
0.826142
0.82766
0.829141
0.830582
0.831981
0.833336
0.834644
0.835904
0.837113
0.838269
0.83937
0.840415
0.841403
0.842332
0.843201
0.844009
0.844755
0.845438
0.846059
0.846615
0.847107
0.847533
0.847896
0.848193
0.848427
0.848595
0.848699
0.848739
0.848715
0.848629
0.84848
0.84827
0.848001
0.847671
0.847283
0.846838
0.846338
0.845782
0.845173
0.844511
0.843798
0.843038
0.84223
0.841376
0.840478
0.839539
0.838559
0.837541
0.836488
0.835401
0.834285
0.83314
0.831968
0.830773
0.829556
0.828319
0.827064
0.825794
0.824511
0.823218
0.821917
0.820612
0.819304
0.817998
0.816696
0.815402
0.814118
0.812846
0.81159
0.810352
0.809136
0.807944
0.80678
0.805647
0.804547
0.803482
0.802456
0.801471
0.80053
0.799635
0.798789
0.797993
0.797252
0.796567
0.79594
0.795372
0.794865
0.794422
0.794043
0.79373
0.793483
0.793302
0.793189
0.793144
0.793165
0.793255
0.793412
0.793635
0.793922
0.794274
0.79469
0.795167
0.795705
0.796301
0.796953
0.797659
0.798415
0.799221
0.800073
0.800967
0.801902
0.802873
0.803879
0.804913
0.805972
0.807053
0.808151
0.809264
0.810387
0.811516
0.812646
0.813774
0.814896
0.816008
0.817105
0.818185
0.819241
0.820271
0.821269
0.822233
0.823158
0.82404
0.824877
0.825664
0.826398
0.827075
0.827693
0.828248
0.828739
0.829162
0.829514
0.829794
0.829998
0.830126
0.830176
0.830146
0.830035
0.829843
0.829568
0.82921
0.828768
0.828244
0.827636
0.826945
0.826172
0.825318
0.824384
0.823372
0.822282
0.821116
0.819878
0.818569
0.817191
0.815747
0.814239
0.81267
0.811044
0.809362
0.807629
0.805848
0.804022
0.802156
0.800253
0.798316
0.79635
0.794362
0.792353
0.790329
0.788293
0.78625
0.784203
0.782157
0.780118
0.77809
0.776076
0.774081
0.772109
0.770164
0.768249
0.76637
0.764529
0.762731
0.760979
0.759278
0.757631
0.756041
0.754512
0.753048
0.751649
0.750321
0.749065
0.747884
0.746781
0.745756
0.744813
0.743953
0.743178
0.74249
0.741889
0.741379
0.740958
0.740628
0.740388
0.740239
0.740183
0.740217
0.740343
0.74056
0.740868
0.741266
0.741753
0.742328
0.74299
0.743738
0.74457
0.745484
0.746478
0.747551
0.748701
0.749925
0.751222
0.752589
0.754023
0.755521
0.757082
0.758702
0.760377
0.762104
0.763882
0.765706
0.767573
0.769481
0.771426
0.773404
0.775414
0.777451
0.779513
0.781596
0.783698
0.785814
0.787942
0.790078
0.792222
0.794368
0.796516
0.798661
0.800802
0.802936
0.805061
0.807175
0.809277
0.811363
0.813433
0.815484
0.817514
0.819523
0.821509
0.82347
0.825406
0.827315
0.829196
0.831048
0.832872
0.834665
0.836427
0.838158
0.839858
0.841525
0.84316
0.844764
0.846336
0.847876
0.849384
0.850859
0.852303
0.853716
0.855098
0.856448
0.857768
0.859057
0.860315
0.861542
0.86274
0.863907
0.865045
0.866153
0.867231
0.868281
0.869301
0.870295
0.87126
0.872198
0.873109
0.873993
0.874851
0.875684
0.876491
0.877273
0.878029
0.878761
0.879469
0.880152
0.880809
0.881442
0.882049
0.882631
0.883187
0.883717
0.884221
0.884698
0.885146
0.885567
0.88596
0.886324
0.886661
0.886967
0.887244
0.88749
0.887702
0.887881
0.888026
0.888136
0.88821
0.888249
0.888249
0.888211
0.888133
0.888013
0.887851
0.887645
0.887396
0.887101
0.886759
0.88637
0.88593
0.88544
0.884898
0.884303
0.883655
0.882952
0.882191
0.881375
0.880501
0.879566
0.878571
0.877515
0.876396
0.875214
0.873969
0.87266
0.871288
0.869852
0.86835
0.866784
0.865153
0.863458
0.861697
0.859872
0.857981
0.856026
0.854007
0.851924
0.849779
0.847572
0.845304
0.842977
0.840592
0.83815
0.835652
0.833101
0.830496
0.827841
0.825138
0.822387
0.819591
0.816753
0.813873
0.810955
0.808002
0.805016
0.801999
0.798955
0.795887
0.792798
0.78969
0.786568
0.783435
0.780294
0.777147
0.774
0.770855
0.767716
0.764587
0.761472
0.758375
0.755302
0.752254
0.749237
0.746255
0.743312
0.740411
0.737558
0.734756
0.73201
0.729325
0.726704
0.724152
0.721673
0.719271
0.716951
0.714716
0.712568
0.710513
0.708554
0.706694
0.704938
0.703287
0.701745
0.700314
0.698997
0.697797
0.696716
0.695756
0.694919
0.694207
0.69362
0.69316
0.692826
0.69262
0.692541
0.69259
0.692767
0.693071
0.693501
0.694057
0.694737
0.695539
0.696461
0.697501
0.698658
0.699927
0.701308
0.702797
0.704391
0.706087
0.707882
0.709772
0.711753
0.713822
0.715975
0.718206
0.720513
0.72289
0.725335
0.727843
0.73041
0.733032
0.735704
0.738421
0.74118
0.743976
0.746804
0.749661
0.752542
0.755444
0.758362
0.761291
0.764228
0.767169
0.77011
0.773045
0.775973
0.778888
0.78179
0.784672
0.787532
0.790367
0.793173
0.795947
0.798688
0.801391
0.804054
0.806675
0.80925
0.811778
0.814256
0.816682
0.819054
0.82137
0.823627
0.825824
0.827958
0.830027
0.83203
0.833966
0.835832
0.837629
0.839354
0.841005
0.842579
0.844076
0.845493
0.84683
0.848086
0.849258
0.850347
0.851351
0.852268
0.853098
0.853842
0.854498
0.855065
0.855544
0.855933
0.85623
0.856436
0.85655
0.856573
0.856503
0.856341
0.856088
0.855743
0.855305
0.854774
0.854151
0.853436
0.85263
0.851733
0.850746
0.84967
0.848505
0.847253
0.845915
0.844493
0.842987
0.841398
0.839728
0.837979
0.836151
0.834246
0.832268
0.830217
0.828096
0.825906
0.823652
0.821334
0.818957
0.816521
0.81403
0.811486
0.808893
0.806254
0.803571
0.800847
0.798086
0.795293
0.792472
0.789624
0.786755
0.783867
0.780965
0.778051
0.775132
0.772212
0.769295
0.766384
0.763485
0.760602
0.757739
0.754902
0.752094
0.749321
0.746589
0.743901
0.741263
0.738678
0.736153
0.733691
0.731298
0.728979
0.726736
0.724575
0.7225
0.720515
0.718623
0.716828
0.715135
0.713545
0.712062
0.710688
0.709427
0.708281
0.707253
0.706344
0.705556
0.704889
0.704344
0.703923
0.703626
0.703452
0.703401
0.703474
0.70367
0.703986
0.704423
0.704977
0.705647
0.70643
0.707324
0.708326
0.709432
0.71064
0.711945
0.713344
0.714835
0.716412
0.718071
0.719808
0.721618
0.723496
0.725439
0.727442
0.7295
0.731608
0.733763
0.735959
0.738192
0.740458
0.742752
0.745068
0.747405
0.749756
0.752119
0.754489
0.756861
0.759232
0.761597
0.763953
0.766296
0.768624
0.770932
0.773217
0.775478
0.77771
0.77991
0.782077
0.784207
0.786298
0.788348
0.790354
0.792314
0.794227
0.796091
0.797905
0.799667
0.801376
0.803031
0.804629
0.806171
0.807655
0.809081
0.810448
0.811755
0.813002
0.814188
0.815315
0.816382
0.81739
0.818339
0.819229
0.820059
0.82083
0.821543
0.822198
0.822797
0.823341
0.823829
0.824263
0.824645
0.824978
0.82526
0.825494
0.82568
0.825819
0.825915
0.825968
0.825979
0.825951
0.825883
0.825777
0.825636
0.82546
0.825252
0.825013
0.824745
0.82445
0.824129
0.823784
0.823416
0.823028
0.822621
