-6.201979e+00
-6.080963e+00
-5.931755e+00
-5.789432e+00
-5.755419e+00
-5.712337e+00
-5.667800e+00
-5.658423e+00
-5.617539e+00
-5.597586e+00
-5.654227e+00
-5.620872e+00
-5.633806e+00
-5.552954e+00
-5.556550e+00
-5.576191e+00
-5.546909e+00
-5.510930e+00
-5.467883e+00
-5.488314e+00
-5.443194e+00
-5.414534e+00
-5.407141e+00
-5.284713e+00
-5.283708e+00
-5.253709e+00
-5.325406e+00
-5.372061e+00
-5.381885e+00
-5.424833e+00
-5.526735e+00
-5.510588e+00
-5.384263e+00
-5.400191e+00
-5.413619e+00
-5.418871e+00
-5.347806e+00
-5.258597e+00
-5.239384e+00
-5.253925e+00
-5.257648e+00
-5.222930e+00
-5.243186e+00
-5.263769e+00
-5.313337e+00
-5.229075e+00
-5.123987e+00
-5.228962e+00
-5.210198e+00
-5.265311e+00
-5.278100e+00
-5.237961e+00
-5.315052e+00
-5.304353e+00
-5.204752e+00
-5.177677e+00
-5.216791e+00
-5.272771e+00
-5.238443e+00
-5.286586e+00
-5.336978e+00
-5.245387e+00
-5.202072e+00
-5.240080e+00
-5.290561e+00
-5.311436e+00
-5.294375e+00
-5.326623e+00
-5.337846e+00
-5.310288e+00
-5.306145e+00
-5.235719e+00
-5.293287e+00
-5.295473e+00
-5.237705e+00
-5.333919e+00
-5.346797e+00
-5.315359e+00
-5.194371e+00
-5.207265e+00
-5.195865e+00
-5.145286e+00
-5.196217e+00
-5.183983e+00
-5.145216e+00
-5.163331e+00
-5.214976e+00
-5.145955e+00
-5.131003e+00
-5.146578e+00
-5.181579e+00
-5.228194e+00
-5.104587e+00
-5.060357e+00
-5.068390e+00
-5.034546e+00
-4.938356e+00
-5.061934e+00
-5.025411e+00
-4.964049e+00
-4.956373e+00
-5.045679e+00
-5.125990e+00
-5.167615e+00
-5.154764e+00
-5.132650e+00
-5.072989e+00
-5.020514e+00
-5.097950e+00
-5.193444e+00
-5.263727e+00
-5.104517e+00
-5.157520e+00
-5.193327e+00
-5.201551e+00
-5.231393e+00
-5.276833e+00
-5.281769e+00
-5.340881e+00
-5.294545e+00
-5.310963e+00
-5.264170e+00
-5.246044e+00
-5.129281e+00
-5.113630e+00
-5.110836e+00
-5.095516e+00
-5.211786e+00
-5.169153e+00
-5.217740e+00
-5.221905e+00
-5.202168e+00
-5.203912e+00
-5.108116e+00
-5.172565e+00
-5.093979e+00
-5.102740e+00
-5.172356e+00
-5.147924e+00
-5.188524e+00
-5.179158e+00
-5.278954e+00
-5.262399e+00
-5.218519e+00
-5.229297e+00
-5.150222e+00
-5.124866e+00
-5.105664e+00
-5.233344e+00
-5.235213e+00
-5.257752e+00
-5.298553e+00
-5.253800e+00
-5.299566e+00
-5.278176e+00
-5.230766e+00
-5.285385e+00
-5.270384e+00
-5.302301e+00
-5.350447e+00
-5.281404e+00
-5.245732e+00
-5.288320e+00
-5.206054e+00
-5.281642e+00
-5.276104e+00
-5.257744e+00
-5.297642e+00
-5.262239e+00
-5.243656e+00
-5.171514e+00
-5.143358e+00
-5.124789e+00
-5.116039e+00
-5.197150e+00
-5.146901e+00
-5.130146e+00
-5.098690e+00
-5.098445e+00
-5.061750e+00
-5.076726e+00
-5.165542e+00
-5.091548e+00
-5.085610e+00
-5.204905e+00
-5.170471e+00
-5.058553e+00
-5.093478e+00
-5.128768e+00
-5.169708e+00
-4.974868e+00
-5.083769e+00
-5.021027e+00
-5.009958e+00
-5.032556e+00
-5.017103e+00
-5.006145e+00
-5.037862e+00
-5.182198e+00
-5.138728e+00
-5.160529e+00
-5.110503e+00
-5.027602e+00
-4.991252e+00
-4.956178e+00
-5.045945e+00
-5.034416e+00
-5.028753e+00
-5.077157e+00
-5.129023e+00
-5.105143e+00
-5.135838e+00
-5.065666e+00
-5.210897e+00
-5.285186e+00
-5.219628e+00
-5.168263e+00
-5.197746e+00
-5.239154e+00
-5.274835e+00
-5.253954e+00
-5.195468e+00
-5.259443e+00
-5.179887e+00
-5.185214e+00
-5.228542e+00
-5.253961e+00
-5.217293e+00
-5.164383e+00
-5.178670e+00
-5.147326e+00
-5.101412e+00
-5.160748e+00
-5.191584e+00
-5.118219e+00
-5.061070e+00
-4.969589e+00
-5.111343e+00
-5.067776e+00
-5.082333e+00
-5.091899e+00
-5.099198e+00
-5.125402e+00
-5.020515e+00
-5.204384e+00
-5.239623e+00
-5.227622e+00
-5.137256e+00
-5.179911e+00
-5.244933e+00
-5.157439e+00
-5.172574e+00
-5.160413e+00
-5.085617e+00
-5.182760e+00
-5.124583e+00
-5.148512e+00
-5.185209e+00
-5.201243e+00
-5.254133e+00
-5.151562e+00
-5.218154e+00
-5.094083e+00
-4.977590e+00
-5.001376e+00
-5.124669e+00
-5.030536e+00
-5.021583e+00
-5.045449e+00
-5.144993e+00
-5.058827e+00
-5.178135e+00
-5.157194e+00
-5.123410e+00
-5.217117e+00
-5.136164e+00
-5.083955e+00
-5.076684e+00
-5.008988e+00
-5.033428e+00
-5.137916e+00
-5.144069e+00
-5.156244e+00
-5.163314e+00
-5.115002e+00
-5.232925e+00
-5.119077e+00
-5.103662e+00
-5.195220e+00
-5.066995e+00
-5.080499e+00
-5.126513e+00
-5.082367e+00
-5.021983e+00
-4.946044e+00
-4.998443e+00
-5.019642e+00
-5.080324e+00
-5.078349e+00
-5.062624e+00
-5.070959e+00
-5.084404e+00
-5.004732e+00
-5.111879e+00
-5.040497e+00
-5.073316e+00
-5.068401e+00
-4.918046e+00
-4.874643e+00
-4.905624e+00
-4.933185e+00
-4.985940e+00
-5.021882e+00
-5.050451e+00
-5.052478e+00
-5.113549e+00
-5.182452e+00
-5.198786e+00
-5.146986e+00
-5.191095e+00
-5.257826e+00
-5.255482e+00
-5.208054e+00
-5.221783e+00
-5.262914e+00
-5.127626e+00
-5.018268e+00
-5.095478e+00
-5.111725e+00
-4.963189e+00
-4.999710e+00
-5.083680e+00
-4.992700e+00
-4.987581e+00
-5.062551e+00
-5.000822e+00
-4.987337e+00
-4.994007e+00
-4.997609e+00
-5.134194e+00
-5.078444e+00
-5.125618e+00
-5.137477e+00
-5.248580e+00
-5.251566e+00
-5.206648e+00
-5.093369e+00
-5.103660e+00
-5.153724e+00
-5.122321e+00
-5.136411e+00
-5.107045e+00
-5.005119e+00
-5.046091e+00
-4.991304e+00
-5.014755e+00
-5.133581e+00
-5.161439e+00
-5.113122e+00
-5.140087e+00
-5.138122e+00
-5.125127e+00
-5.181062e+00
-5.102343e+00
-5.138345e+00
-5.159297e+00
-5.172778e+00
-5.134429e+00
-5.029142e+00
-5.127957e+00
-5.151600e+00
-5.113231e+00
-5.038848e+00
-4.988733e+00
-4.864278e+00
-4.968196e+00
-5.055215e+00
-5.018873e+00
-4.843951e+00
-4.978572e+00
-5.014940e+00
-4.955696e+00
-4.894322e+00
-5.031673e+00
-5.042621e+00
-5.032404e+00
-5.039257e+00
-4.983756e+00
-4.992334e+00
-4.973493e+00
-5.005969e+00
-4.981091e+00
-4.913616e+00
-4.948227e+00
-4.848308e+00
-4.862531e+00
-4.811510e+00
-4.750701e+00
-4.864171e+00
-4.860271e+00
-4.897911e+00
-4.870806e+00
-4.896908e+00
-4.802838e+00
-4.855042e+00
-5.026945e+00
-5.019010e+00
-5.097685e+00
-5.074664e+00
-5.087743e+00
-5.119507e+00
-5.191597e+00
-5.145163e+00
-5.179134e+00
-5.248381e+00
-5.130909e+00
-5.100295e+00
-5.129325e+00
-5.062008e+00
-5.036656e+00
-4.981989e+00
-5.028284e+00
-5.035409e+00
-5.058000e+00
-4.990194e+00
-4.936841e+00
-4.980116e+00
-5.002544e+00
-5.079255e+00
-5.127166e+00
-5.126071e+00
-5.212580e+00
-5.227513e+00
-5.069413e+00
-5.089902e+00
-5.053221e+00
-5.082147e+00
-5.005196e+00
-5.101960e+00
-5.058307e+00
-4.940920e+00
-4.951010e+00
-4.929902e+00
-4.882416e+00
-4.984410e+00
-4.900727e+00
-4.859185e+00
-4.907508e+00
-4.915012e+00
-4.848909e+00
-4.878480e+00
-4.830318e+00
-4.940099e+00
-4.946340e+00
-5.028264e+00
-4.920076e+00
-5.005295e+00
-5.084968e+00
-5.135439e+00
-5.114704e+00
-5.042040e+00
-5.006512e+00
-5.003514e+00
-4.979174e+00
-5.037445e+00
-5.074154e+00
-5.013284e+00
-5.028464e+00
-5.057711e+00
-5.079167e+00
-5.181289e+00
-5.123307e+00
-4.994833e+00
-4.997744e+00
-4.908990e+00
-4.884450e+00
-5.040964e+00
-5.060703e+00
-5.052807e+00
-5.102623e+00
-5.080141e+00
-5.061451e+00
-5.042040e+00
-5.157516e+00
-5.070631e+00
-4.990631e+00
-4.967324e+00
-4.988014e+00
-5.031124e+00
-5.000742e+00
-4.945596e+00
-5.105790e+00
-5.211158e+00
-5.144678e+00
-5.188164e+00
-5.139538e+00
-5.161773e+00
-5.061923e+00
-5.175796e+00
-5.074910e+00
-4.978755e+00
-5.051554e+00
-4.992696e+00
-5.036658e+00
-5.009962e+00
-5.002765e+00
-4.986740e+00
-4.966160e+00
-4.937889e+00
-5.019845e+00
-5.004258e+00
-4.938016e+00
-5.050874e+00
-5.029631e+00
-5.063757e+00
-5.106822e+00
-5.096842e+00
-5.156136e+00
-5.051980e+00
-5.132113e+00
-5.192153e+00
-5.162775e+00
-5.163525e+00
-5.130776e+00
-5.158415e+00
-5.217945e+00
-5.175927e+00
-5.243482e+00
-5.239470e+00
-5.165418e+00
-5.141014e+00
-5.101969e+00
-5.172099e+00
-5.072694e+00
-5.180181e+00
-5.149562e+00
-5.183192e+00
-5.182780e+00
-5.086842e+00
-5.011913e+00
-5.074836e+00
-5.109527e+00
-4.931886e+00
-4.895063e+00
-4.959989e+00
-5.046079e+00
-5.078336e+00
-5.086330e+00
-5.111425e+00
-5.146317e+00
-5.160868e+00
-5.148909e+00
-5.130084e+00
-5.210241e+00
-5.160369e+00
-5.209042e+00
-5.134839e+00
-5.221379e+00
-5.147165e+00
-5.183493e+00
-5.186149e+00
-5.042728e+00
-5.128706e+00
-5.091865e+00
-4.978346e+00
-4.994806e+00
-5.012633e+00
-5.054725e+00
-4.974456e+00
-4.890118e+00
-5.033144e+00
-5.004365e+00
-5.038062e+00
-5.039831e+00
-4.996900e+00
-5.018679e+00
-5.050784e+00
-5.068116e+00
-5.101234e+00
-5.137962e+00
-5.121056e+00
-5.086314e+00
-5.073146e+00
-5.090561e+00
-5.033816e+00
-5.057131e+00
-5.048558e+00
-4.961264e+00
-5.013820e+00
-5.054274e+00
-5.099519e+00
-4.992539e+00
-5.052586e+00
-5.112243e+00
-5.146946e+00
-5.105781e+00
-5.160224e+00
-5.142828e+00
-5.187057e+00
-5.137944e+00
