1
1.41492
1.72569
2.00192
2.23167
2.45005
2.64292
2.82383
2.99831
3.16533
3.32457
3.46238
3.60893
3.73996
3.87177
3.99643
4.11822
4.23837
4.36256
4.48408
4.6036
4.70532
4.80303
4.89808
5.00229
5.10472
5.19496
5.29377
5.39086
5.48263
5.57284
5.66376
5.75541
5.84632
5.92791
6.01459
6.10817
6.1854
6.26409
6.3465
6.42447
6.4989
6.57113
6.65147
6.70401
6.77945
6.85562
6.93507
7.00483
7.07912
7.14145
7.2099
7.27937
7.3553
7.44232
7.51325
7.57471
7.63832
7.69856
7.75385
7.81085
7.86496
7.93348
8.0085
8.07462
8.13918
8.18866
8.26305
8.31491
8.37993
8.44385
8.50684
8.57054
8.63135
8.69048
8.73049
8.78532
8.83162
8.88589
8.94383
9.01
9.06009
9.12038
9.16215
9.21843
9.26531
9.32636
9.36911
9.41963
9.47286
9.52295
9.57821
9.62585
9.67985
9.73665
9.79401
9.83984
9.89803
9.9535
10.0021
