1
1.4084
1.7343
2.00065
2.23374
2.4436
2.63389
2.81418
2.98355
3.1449
3.30491
3.44917
3.58751
3.71233
3.84292
3.96696
4.09013
4.21015
4.33643
4.45102
4.54909
4.66079
4.77248
4.88045
4.98026
5.07107
5.16521
5.26196
5.34956
5.43224
5.52045
5.6109
5.69939
5.78486
5.87404
5.97393
6.05607
6.14244
6.22093
6.31606
6.38674
6.45655
6.54518
6.6174
6.69152
6.76027
6.83544
6.9065
6.98126
7.05667
7.12866
7.19304
7.26591
7.33179
7.39235
7.4619
7.53646
7.5973
7.65919
7.7259
7.79483
7.8576
7.91453
7.96974
8.02835
8.08659
8.14893
8.21154
8.26961
8.3311
8.39288
8.45392
8.51307
8.5754
8.63542
8.70013
8.76053
8.82037
8.88612
8.9339
8.99799
9.0464
9.10733
9.1608
9.20206
9.26379
9.3187
9.36821
9.42287
9.47185
9.52264
9.57503
9.62414
9.67298
9.72242
9.79069
9.85317
9.91124
9.96488
10.0162
