4.202367e+01
3.661355e+01
3.231453e+01
3.035621e+01
2.822971e+01
2.664300e+01
2.473701e+01
2.302597e+01
2.234439e+01
2.167395e+01
1.986637e+01
1.955595e+01
1.950955e+01
1.925192e+01
1.870055e+01
1.848817e+01
1.848817e+01
1.728600e+01
1.658722e+01
1.638572e+01
1.605471e+01
1.604456e+01
1.599801e+01
1.550605e+01
1.548239e+01
1.529073e+01
1.513462e+01
1.513462e+01
1.513462e+01
1.463457e+01
1.463457e+01
1.461969e+01
1.454341e+01
1.453301e+01
1.453301e+01
1.451817e+01
1.451817e+01
1.451817e+01
1.390714e+01
1.385929e+01
1.385929e+01
1.356405e+01
1.356405e+01
1.356405e+01
1.356405e+01
1.297018e+01
1.297018e+01
1.297018e+01
1.296003e+01
1.296003e+01
1.296003e+01
1.296003e+01
1.227610e+01
1.227610e+01
1.227610e+01
1.227610e+01
1.227610e+01
1.227610e+01
1.227610e+01
1.227610e+01
1.227610e+01
1.227610e+01
1.227610e+01
1.227610e+01
1.227610e+01
1.227610e+01
1.227610e+01
1.227610e+01
1.226160e+01
1.226160e+01
1.226160e+01
1.226160e+01
1.226160e+01
1.226160e+01
1.226160e+01
1.226160e+01
1.226160e+01
1.226160e+01
1.226160e+01
1.226160e+01
1.213488e+01
1.065976e+01
1.065976e+01
1.065976e+01
1.065976e+01
1.065976e+01
1.065976e+01
1.010042e+01
1.010042e+01
1.010042e+01
1.010042e+01
9.423354e+00
9.398169e+00
9.398169e+00
9.398169e+00
9.398169e+00
9.398169e+00
9.398169e+00
9.398169e+00
9.208878e+00
8.966151e+00
8.776860e+00
8.640764e+00
8.640764e+00
8.640764e+00
8.640764e+00
8.640764e+00
8.640764e+00
8.077363e+00
8.077363e+00
8.077363e+00
8.077363e+00
8.077363e+00
8.077363e+00
8.077363e+00
8.077363e+00
8.077363e+00
8.077363e+00
8.077363e+00
8.059859e+00
8.059859e+00
8.059859e+00
8.059859e+00
8.059859e+00
8.059859e+00
8.059859e+00
7.983579e+00
7.983579e+00
7.983579e+00
7.983579e+00
7.983579e+00
7.983579e+00
7.983579e+00
7.983579e+00
7.983579e+00
7.983579e+00
7.983579e+00
7.983579e+00
7.983579e+00
7.983579e+00
7.983579e+00
7.983579e+00
7.983579e+00
7.983579e+00
7.983579e+00
7.983579e+00
7.983579e+00
7.983579e+00
7.983579e+00
7.983579e+00
7.983579e+00
7.983579e+00
7.983579e+00
7.983579e+00
7.983579e+00
7.983579e+00
7.983579e+00
7.983579e+00
7.983579e+00
7.983579e+00
7.983579e+00
7.983579e+00
7.983579e+00
7.983579e+00
7.983579e+00
7.983579e+00
7.983579e+00
7.983579e+00
7.983579e+00
7.983579e+00
7.983579e+00
7.983579e+00
7.983579e+00
7.983579e+00
7.983579e+00
7.983579e+00
7.983579e+00
7.983579e+00
7.983579e+00
7.983579e+00
7.983579e+00
7.983579e+00
7.983579e+00
7.983579e+00
7.983579e+00
7.983579e+00
7.983579e+00
7.983579e+00
7.983579e+00
7.983579e+00
7.983579e+00
7.983579e+00
7.983579e+00
7.983579e+00
7.983579e+00
7.983579e+00
7.983579e+00
7.983579e+00
7.983579e+00
7.983579e+00
