1.816946e+01
1.669893e+01
1.605334e+01
1.533552e+01
1.426104e+01
1.366629e+01
1.278533e+01
1.176489e+01
1.158034e+01
1.152165e+01
1.150033e+01
1.142235e+01
1.100571e+01
1.092524e+01
1.058724e+01
1.023305e+01
1.015964e+01
1.007400e+01
9.939720e+00
9.921174e+00
9.879203e+00
9.585173e+00
9.577546e+00
9.577546e+00
9.576555e+00
9.576555e+00
9.517029e+00
9.517029e+00
9.517029e+00
9.517029e+00
9.516038e+00
9.516038e+00
9.516038e+00
9.516038e+00
9.516038e+00
9.516038e+00
9.499010e+00
9.196139e+00
8.924362e+00
8.920371e+00
8.920371e+00
8.920371e+00
8.920371e+00
8.841290e+00
8.841290e+00
8.841290e+00
8.841290e+00
8.841290e+00
8.841290e+00
8.841290e+00
8.841290e+00
8.841290e+00
8.841290e+00
8.841290e+00
8.841290e+00
8.841290e+00
8.841290e+00
8.841290e+00
8.841290e+00
8.841290e+00
8.841290e+00
8.841290e+00
8.799999e+00
8.750668e+00
8.750668e+00
8.601746e+00
8.601746e+00
8.601746e+00
8.601746e+00
8.601746e+00
8.601746e+00
8.601746e+00
8.601746e+00
8.601746e+00
8.560455e+00
8.263953e+00
8.263953e+00
8.263953e+00
8.263953e+00
8.263953e+00
8.170314e+00
8.170314e+00
8.170314e+00
8.032858e+00
8.032858e+00
8.032858e+00
7.868520e+00
7.868520e+00
7.868520e+00
7.868520e+00
7.768953e+00
7.768953e+00
7.768953e+00
7.768953e+00
7.502736e+00
7.502736e+00
7.502736e+00
7.502736e+00
7.502736e+00
7.447902e+00
7.447902e+00
7.447902e+00
7.447902e+00
7.437628e+00
7.437628e+00
7.437628e+00
7.437628e+00
7.437628e+00
7.437628e+00
7.437628e+00
7.437628e+00
7.437628e+00
7.437628e+00
7.437628e+00
7.424665e+00
7.424665e+00
7.424665e+00
7.278860e+00
7.278860e+00
7.278860e+00
7.278860e+00
7.278860e+00
7.278860e+00
7.278860e+00
7.278860e+00
7.278860e+00
7.278860e+00
7.278860e+00
7.278860e+00
7.278860e+00
7.278860e+00
7.278860e+00
7.278860e+00
7.278860e+00
7.278860e+00
7.278860e+00
7.278860e+00
7.278860e+00
7.278860e+00
7.278860e+00
7.278860e+00
7.278860e+00
7.278860e+00
7.278860e+00
7.278860e+00
7.278860e+00
7.278860e+00
7.278860e+00
7.278860e+00
7.278860e+00
7.278860e+00
7.278860e+00
7.278860e+00
7.278860e+00
7.278860e+00
7.278860e+00
7.278860e+00
7.278860e+00
7.278860e+00
7.278860e+00
7.278860e+00
7.223516e+00
6.939391e+00
6.939391e+00
6.914976e+00
6.914976e+00
6.914976e+00
6.914976e+00
6.914976e+00
6.914976e+00
6.914976e+00
6.914976e+00
6.914976e+00
6.914976e+00
6.914976e+00
6.914976e+00
6.914976e+00
6.914976e+00
6.914976e+00
6.914976e+00
6.914976e+00
6.914976e+00
6.914976e+00
6.914976e+00
6.914976e+00
6.914976e+00
6.914976e+00
6.914976e+00
6.914976e+00
6.914976e+00
6.914976e+00
6.914976e+00
6.914976e+00
6.914976e+00
6.914976e+00
6.914976e+00
6.914976e+00
6.914976e+00
6.914976e+00
6.914976e+00
