5.700628e+02
5.460703e+02
4.829434e+02
4.666796e+02
4.518424e+02
4.424374e+02
4.316296e+02
4.164755e+02
4.067609e+02
3.983678e+02
3.893794e+02
3.830544e+02
3.703735e+02
3.616379e+02
3.507189e+02
3.458357e+02
3.380825e+02
3.323430e+02
3.256886e+02
3.205868e+02
3.040599e+02
2.976030e+02
2.926220e+02
2.860044e+02
2.800675e+02
2.759397e+02
2.725566e+02
2.711224e+02
2.685780e+02
2.622612e+02
2.596991e+02
2.579644e+02
2.547103e+02
2.486679e+02
2.466824e+02
2.444718e+02
2.440030e+02
2.416121e+02
2.398331e+02
2.381423e+02
2.358281e+02
2.338952e+02
2.323101e+02
2.278676e+02
2.265711e+02
2.244665e+02
2.228802e+02
2.203011e+02
2.171558e+02
2.134696e+02
2.115625e+02
2.099762e+02
2.081661e+02
2.050790e+02
1.997896e+02
1.976780e+02
1.962965e+02
1.957697e+02
1.949816e+02
1.942126e+02
1.920042e+02
1.907346e+02
1.902340e+02
1.882089e+02
1.865940e+02
1.849451e+02
1.817772e+02
1.802484e+02
1.798142e+02
1.787593e+02
1.776352e+02
1.765432e+02
1.763479e+02
1.755595e+02
1.740136e+02
1.718246e+02
1.696913e+02
1.674042e+02
1.665230e+02
1.654628e+02
1.646494e+02
1.638814e+02
1.630700e+02
1.622132e+02
1.618900e+02
1.617189e+02
1.610812e+02
1.609101e+02
1.588910e+02
1.587200e+02
1.585419e+02
1.565438e+02
1.560531e+02
1.553362e+02
1.553362e+02
1.553362e+02
1.551187e+02
1.545872e+02
1.538907e+02
1.534309e+02
1.518388e+02
1.517490e+02
1.505461e+02
1.499238e+02
1.496585e+02
1.488256e+02
1.482279e+02
1.477978e+02
1.477978e+02
1.477978e+02
1.463677e+02
1.463677e+02
1.463560e+02
1.456712e+02
1.456474e+02
1.450810e+02
1.447033e+02
1.447033e+02
1.443270e+02
1.439493e+02
1.437958e+02
1.436664e+02
1.434744e+02
1.432837e+02
1.429123e+02
1.426293e+02
1.421807e+02
1.421807e+02
1.421807e+02
1.421807e+02
1.421807e+02
1.417187e+02
1.417187e+02
1.417187e+02
1.414426e+02
1.414235e+02
1.413219e+02
1.413219e+02
1.413219e+02
1.406501e+02
1.406501e+02
1.406501e+02
1.406501e+02
1.406501e+02
1.400132e+02
1.400132e+02
1.399044e+02
1.394741e+02
1.392156e+02
1.392156e+02
1.390259e+02
1.387879e+02
1.387685e+02
1.386946e+02
1.378909e+02
1.376958e+02
1.376958e+02
1.376958e+02
1.375089e+02
1.375089e+02
1.371826e+02
1.371826e+02
1.371826e+02
1.371826e+02
1.367408e+02
1.366640e+02
1.366640e+02
1.366640e+02
1.366640e+02
1.366640e+02
1.366640e+02
1.361914e+02
1.361914e+02
1.361914e+02
1.361914e+02
1.361914e+02
1.360083e+02
1.359274e+02
1.359274e+02
1.359274e+02
1.359274e+02
1.359274e+02
1.356403e+02
1.356403e+02
1.356171e+02
1.354420e+02
1.354420e+02
1.354420e+02
1.341674e+02
1.341674e+02
1.340605e+02
1.338894e+02
1.338894e+02
1.338347e+02
1.338347e+02
1.337853e+02
1.337853e+02
1.337853e+02
1.336410e+02
1.336410e+02
1.336410e+02
1.336410e+02
1.336410e+02
1.336410e+02
1.336410e+02
1.336410e+02
1.336410e+02
1.336410e+02
1.336410e+02
1.336410e+02
1.336410e+02
1.336410e+02
1.336410e+02
1.335519e+02
1.335519e+02
1.335519e+02
1.335519e+02
1.335519e+02
1.335519e+02
1.332355e+02
1.332210e+02
1.332210e+02
1.332210e+02
1.330528e+02
1.327080e+02
1.327080e+02
1.327080e+02
1.325371e+02
1.325085e+02
1.322952e+02
1.320957e+02
1.320957e+02
1.317751e+02
1.317751e+02
1.317751e+02
1.317751e+02
1.317751e+02
1.317751e+02
1.317751e+02
1.317751e+02
1.317751e+02
1.310620e+02
1.310620e+02
1.309380e+02
1.309380e+02
1.307124e+02
1.307124e+02
1.307124e+02
1.307124e+02
1.307124e+02
1.307124e+02
1.307124e+02
1.305921e+02
1.293034e+02
1.293034e+02
1.293034e+02
1.293034e+02
1.293034e+02
1.293034e+02
1.293034e+02
1.293034e+02
1.293034e+02
1.292466e+02
1.292466e+02
1.291840e+02
1.289665e+02
1.288823e+02
1.288823e+02
1.288823e+02
1.285611e+02
1.282919e+02
1.282919e+02
1.282919e+02
1.282919e+02
1.282919e+02
1.282151e+02
1.282151e+02
1.282151e+02
1.282151e+02
1.282151e+02
1.277974e+02
1.269656e+02
1.266615e+02
1.266615e+02
1.266615e+02
1.251454e+02
1.251454e+02
1.251454e+02
1.233223e+02
1.232304e+02
1.231878e+02
1.231878e+02
1.231878e+02
1.231878e+02
1.231878e+02
1.229676e+02
1.219561e+02
1.219561e+02
1.219063e+02
1.219063e+02
1.219063e+02
1.148241e+02
1.148241e+02
1.144773e+02
1.144773e+02
1.144773e+02
1.144773e+02
1.144773e+02
1.144338e+02
1.144338e+02
1.144338e+02
1.144338e+02
1.144338e+02
1.144338e+02
1.144338e+02
1.141927e+02
1.132373e+02
1.129962e+02
1.129962e+02
1.129962e+02
1.129962e+02
1.129962e+02
1.129962e+02
1.129273e+02
1.129273e+02
1.129273e+02
1.129273e+02
1.129273e+02
1.129273e+02
1.129273e+02
1.129273e+02
1.129273e+02
1.129273e+02
1.129273e+02
1.129273e+02
1.129273e+02
1.129273e+02
1.129273e+02
1.129273e+02
1.129273e+02
1.129273e+02
1.129273e+02
1.125932e+02
1.125932e+02
1.125932e+02
1.125932e+02
1.125932e+02
1.125932e+02
1.120023e+02
1.117924e+02
1.117924e+02
1.116330e+02
1.116330e+02
1.116330e+02
1.116330e+02
1.114547e+02
1.111615e+02
1.111615e+02
1.111615e+02
1.111615e+02
1.109227e+02
1.109227e+02
1.105729e+02
1.105729e+02
1.105729e+02
1.103759e+02
1.103759e+02
1.103759e+02
1.103759e+02
1.103759e+02
1.103759e+02
1.103759e+02
1.103759e+02
1.103759e+02
1.103759e+02
1.103759e+02
1.103759e+02
1.102486e+02
1.102486e+02
1.101088e+02
1.101088e+02
1.101088e+02
1.101088e+02
1.101088e+02
1.101088e+02
1.101088e+02
1.101088e+02
1.101088e+02
1.101088e+02
1.101088e+02
1.101088e+02
1.101088e+02
1.100742e+02
1.100742e+02
1.100742e+02
1.100742e+02
1.100742e+02
1.100742e+02
1.100742e+02
1.100742e+02
1.100742e+02
1.100742e+02
1.100742e+02
1.099394e+02
1.097496e+02
1.097496e+02
1.097496e+02
1.097496e+02
1.097496e+02
1.097496e+02
1.097496e+02
1.097496e+02
1.091221e+02
1.091221e+02
1.091221e+02
1.085331e+02
1.085331e+02
1.085331e+02
1.085331e+02
1.084076e+02
1.084076e+02
1.084076e+02
1.084076e+02
1.084076e+02
1.084076e+02
1.084076e+02
1.084076e+02
1.084076e+02
1.084076e+02
1.084076e+02
1.084076e+02
1.084076e+02
1.084076e+02
1.084076e+02
1.084076e+02
1.084076e+02
1.084076e+02
1.084076e+02
1.084076e+02
1.084076e+02
1.084076e+02
1.084076e+02
1.084076e+02
1.084076e+02
1.084076e+02
1.084076e+02
1.084076e+02
1.084076e+02
1.084076e+02
1.084076e+02
1.084076e+02
1.053392e+02
1.053392e+02
1.053392e+02
1.053392e+02
1.053392e+02
1.053392e+02
1.053392e+02
1.053392e+02
1.053392e+02
1.053392e+02
1.053392e+02
1.053392e+02
1.053392e+02
1.053392e+02
1.053392e+02
1.053392e+02
1.053392e+02
1.053392e+02
1.053392e+02
1.053392e+02
1.053392e+02
1.053392e+02
1.053392e+02
1.053392e+02
1.053392e+02
1.053392e+02
1.053392e+02
1.053392e+02
1.053392e+02
1.053392e+02
1.052945e+02
1.052945e+02
1.052945e+02
1.052945e+02
1.052945e+02
1.052945e+02
1.052945e+02
1.052945e+02
1.052945e+02
1.052945e+02
1.052945e+02
1.052945e+02
1.052945e+02
1.052945e+02
1.052945e+02
1.052945e+02
1.052945e+02
1.052945e+02
1.052945e+02
1.052945e+02
1.052945e+02
1.052945e+02
1.052945e+02
1.052945e+02
1.052945e+02
1.052945e+02
1.052684e+02
1.052684e+02
1.052684e+02
1.052684e+02
1.052684e+02
1.052684e+02
1.052684e+02
1.052684e+02
1.052684e+02
1.052684e+02
1.052684e+02
1.052684e+02
1.052684e+02
1.052684e+02
1.052684e+02
1.052684e+02
1.052684e+02
1.052684e+02
1.052684e+02
1.052684e+02
1.052684e+02
1.052684e+02
1.052684e+02
1.052684e+02
1.052684e+02
1.052684e+02
1.052684e+02
1.052684e+02
1.052684e+02
1.052684e+02
1.052684e+02
1.052684e+02
1.052684e+02
1.052684e+02
1.052684e+02
1.052684e+02
1.052684e+02
1.052684e+02
1.052684e+02
1.052684e+02
1.052684e+02
1.052684e+02
1.052684e+02
1.052684e+02
1.052684e+02
1.052684e+02
1.052684e+02
1.052684e+02
1.052684e+02
1.052684e+02
1.052684e+02
1.052684e+02
1.052684e+02
1.052684e+02
1.052684e+02
1.052684e+02
1.052684e+02
1.052684e+02
1.052684e+02
1.052684e+02
1.052684e+02
1.052684e+02
1.052684e+02
1.052684e+02
1.052684e+02
1.052684e+02
1.052684e+02
1.052684e+02
1.052684e+02
1.052684e+02
1.052684e+02
1.052684e+02
1.052684e+02
1.052684e+02
1.052684e+02
1.052684e+02
1.052684e+02
1.052684e+02
1.052684e+02
1.052684e+02
1.052684e+02
1.052684e+02
1.052684e+02
1.052684e+02
1.052684e+02
1.052684e+02
1.052684e+02
1.052684e+02
1.052684e+02
1.052684e+02
1.052684e+02
1.052684e+02
1.052684e+02
1.052684e+02
1.034459e+02
1.034459e+02
1.034459e+02
1.034459e+02
1.034459e+02
1.034459e+02
1.034459e+02
1.034459e+02
1.034459e+02
1.034459e+02
1.034459e+02
1.034459e+02
1.034459e+02
1.034459e+02
1.034459e+02
1.034459e+02
1.034459e+02
1.034459e+02
1.034459e+02
1.034459e+02
1.034459e+02
1.034459e+02
1.034459e+02
1.034459e+02
1.034459e+02
1.034459e+02
1.034459e+02
1.034459e+02
1.034459e+02
1.034459e+02
1.034459e+02
1.034459e+02
1.034459e+02
1.034459e+02
1.034459e+02
1.034459e+02
1.034459e+02
1.034459e+02
1.034459e+02
1.034459e+02
1.034459e+02
1.034459e+02
1.034459e+02
1.034459e+02
1.034459e+02
1.034459e+02
1.034459e+02
1.034459e+02
1.034459e+02
1.034459e+02
1.034459e+02
1.034459e+02
1.034459e+02
1.034459e+02
1.034459e+02
1.034459e+02
1.034459e+02
1.034459e+02
1.034459e+02
1.034459e+02
1.034459e+02
1.034459e+02
1.034459e+02
1.034459e+02
1.034459e+02
1.034459e+02
1.034459e+02
1.034459e+02
1.034459e+02
1.034459e+02
1.034459e+02
1.034459e+02
1.034459e+02
1.034459e+02
1.034459e+02
1.034459e+02
1.034459e+02
1.034459e+02
1.034459e+02
1.034459e+02
1.034459e+02
1.034459e+02
1.034459e+02
1.034459e+02
1.034459e+02
1.034459e+02
1.034459e+02
1.034459e+02
1.034459e+02
1.034459e+02
1.034459e+02
1.034459e+02
1.034459e+02
1.034459e+02
1.034459e+02
1.034459e+02
1.034459e+02
1.034459e+02
1.034459e+02
1.034459e+02
1.034459e+02
1.034459e+02
1.034459e+02
1.034459e+02
1.034459e+02
1.034459e+02
1.034459e+02
1.034459e+02
1.034459e+02
1.034459e+02
1.034459e+02
1.034459e+02
1.034459e+02
1.034459e+02
1.034459e+02
1.034459e+02
1.034459e+02
1.034459e+02
1.034459e+02
1.034459e+02
1.034459e+02
1.034459e+02
1.034459e+02
1.034459e+02
1.034459e+02
1.034459e+02
1.034459e+02
1.034459e+02
1.034459e+02
1.034459e+02
1.034459e+02
1.034459e+02
1.034459e+02
1.034459e+02
1.034459e+02
1.034459e+02
1.034459e+02
1.034459e+02
1.034459e+02
1.034459e+02
1.034459e+02
1.034459e+02
1.034459e+02
1.034459e+02
1.034459e+02
1.034459e+02
1.034459e+02
1.034459e+02
1.034459e+02
1.034459e+02
1.030729e+02
1.022859e+02
1.022710e+02
1.022710e+02
1.022710e+02
1.022710e+02
1.022710e+02
1.022710e+02
1.022710e+02
1.022710e+02
1.022710e+02
1.022710e+02
1.022710e+02
1.022710e+02
1.022710e+02
1.022710e+02
1.022710e+02
1.022710e+02
1.022710e+02
1.022710e+02
1.022710e+02
1.022710e+02
1.022710e+02
1.022710e+02
1.022710e+02
1.022710e+02
1.022710e+02
1.022710e+02
1.022710e+02
1.022710e+02
1.022710e+02
1.022710e+02
1.022710e+02
1.022710e+02
1.022710e+02
1.022710e+02
1.022710e+02
1.022710e+02
1.022710e+02
1.022710e+02
1.022710e+02
1.022710e+02
1.022710e+02
1.022710e+02
1.022710e+02
1.022710e+02
1.022710e+02
1.022710e+02
1.022710e+02
1.022710e+02
1.022710e+02
1.022710e+02
1.022710e+02
1.022710e+02
1.022710e+02
1.022710e+02
1.022710e+02
1.022710e+02
1.022710e+02
1.022710e+02
1.022710e+02
1.022710e+02
1.022710e+02
1.022710e+02
1.022710e+02
1.022710e+02
1.022710e+02
1.022710e+02
1.022710e+02
1.022710e+02
1.022710e+02
1.022710e+02
1.022710e+02
1.022710e+02
1.022710e+02
1.022710e+02
1.022710e+02
1.022710e+02
1.022710e+02
1.022710e+02
1.022710e+02
1.022710e+02
1.022710e+02
1.022710e+02
1.022710e+02
1.022710e+02
1.022710e+02
1.022710e+02
1.022710e+02
1.022710e+02
1.022710e+02
1.022710e+02
1.022710e+02
1.022710e+02
1.022710e+02
1.022710e+02
1.022710e+02
1.022710e+02
1.022710e+02
1.022710e+02
1.022710e+02
1.022710e+02
1.022710e+02
1.022710e+02
1.022710e+02
1.022710e+02
1.022710e+02
1.022710e+02
1.022710e+02
1.022710e+02
1.022710e+02
1.022710e+02
1.022710e+02
1.022710e+02
1.022710e+02
1.022710e+02
1.022710e+02
1.022710e+02
1.022710e+02
1.022710e+02
1.022710e+02
1.022710e+02
1.022710e+02
1.022710e+02
1.022710e+02
1.022710e+02
1.022710e+02
1.022710e+02
1.022710e+02
1.022710e+02
1.022710e+02
1.022710e+02
1.022710e+02
1.022710e+02
1.022710e+02
1.022710e+02
1.022710e+02
1.022710e+02
1.022710e+02
1.022710e+02
1.022710e+02
1.022710e+02
1.022710e+02
1.022710e+02
1.022710e+02
1.022710e+02
1.022710e+02
1.022710e+02
1.022710e+02
1.022710e+02
1.022710e+02
1.022710e+02
1.022710e+02
1.022710e+02
1.022710e+02
1.022710e+02
1.022710e+02
1.022710e+02
1.022710e+02
1.022710e+02
1.022710e+02
1.022710e+02
1.022710e+02
1.022710e+02
1.022710e+02
1.022710e+02
1.022710e+02
1.022710e+02
1.022710e+02
1.022710e+02
1.022710e+02
1.022710e+02
1.022710e+02
1.022710e+02
1.022710e+02
1.022710e+02
1.022710e+02
1.022710e+02
1.022710e+02
1.022710e+02
1.022710e+02
1.022710e+02
1.022710e+02
1.022710e+02
1.022710e+02
1.022710e+02
1.022710e+02
1.022710e+02
1.022710e+02
1.022710e+02
1.022710e+02
1.022710e+02
1.022710e+02
1.022710e+02
1.022710e+02
1.022710e+02
1.022710e+02
1.022710e+02
1.022710e+02
1.022710e+02
1.022710e+02
1.022710e+02
1.022710e+02
1.022710e+02
1.022710e+02
1.022710e+02
1.022710e+02
1.022710e+02
1.022710e+02
1.022710e+02
1.022710e+02
1.022710e+02
1.022710e+02
1.022710e+02
1.022710e+02
1.022710e+02
1.022710e+02
1.022710e+02
1.022710e+02
1.022710e+02
1.022710e+02
1.022710e+02
1.022710e+02
1.022710e+02
1.022710e+02
1.022710e+02
1.022710e+02
1.022710e+02
1.022710e+02
1.022710e+02
1.022710e+02
1.022710e+02
1.022710e+02
1.022710e+02
1.022710e+02
1.022710e+02
1.022710e+02
1.022710e+02
1.022710e+02
1.022710e+02
1.022710e+02
1.022710e+02
1.022710e+02
1.022710e+02
1.022710e+02
1.022710e+02
1.022710e+02
1.022710e+02
1.022710e+02
1.022710e+02
1.022710e+02
1.022710e+02
1.022710e+02
1.022710e+02
1.022710e+02
1.022710e+02
1.022710e+02
1.022710e+02
1.022710e+02
1.022710e+02
1.022710e+02
1.022710e+02
1.022710e+02
1.022710e+02
1.022710e+02
1.022710e+02
1.022710e+02
1.022710e+02
1.022710e+02
1.022710e+02
1.022710e+02
1.022710e+02
1.022710e+02
1.022710e+02
1.022710e+02
1.022710e+02
1.022710e+02
1.022710e+02
1.022710e+02
1.022710e+02
1.022710e+02
1.022710e+02
1.022710e+02
1.022710e+02
1.022710e+02
1.022710e+02
1.022710e+02
1.022710e+02
1.022710e+02
1.022710e+02
1.022710e+02
1.022710e+02
1.022710e+02
1.022710e+02
1.022710e+02
1.022710e+02
1.022710e+02
1.022710e+02
1.022710e+02
1.022710e+02
1.022710e+02
1.022710e+02
1.022710e+02
1.022710e+02
1.022710e+02
1.022710e+02
1.022710e+02
1.022710e+02
1.022710e+02
1.022710e+02
1.022710e+02
1.022710e+02
1.022710e+02
1.022710e+02
1.022710e+02
1.022710e+02
1.022710e+02
1.022710e+02
1.022710e+02
1.022710e+02
1.022710e+02
1.022710e+02
1.022710e+02
1.022710e+02
1.022710e+02
1.022710e+02
1.022710e+02
1.022710e+02
1.022710e+02
1.022710e+02
1.022710e+02
1.022710e+02
1.022710e+02
1.022710e+02
1.022710e+02
1.022710e+02
1.022710e+02
1.022710e+02
1.022710e+02
1.022710e+02
1.022710e+02
1.022710e+02
1.022710e+02
1.022710e+02
1.022710e+02
1.022710e+02
1.022710e+02
1.022710e+02
1.022710e+02
1.022710e+02
1.022710e+02
1.022710e+02
1.022710e+02
1.022710e+02
1.022710e+02
1.022710e+02
1.022710e+02
1.022710e+02
1.022710e+02
1.022710e+02
1.022710e+02
1.022710e+02
1.022710e+02
1.022710e+02
1.022710e+02
1.022710e+02
1.022710e+02
1.022710e+02
1.022710e+02
1.022710e+02
1.022710e+02
1.022710e+02
1.022710e+02
1.022710e+02
1.022710e+02
1.022710e+02
1.022710e+02
1.022710e+02
1.022710e+02
1.022710e+02
1.022710e+02
1.022710e+02
1.022710e+02
1.022710e+02
1.022710e+02
1.022710e+02
1.022710e+02
1.022710e+02
1.022710e+02
1.022710e+02
1.022710e+02
1.022710e+02
1.022710e+02
1.022710e+02
1.022710e+02
1.022710e+02
1.022710e+02
1.022710e+02
1.022710e+02
1.022710e+02
1.022710e+02
1.022710e+02
1.022710e+02
1.022710e+02
1.022710e+02
1.022710e+02
1.022710e+02
1.022710e+02
1.022710e+02
1.022710e+02
1.022710e+02
1.022710e+02
1.022710e+02
1.022710e+02
1.022710e+02
1.022710e+02
1.022710e+02
1.022710e+02
1.022710e+02
1.022710e+02
1.022710e+02
1.022710e+02
1.022710e+02
1.022710e+02
1.022710e+02
1.022710e+02
1.022710e+02
1.022710e+02
1.022710e+02
1.022710e+02
1.022710e+02
1.022710e+02
1.022710e+02
1.022710e+02
1.022710e+02
1.022710e+02
1.022710e+02
1.022710e+02
1.022710e+02
1.022710e+02
1.022710e+02
1.022710e+02
1.022710e+02
1.022710e+02
1.022710e+02
1.022710e+02
1.022710e+02
1.022710e+02
1.022710e+02
1.022710e+02
1.022710e+02
1.022710e+02
1.022710e+02
1.022710e+02
1.022710e+02
1.022710e+02
1.022710e+02
1.022710e+02
1.022710e+02
1.022710e+02
1.022710e+02
1.022710e+02
1.022710e+02
1.022710e+02
1.022710e+02
1.022710e+02
1.022710e+02
1.022710e+02
1.022710e+02
1.022710e+02
1.022710e+02
1.022710e+02
1.022710e+02
1.022710e+02
1.022710e+02
1.022710e+02
1.022710e+02
1.022710e+02
1.022710e+02
1.022710e+02
1.022710e+02
1.022710e+02
1.022710e+02
1.022710e+02
1.022710e+02
1.022710e+02
1.022710e+02
1.022710e+02
1.022710e+02
1.022710e+02
1.022710e+02
1.022710e+02
1.022710e+02
1.022710e+02
1.022710e+02
1.022710e+02
1.022710e+02
1.022710e+02
1.022710e+02
1.022710e+02
1.022710e+02
1.022710e+02
1.022710e+02
1.022710e+02
1.022710e+02
1.022710e+02
1.022710e+02
1.022710e+02
1.022710e+02
1.022710e+02
1.022710e+02
1.022710e+02
1.022710e+02
1.022710e+02
1.022710e+02
1.022710e+02
1.022710e+02
1.022710e+02
1.022710e+02
1.022710e+02
1.022710e+02
1.022710e+02
1.022710e+02
1.022710e+02
1.022710e+02
1.022710e+02
1.022710e+02
1.022710e+02
1.022710e+02
1.022710e+02
1.022710e+02
1.022710e+02
1.022710e+02
1.022710e+02
1.022710e+02
1.022710e+02
1.022710e+02
1.022710e+02
1.022710e+02
1.022710e+02
1.022710e+02
1.022710e+02
1.022710e+02
1.022710e+02
1.022710e+02
1.022710e+02
1.022710e+02
1.022710e+02
1.022710e+02
1.022710e+02
1.022710e+02
1.022710e+02
1.022710e+02
1.022710e+02
1.022710e+02
1.022710e+02
1.022710e+02
1.022710e+02
1.022710e+02
1.022710e+02
1.022710e+02
1.022710e+02
1.022710e+02
1.022710e+02
1.022710e+02
1.022710e+02
1.022710e+02
1.022710e+02
1.022710e+02
1.022710e+02
1.022710e+02
1.022710e+02
1.022710e+02
1.022710e+02
1.022710e+02
1.022710e+02
1.022710e+02
1.022710e+02
1.022710e+02
1.022710e+02
1.022710e+02
1.022710e+02
1.022710e+02
1.022710e+02
1.022710e+02
1.022710e+02
1.022710e+02
1.022710e+02
1.022710e+02
1.022710e+02
1.022710e+02
1.022710e+02
1.022710e+02
1.022710e+02
1.022710e+02
1.022710e+02
1.022710e+02
1.022710e+02
1.022710e+02
1.022710e+02
1.013221e+02
1.013221e+02
1.013221e+02
1.013221e+02
1.013221e+02
1.013221e+02
1.013221e+02
1.013221e+02
1.013221e+02
1.013221e+02
1.013221e+02
1.013221e+02
1.013221e+02
1.013221e+02
1.013221e+02
1.013221e+02
1.013221e+02
1.013221e+02
1.013221e+02
1.013221e+02
1.013221e+02
1.013221e+02
1.013221e+02
1.013221e+02
1.013221e+02
1.013221e+02
1.013221e+02
1.013221e+02
1.013221e+02
1.013221e+02
1.013221e+02
1.013221e+02
1.013221e+02
1.013221e+02
1.013221e+02
1.013221e+02
1.013221e+02
1.013221e+02
1.013221e+02
1.013221e+02
1.013221e+02
1.013221e+02
1.013221e+02
1.013221e+02
1.013221e+02
1.013221e+02
1.013221e+02
1.013221e+02
1.013221e+02
1.013221e+02
1.013221e+02
1.013221e+02
1.013221e+02
1.013221e+02
1.013221e+02
1.013221e+02
1.013221e+02
1.013221e+02
1.013221e+02
1.013221e+02
1.013221e+02
1.013221e+02
1.013221e+02
1.013221e+02
1.013221e+02
1.013221e+02
1.013221e+02
1.013221e+02
1.013221e+02
1.013221e+02
1.013221e+02
1.013221e+02
1.013221e+02
1.013221e+02
1.013221e+02
1.013221e+02
1.013221e+02
1.013221e+02
1.013221e+02
1.013221e+02
1.013221e+02
1.013221e+02
1.013221e+02
1.013221e+02
1.013221e+02
1.013221e+02
1.013221e+02
1.013221e+02
1.013221e+02
1.013221e+02
1.013221e+02
1.013221e+02
1.013221e+02
1.013221e+02
1.013221e+02
1.013221e+02
1.013221e+02
1.013221e+02
1.013221e+02
1.013221e+02
1.013221e+02
1.013221e+02
1.013221e+02
1.013221e+02
1.013221e+02
1.013221e+02
1.013221e+02
1.013221e+02
1.013221e+02
1.013221e+02
1.013221e+02
1.013221e+02
1.013221e+02
1.013221e+02
1.013221e+02
1.013221e+02
1.013221e+02
1.013221e+02
1.013221e+02
1.013221e+02
1.013221e+02
1.013221e+02
1.013221e+02
1.013221e+02
1.013221e+02
1.013221e+02
1.013221e+02
1.013221e+02
1.013221e+02
1.013221e+02
1.013221e+02
1.013221e+02
1.013221e+02
1.013221e+02
1.013221e+02
1.013221e+02
1.013221e+02
1.013221e+02
1.013221e+02
1.013221e+02
1.013221e+02
1.013221e+02
1.013221e+02
1.013221e+02
1.013221e+02
1.013221e+02
1.013221e+02
1.013221e+02
1.013221e+02
1.013221e+02
1.013221e+02
1.013221e+02
1.013221e+02
1.013221e+02
1.013221e+02
1.013221e+02
1.013221e+02
1.013221e+02
1.013221e+02
1.013221e+02
1.013221e+02
1.013221e+02
1.013221e+02
1.013221e+02
1.013221e+02
1.013221e+02
1.013221e+02
1.013221e+02
1.013221e+02
1.013221e+02
1.013221e+02
1.013221e+02
1.013221e+02
1.013221e+02
1.013221e+02
1.013221e+02
1.013221e+02
1.013221e+02
1.013221e+02
1.013221e+02
1.013221e+02
1.013221e+02
1.013221e+02
1.013221e+02
1.013221e+02
1.013221e+02
1.013221e+02
1.013221e+02
1.013221e+02
1.013221e+02
1.013221e+02
1.013221e+02
1.013221e+02
1.013221e+02
1.013221e+02
1.013221e+02
1.013221e+02
1.013221e+02
1.013221e+02
1.013221e+02
1.013221e+02
1.013221e+02
1.013221e+02
1.013221e+02
1.013221e+02
1.013221e+02
1.013221e+02
1.013221e+02
1.013221e+02
1.013221e+02
1.013221e+02
1.013221e+02
1.013221e+02
1.013221e+02
1.013221e+02
1.013221e+02
1.013221e+02
1.013221e+02
1.013221e+02
1.013221e+02
1.013221e+02
1.013221e+02
1.013221e+02
1.013221e+02
1.013221e+02
1.013221e+02
1.013221e+02
1.013221e+02
1.013221e+02
1.013221e+02
1.013221e+02
1.013221e+02
1.013221e+02
1.013221e+02
1.013221e+02
1.013221e+02
1.013221e+02
1.013221e+02
1.013221e+02
1.013221e+02
1.013221e+02
1.013221e+02
1.013221e+02
1.013221e+02
1.013221e+02
1.013221e+02
1.013221e+02
1.013221e+02
1.013221e+02
1.013221e+02
1.013221e+02
1.013221e+02
1.013221e+02
1.013221e+02
1.013221e+02
1.013221e+02
1.013221e+02
1.013221e+02
1.013221e+02
1.013221e+02
1.013221e+02
1.013221e+02
1.013221e+02
1.013221e+02
1.013221e+02
1.013221e+02
1.013221e+02
1.013221e+02
1.013221e+02
1.013221e+02
1.013221e+02
1.013221e+02
1.013221e+02
1.013221e+02
1.013221e+02
1.013221e+02
1.013221e+02
1.013221e+02
1.013221e+02
1.013221e+02
1.013221e+02
1.013221e+02
1.013221e+02
1.013221e+02
1.013221e+02
1.013221e+02
1.013221e+02
1.013221e+02
1.013221e+02
1.013221e+02
1.013221e+02
1.013221e+02
1.013221e+02
1.013221e+02
1.013221e+02
1.013221e+02
1.013221e+02
1.013221e+02
1.013221e+02
1.013221e+02
9.733979e+01
9.733979e+01
9.733979e+01
9.733979e+01
9.733979e+01
9.733979e+01
9.733979e+01
9.733979e+01
9.733979e+01
9.733979e+01
9.733979e+01
9.733979e+01
9.733979e+01
9.733979e+01
9.733979e+01
9.733979e+01
9.733979e+01
9.733979e+01
9.733979e+01
9.733979e+01
9.733979e+01
9.733979e+01
9.733979e+01
9.733979e+01
9.733979e+01
9.733979e+01
9.733979e+01
9.733979e+01
9.733979e+01
9.733979e+01
9.733979e+01
9.733979e+01
9.733979e+01
9.733979e+01
9.733979e+01
9.733979e+01
9.733979e+01
9.733979e+01
9.733979e+01
9.733979e+01
9.733979e+01
9.733979e+01
9.733979e+01
9.733979e+01
9.733979e+01
9.733979e+01
9.733979e+01
9.733979e+01
9.733979e+01
9.733979e+01
9.733979e+01
9.733979e+01
9.733979e+01
9.733979e+01
9.733979e+01
9.733979e+01
9.733979e+01
9.733979e+01
9.733979e+01
9.733979e+01
9.733979e+01
9.733979e+01
9.733979e+01
9.733979e+01
9.733979e+01
9.733979e+01
9.733979e+01
9.733979e+01
9.733979e+01
9.733979e+01
9.733979e+01
9.733979e+01
9.733979e+01
9.733979e+01
9.733979e+01
9.733979e+01
9.733979e+01
9.733979e+01
9.733979e+01
9.733979e+01
9.733979e+01
9.733979e+01
9.733979e+01
9.733979e+01
9.733979e+01
9.733979e+01
9.733979e+01
9.733979e+01
9.733979e+01
9.733979e+01
9.733979e+01
9.733979e+01
9.733979e+01
9.733979e+01
9.733979e+01
9.733979e+01
9.733979e+01
9.733979e+01
9.733979e+01
9.733979e+01
9.733979e+01
9.733979e+01
9.733979e+01
9.733979e+01
9.733979e+01
9.733979e+01
9.733979e+01
9.733979e+01
9.733979e+01
9.733979e+01
9.733979e+01
9.733979e+01
9.733979e+01
9.733979e+01
9.733979e+01
9.733979e+01
9.733979e+01
9.733979e+01
9.733979e+01
9.733979e+01
9.733979e+01
9.733979e+01
9.733979e+01
9.733979e+01
9.733979e+01
9.733979e+01
9.733979e+01
9.733979e+01
9.733979e+01
9.733979e+01
9.733979e+01
9.733979e+01
9.733979e+01
9.733979e+01
9.733979e+01
9.733979e+01
9.733979e+01
9.733979e+01
9.733979e+01
9.733979e+01
9.733979e+01
9.733979e+01
9.733979e+01
9.733979e+01
9.733979e+01
9.733979e+01
9.733979e+01
9.733979e+01
9.733979e+01
9.733979e+01
9.733979e+01
9.733979e+01
9.733979e+01
9.733979e+01
9.733979e+01
9.733979e+01
9.733979e+01
9.733979e+01
9.733979e+01
9.733979e+01
9.733979e+01
9.733979e+01
9.733979e+01
9.733979e+01
9.733979e+01
9.733979e+01
9.733979e+01
9.733979e+01
9.733979e+01
9.733979e+01
9.733979e+01
9.733979e+01
9.733979e+01
9.733979e+01
9.733979e+01
9.733979e+01
9.733979e+01
9.733979e+01
9.733979e+01
9.733979e+01
9.733979e+01
9.733979e+01
9.733979e+01
9.733979e+01
9.733979e+01
9.733979e+01
9.733979e+01
9.733979e+01
9.733979e+01
9.733979e+01
9.733979e+01
9.733979e+01
9.733979e+01
9.733979e+01
9.733979e+01
9.733979e+01
9.733979e+01
9.733979e+01
9.733979e+01
9.733979e+01
9.733979e+01
9.733979e+01
9.733979e+01
9.733979e+01
9.733979e+01
9.733979e+01
9.733979e+01
9.733979e+01
9.733979e+01
9.733979e+01
9.733979e+01
9.733979e+01
9.733979e+01
9.733979e+01
9.733979e+01
9.733979e+01
9.733979e+01
9.733979e+01
9.733979e+01
9.733979e+01
9.733979e+01
9.733979e+01
9.733979e+01
9.733979e+01
9.733979e+01
9.733979e+01
9.733979e+01
9.733979e+01
9.733979e+01
9.733979e+01
9.733979e+01
9.733979e+01
9.733979e+01
9.733979e+01
9.733979e+01
9.733979e+01
9.733979e+01
9.733979e+01
9.733979e+01
9.733979e+01
9.733979e+01
9.733979e+01
9.733979e+01
9.733979e+01
9.733979e+01
9.733979e+01
9.733979e+01
9.733979e+01
9.733979e+01
9.733979e+01
9.733979e+01
9.733979e+01
9.733979e+01
9.733979e+01
9.733979e+01
9.733979e+01
9.733979e+01
9.733979e+01
9.733979e+01
9.733979e+01
9.733979e+01
9.733979e+01
9.733979e+01
9.733979e+01
9.733979e+01
9.733979e+01
9.733979e+01
9.733979e+01
9.733979e+01
9.733979e+01
9.733979e+01
9.733979e+01
9.733979e+01
9.733979e+01
9.733979e+01
9.733979e+01
9.733979e+01
9.733979e+01
9.733979e+01
9.733979e+01
9.733979e+01
9.733979e+01
9.733979e+01
9.733979e+01
9.733979e+01
9.733979e+01
9.733979e+01
9.733979e+01
9.733979e+01
9.733979e+01
9.733979e+01
9.733979e+01
9.733979e+01
9.733979e+01
9.733979e+01
9.733979e+01
9.733979e+01
9.733979e+01
9.733979e+01
9.733979e+01
9.733979e+01
9.733979e+01
9.733979e+01
9.733979e+01
9.733979e+01
9.733979e+01
9.733979e+01
9.733979e+01
9.733979e+01
9.733979e+01
9.733979e+01
9.733979e+01
9.733979e+01
9.733979e+01
9.733979e+01
9.733979e+01
9.733979e+01
9.733979e+01
9.733979e+01
9.733979e+01
9.733979e+01
9.733979e+01
9.733979e+01
9.733979e+01
9.733979e+01
9.733979e+01
9.733979e+01
9.733979e+01
9.733979e+01
9.733979e+01
9.733979e+01
9.733979e+01
9.733979e+01
9.733979e+01
9.733979e+01
9.733979e+01
9.733979e+01
9.733979e+01
9.733979e+01
9.733979e+01
9.733979e+01
9.733979e+01
9.733979e+01
9.733979e+01
9.733979e+01
9.733979e+01
9.733979e+01
9.733979e+01
9.733979e+01
9.733979e+01
9.733979e+01
9.733979e+01
9.733979e+01
9.733979e+01
9.733979e+01
9.733979e+01
9.733979e+01
9.733979e+01
9.733979e+01
9.733979e+01
9.733979e+01
9.733979e+01
9.733979e+01
9.733979e+01
9.733979e+01
9.733979e+01
9.733979e+01
9.733979e+01
9.733979e+01
9.733979e+01
9.733979e+01
9.733979e+01
9.733979e+01
9.733979e+01
9.733979e+01
9.733979e+01
9.733979e+01
9.733979e+01
9.733979e+01
9.733979e+01
9.733979e+01
9.733979e+01
9.733979e+01
9.733979e+01
9.733979e+01
9.733979e+01
9.733979e+01
9.733979e+01
9.733979e+01
9.733979e+01
9.733979e+01
9.733979e+01
9.733979e+01
9.733979e+01
9.733979e+01
9.733979e+01
9.733979e+01
9.733979e+01
9.733979e+01
9.733979e+01
9.733979e+01
9.733979e+01
9.733979e+01
9.733979e+01
9.733979e+01
9.733979e+01
9.733979e+01
9.733979e+01
9.733979e+01
9.733979e+01
9.733979e+01
9.733979e+01
9.733979e+01
9.733979e+01
9.733979e+01
9.733979e+01
9.733979e+01
9.733979e+01
9.733979e+01
9.733979e+01
9.733979e+01
9.733979e+01
9.733979e+01
9.733979e+01
9.733979e+01
9.733979e+01
9.733979e+01
9.733979e+01
9.733979e+01
9.733979e+01
9.733979e+01
9.733979e+01
9.733979e+01
9.733979e+01
9.733979e+01
9.733979e+01
9.733979e+01
9.733979e+01
9.733979e+01
9.733979e+01
9.733979e+01
9.733979e+01
9.733979e+01
9.733979e+01
9.733979e+01
9.733979e+01
9.733979e+01
9.733979e+01
9.733979e+01
9.733979e+01
9.733979e+01
9.733979e+01
9.733979e+01
9.733979e+01
9.733979e+01
9.733979e+01
9.733979e+01
9.733979e+01
9.733979e+01
9.733979e+01
9.733979e+01
9.733979e+01
9.733979e+01
9.733979e+01
9.733979e+01
9.733979e+01
9.733979e+01
9.733979e+01
9.733979e+01
9.733979e+01
9.733979e+01
9.733979e+01
9.733979e+01
9.733979e+01
9.733979e+01
9.733979e+01
9.733979e+01
9.733979e+01
9.733979e+01
9.733979e+01
9.733979e+01
9.733979e+01
9.733979e+01
9.733979e+01
9.733979e+01
9.733979e+01
9.733979e+01
9.733979e+01
9.733979e+01
9.733979e+01
9.733979e+01
9.733979e+01
9.733979e+01
9.733979e+01
9.733979e+01
9.733979e+01
9.733979e+01
9.733979e+01
9.733979e+01
9.733979e+01
9.733979e+01
9.733979e+01
9.733979e+01
9.733979e+01
9.733979e+01
9.733979e+01
9.733979e+01
9.733979e+01
9.733979e+01
9.733979e+01
9.733979e+01
9.733979e+01
9.733979e+01
9.733979e+01
9.733979e+01
9.733979e+01
9.733979e+01
9.733979e+01
9.733979e+01
9.733979e+01
9.733979e+01
9.733979e+01
9.733979e+01
9.733979e+01
9.733979e+01
9.733979e+01
9.733979e+01
9.733979e+01
9.733979e+01
9.733979e+01
9.733979e+01
9.733979e+01
9.733979e+01
9.733979e+01
9.733979e+01
9.733979e+01
9.733979e+01
9.733979e+01
9.733979e+01
9.733979e+01
9.733979e+01
9.733979e+01
9.733979e+01
9.733979e+01
9.733979e+01
9.733979e+01
9.733979e+01
9.733979e+01
9.733979e+01
9.733979e+01
9.733979e+01
9.733979e+01
9.733979e+01
9.733979e+01
9.733979e+01
9.733979e+01
9.733979e+01
9.733979e+01
9.733979e+01
9.733979e+01
9.733979e+01
9.733979e+01
9.733979e+01
9.733979e+01
9.733979e+01
9.733979e+01
9.733979e+01
9.733979e+01
9.733979e+01
9.733979e+01
9.733979e+01
9.733979e+01
9.733979e+01
9.733979e+01
9.733979e+01
9.733979e+01
9.733979e+01
9.733979e+01
9.733979e+01
9.733979e+01
9.733979e+01
9.733979e+01
9.733979e+01
9.733979e+01
9.733979e+01
9.733979e+01
9.733979e+01
9.733979e+01
9.733979e+01
9.733979e+01
9.733979e+01
9.733979e+01
9.733979e+01
9.733979e+01
9.733979e+01
9.733979e+01
9.733979e+01
9.733979e+01
9.733979e+01
9.733979e+01
9.688188e+01
9.688188e+01
9.688188e+01
9.688188e+01
9.688188e+01
9.688188e+01
9.688188e+01
9.688188e+01
9.688188e+01
9.688188e+01
9.688188e+01
9.688188e+01
9.688188e+01
9.688188e+01
9.688188e+01
9.688188e+01
9.688188e+01
9.688188e+01
9.688188e+01
9.688188e+01
9.688188e+01
9.688188e+01
9.688188e+01
9.688188e+01
9.688188e+01
9.688188e+01
9.688188e+01
9.688188e+01
9.688188e+01
9.688188e+01
9.688188e+01
9.688188e+01
9.688188e+01
9.688188e+01
9.664312e+01
9.664312e+01
9.664312e+01
9.664312e+01
9.664312e+01
9.664312e+01
9.664312e+01
9.664312e+01
9.664312e+01
9.664312e+01
9.664312e+01
9.664312e+01
9.664312e+01
9.664312e+01
9.664312e+01
9.664312e+01
9.664312e+01
9.664312e+01
9.664312e+01
9.664312e+01
9.664312e+01
9.664312e+01
9.664312e+01
9.664312e+01
9.664312e+01
9.664312e+01
9.664312e+01
9.664312e+01
9.664312e+01
9.664312e+01
9.664312e+01
9.664312e+01
9.664312e+01
9.664312e+01
9.664312e+01
9.664312e+01
9.664312e+01
9.664312e+01
9.664312e+01
9.664312e+01
9.664312e+01
9.664312e+01
9.664312e+01
9.664312e+01
9.664312e+01
9.664312e+01
9.664312e+01
9.664312e+01
9.664312e+01
9.664312e+01
9.664312e+01
9.664312e+01
9.664312e+01
9.664312e+01
9.664312e+01
9.664312e+01
9.664312e+01
9.664312e+01
9.664312e+01
9.664312e+01
9.664312e+01
9.664312e+01
9.664312e+01
9.664312e+01
9.664312e+01
9.664312e+01
9.664312e+01
9.664312e+01
9.664312e+01
9.664312e+01
9.664312e+01
9.664312e+01
9.664312e+01
9.664312e+01
9.664312e+01
9.664312e+01
9.664312e+01
9.664312e+01
9.664312e+01
9.664312e+01
9.664312e+01
9.664312e+01
9.664312e+01
9.664312e+01
9.664312e+01
9.664312e+01
9.664312e+01
9.664312e+01
9.664312e+01
9.664312e+01
9.664312e+01
9.664312e+01
9.664312e+01
9.664312e+01
9.664312e+01
9.664312e+01
9.664312e+01
9.664312e+01
9.664312e+01
9.664312e+01
9.664312e+01
9.664312e+01
9.664312e+01
9.664312e+01
9.664312e+01
9.664312e+01
9.664312e+01
9.664312e+01
9.664312e+01
9.664312e+01
9.664312e+01
9.664312e+01
9.664312e+01
9.664312e+01
9.664312e+01
9.664312e+01
9.298173e+01
9.298173e+01
9.298173e+01
9.298173e+01
9.298173e+01
9.298173e+01
9.298173e+01
9.298173e+01
9.298173e+01
9.298173e+01
9.298173e+01
9.298173e+01
9.298173e+01
9.298173e+01
9.298173e+01
9.298173e+01
9.298173e+01
9.298173e+01
9.298173e+01
9.298173e+01
9.298173e+01
9.298173e+01
9.298173e+01
9.298173e+01
9.298173e+01
9.298173e+01
9.298173e+01
9.298173e+01
9.298173e+01
9.298173e+01
9.298173e+01
9.298173e+01
9.298173e+01
9.298173e+01
9.298173e+01
9.298173e+01
9.298173e+01
9.298173e+01
9.298173e+01
9.298173e+01
9.298173e+01
9.298173e+01
9.298173e+01
9.298173e+01
9.298173e+01
9.298173e+01
9.298173e+01
9.298173e+01
9.298173e+01
9.298173e+01
9.298173e+01
9.298173e+01
9.298173e+01
9.298173e+01
9.298173e+01
9.298173e+01
9.298173e+01
9.298173e+01
9.298173e+01
9.298173e+01
9.298173e+01
9.298173e+01
9.298173e+01
9.298173e+01
9.298173e+01
9.298173e+01
9.298173e+01
9.298173e+01
9.298173e+01
9.298173e+01
9.298173e+01
9.298173e+01
9.298173e+01
9.298173e+01
9.298173e+01
9.298173e+01
9.298173e+01
9.298173e+01
9.298173e+01
9.298173e+01
9.298173e+01
9.298173e+01
9.298173e+01
9.298173e+01
9.298173e+01
9.298173e+01
9.298173e+01
9.298173e+01
9.298173e+01
9.298173e+01
9.298173e+01
9.298173e+01
9.298173e+01
9.298173e+01
9.298173e+01
9.298173e+01
9.298173e+01
9.298173e+01
9.298173e+01
9.298173e+01
9.298173e+01
9.298173e+01
9.298173e+01
9.298173e+01
9.298173e+01
9.298173e+01
9.298173e+01
9.298173e+01
9.298173e+01
9.298173e+01
9.298173e+01
9.298173e+01
9.298173e+01
9.298173e+01
9.298173e+01
9.298173e+01
9.298173e+01
9.298173e+01
9.298173e+01
9.298173e+01
9.298173e+01
9.298173e+01
9.298173e+01
9.298173e+01
9.298173e+01
9.298173e+01
9.298173e+01
9.298173e+01
9.298173e+01
9.298173e+01
9.298173e+01
9.298173e+01
9.298173e+01
9.298173e+01
9.298173e+01
9.298173e+01
9.298173e+01
9.298173e+01
9.298173e+01
9.298173e+01
9.298173e+01
9.298173e+01
9.298173e+01
9.298173e+01
9.298173e+01
9.298173e+01
9.298173e+01
9.298173e+01
9.298173e+01
9.298173e+01
9.298173e+01
9.298173e+01
9.298173e+01
9.298173e+01
9.298173e+01
9.298173e+01
9.298173e+01
9.298173e+01
9.298173e+01
9.298173e+01
9.298173e+01
9.298173e+01
9.298173e+01
9.298173e+01
9.298173e+01
9.298173e+01
9.298173e+01
9.298173e+01
9.298173e+01
9.298173e+01
9.298173e+01
9.298173e+01
9.298173e+01
9.298173e+01
9.298173e+01
9.298173e+01
9.298173e+01
9.298173e+01
9.298173e+01
9.298173e+01
9.298173e+01
9.298173e+01
9.298173e+01
9.298173e+01
9.298173e+01
9.298173e+01
9.298173e+01
9.298173e+01
9.298173e+01
9.298173e+01
9.298173e+01
9.298173e+01
9.298173e+01
9.298173e+01
9.298173e+01
9.298173e+01
9.298173e+01
9.298173e+01
9.298173e+01
9.298173e+01
9.298173e+01
9.298173e+01
9.298173e+01
9.298173e+01
9.298173e+01
9.298173e+01
9.298173e+01
9.298173e+01
9.298173e+01
9.298173e+01
9.298173e+01
9.298173e+01
9.298173e+01
9.298173e+01
9.298173e+01
9.298173e+01
9.298173e+01
9.298173e+01
9.298173e+01
9.298173e+01
9.298173e+01
9.298173e+01
9.298173e+01
9.298173e+01
9.298173e+01
9.298173e+01
9.298173e+01
9.298173e+01
9.298173e+01
9.298173e+01
9.298173e+01
9.298173e+01
9.298173e+01
9.298173e+01
9.298173e+01
9.298173e+01
9.298173e+01
9.298173e+01
9.298173e+01
9.298173e+01
9.298173e+01
9.298173e+01
9.298173e+01
9.298173e+01
9.298173e+01
9.298173e+01
9.298173e+01
9.298173e+01
9.298173e+01
9.298173e+01
9.298173e+01
9.298173e+01
9.298173e+01
9.298173e+01
9.298173e+01
9.298173e+01
9.298173e+01
9.298173e+01
9.298173e+01
9.298173e+01
9.298173e+01
9.298173e+01
9.298173e+01
9.298173e+01
9.298173e+01
9.298173e+01
9.298173e+01
9.298173e+01
9.298173e+01
9.298173e+01
9.298173e+01
9.298173e+01
9.298173e+01
9.298173e+01
9.298173e+01
9.298173e+01
9.298173e+01
9.298173e+01
9.298173e+01
9.298173e+01
9.298173e+01
9.298173e+01
9.298173e+01
9.298173e+01
9.298173e+01
9.298173e+01
9.298173e+01
9.298173e+01
9.298173e+01
9.298173e+01
9.298173e+01
9.298173e+01
9.298173e+01
9.298173e+01
9.298173e+01
9.298173e+01
9.298173e+01
9.298173e+01
9.298173e+01
9.298173e+01
9.284976e+01
9.284976e+01
9.284976e+01
9.284976e+01
9.284976e+01
9.284976e+01
9.284976e+01
9.284976e+01
9.284976e+01
9.284976e+01
9.284976e+01
9.284976e+01
9.284976e+01
9.284976e+01
9.284976e+01
9.284976e+01
9.284976e+01
9.284976e+01
9.284976e+01
9.284976e+01
9.284976e+01
9.284976e+01
9.284976e+01
9.284976e+01
9.284976e+01
9.284976e+01
9.284976e+01
9.284976e+01
9.284976e+01
9.284976e+01
9.284976e+01
9.284976e+01
9.284976e+01
9.284976e+01
9.284976e+01
9.284976e+01
9.284976e+01
9.284976e+01
9.284976e+01
9.284976e+01
9.284976e+01
9.284976e+01
9.284976e+01
9.284976e+01
9.284976e+01
9.284976e+01
9.284976e+01
9.284976e+01
9.284976e+01
9.284976e+01
9.284976e+01
9.284976e+01
9.284976e+01
9.284976e+01
9.284976e+01
9.284976e+01
9.284976e+01
9.284976e+01
9.284976e+01
9.284976e+01
9.284976e+01
9.284976e+01
9.284976e+01
9.284976e+01
9.284976e+01
9.284976e+01
9.284976e+01
9.284976e+01
9.284976e+01
9.284976e+01
9.284976e+01
9.284976e+01
9.284976e+01
9.284976e+01
9.284976e+01
9.284976e+01
9.284976e+01
9.284976e+01
9.284976e+01
9.284976e+01
9.284976e+01
9.284976e+01
9.284976e+01
9.284976e+01
9.284976e+01
9.284976e+01
9.284976e+01
9.284976e+01
9.284976e+01
9.284976e+01
9.284976e+01
9.284976e+01
9.284976e+01
9.284976e+01
9.284976e+01
9.284976e+01
9.284976e+01
9.284976e+01
9.284976e+01
9.284976e+01
9.284976e+01
9.284976e+01
9.284976e+01
9.284976e+01
9.284976e+01
9.284976e+01
9.284976e+01
9.284976e+01
9.284976e+01
9.284976e+01
9.284976e+01
9.284976e+01
9.284976e+01
9.284976e+01
9.284976e+01
9.284976e+01
9.284976e+01
9.284976e+01
9.284976e+01
9.284976e+01
9.284976e+01
9.284976e+01
9.284976e+01
9.284976e+01
9.284976e+01
9.284976e+01
9.284976e+01
9.284976e+01
9.284976e+01
9.284976e+01
9.284976e+01
9.284976e+01
9.284976e+01
9.284976e+01
9.284976e+01
9.284976e+01
9.284976e+01
9.284976e+01
9.284976e+01
9.284976e+01
9.284976e+01
9.284976e+01
9.284976e+01
9.284976e+01
9.284976e+01
9.284976e+01
9.284976e+01
9.284976e+01
9.284976e+01
9.284976e+01
9.284976e+01
9.284976e+01
9.284976e+01
9.284976e+01
9.284976e+01
9.284976e+01
9.284976e+01
9.284976e+01
9.284976e+01
9.284976e+01
9.284976e+01
9.284976e+01
9.284976e+01
9.284976e+01
9.284976e+01
9.284976e+01
9.284976e+01
9.284976e+01
9.284976e+01
9.284976e+01
9.284976e+01
9.284976e+01
9.284976e+01
9.284976e+01
9.284976e+01
9.284976e+01
9.284976e+01
9.284976e+01
9.284976e+01
9.284976e+01
9.284976e+01
9.284976e+01
9.284976e+01
9.284976e+01
9.284976e+01
9.284976e+01
9.284976e+01
9.284976e+01
9.284976e+01
9.284976e+01
9.284976e+01
9.284976e+01
9.284976e+01
9.284976e+01
9.284976e+01
9.284976e+01
9.284976e+01
9.284976e+01
9.284976e+01
9.284976e+01
9.284976e+01
9.284976e+01
9.284976e+01
9.284976e+01
9.284976e+01
9.284976e+01
9.284976e+01
9.284976e+01
9.284976e+01
9.284976e+01
9.284976e+01
9.284976e+01
9.284976e+01
9.284976e+01
9.284976e+01
9.284976e+01
9.284976e+01
9.284976e+01
9.284976e+01
9.284976e+01
9.284976e+01
9.284976e+01
9.284976e+01
9.284976e+01
9.284976e+01
9.284976e+01
9.284976e+01
9.284976e+01
9.284976e+01
9.284976e+01
9.284976e+01
9.284976e+01
9.284976e+01
9.284976e+01
9.284976e+01
9.284976e+01
9.284976e+01
9.284976e+01
9.284976e+01
9.284976e+01
9.284976e+01
9.284976e+01
9.284976e+01
9.284976e+01
9.284976e+01
9.284976e+01
9.284976e+01
9.284976e+01
9.284976e+01
9.284976e+01
9.284976e+01
9.284976e+01
9.284976e+01
9.284976e+01
9.284976e+01
9.284976e+01
9.284976e+01
9.284976e+01
9.284976e+01
9.284976e+01
9.284976e+01
9.284976e+01
9.284976e+01
9.284976e+01
9.284976e+01
9.284976e+01
9.284976e+01
9.284976e+01
9.284976e+01
9.284976e+01
9.284976e+01
9.284976e+01
9.284976e+01
9.284976e+01
9.284976e+01
9.284976e+01
9.284976e+01
9.284976e+01
9.284976e+01
9.284976e+01
9.284976e+01
9.284976e+01
9.284976e+01
9.284976e+01
9.284976e+01
9.284976e+01
9.284976e+01
9.284976e+01
9.284976e+01
9.284976e+01
9.284976e+01
9.284976e+01
9.284976e+01
9.284976e+01
9.284976e+01
9.284976e+01
9.284976e+01
9.284976e+01
9.284976e+01
