6.473009e+02  1.965766e+01
5.852969e+02  2.343020e+01
5.291717e+02  1.785692e+01
4.915455e+02  1.345369e+01
4.657686e+02  9.254171e+00
4.482540e+02  1.086115e+01
4.235896e+02  1.292993e+01
3.908622e+02  1.302128e+01
3.665874e+02  6.195382e+00
3.553222e+02  4.983540e+00
3.444714e+02  4.490416e+00
3.354391e+02  3.817630e+00
3.267604e+02  3.618658e+00
3.189734e+02  3.086191e+00
3.126162e+02  3.310663e+00
3.042218e+02  3.985694e+00
2.953098e+02  3.158362e+00
2.885541e+02  2.898166e+00
2.830857e+02  2.034313e+00
2.786748e+02  1.912912e+00
2.746016e+02  2.251287e+00
2.696462e+02  2.416076e+00
2.647282e+02  2.224691e+00
2.599394e+02  2.231592e+00
2.556209e+02  2.129233e+00
2.510298e+02  2.144460e+00
2.474415e+02  1.112401e+00
2.442721e+02  2.278427e+00
2.400180e+02  1.276135e+00
2.377345e+02  1.178275e+00
2.348865e+02  1.325725e+00
2.326497e+02  4.619739e-01
2.315369e+02  9.278335e-01
2.298164e+02  1.120596e+00
2.277955e+02  1.080161e+00
2.259705e+02  1.216525e+00
2.235415e+02  1.114753e+00
2.222670e+02  4.913892e-01
2.216559e+02  6.459162e-01
2.213656e+02  1.322065e+00
2.206743e+02  1.958455e+00
2.186192e+02  1.445883e+00
2.168999e+02  1.417100e+00
2.150400e+02  1.909612e+00
2.123016e+02  2.005508e+00
2.090606e+02  2.020566e+00
2.054872e+02  1.595079e+00
2.038331e+02  6.585678e-01
2.031922e+02  9.794408e-01
2.005728e+02  2.775067e+00
1.955214e+02  2.817628e+00
1.896861e+02  2.999740e+00
1.834688e+02  1.777215e+00
1.809322e+02  4.421918e-01
1.795967e+02  9.706984e-01
1.779650e+02  9.419558e-01
1.761211e+02  9.327451e-01
1.746827e+02  1.040033e+00
1.713674e+02  2.076701e+00
1.685696e+02  4.220734e-01
1.679835e+02  7.134523e-01
1.677561e+02  2.654256e+00
1.656449e+02  4.811338e-01
1.649827e+02  2.998270e-01
1.646813e+02  3.429114e-01
1.632639e+02  1.294559e+00
1.612662e+02  5.041330e-01
1.605132e+02  2.609095e-01
1.600710e+02  3.833284e-01
1.593392e+02  4.011180e-01
1.588271e+02  4.824125e-01
1.577386e+02  7.075146e-01
1.566876e+02  7.262650e-01
1.557280e+02  7.363398e-01
1.547204e+02  7.313507e-01
1.538401e+02  4.739720e-01
1.532186e+02  4.327038e-01
1.523192e+02  5.343509e-01
1.514757e+02  3.790733e-01
1.509646e+02  1.738744e-01
1.505363e+02  4.069641e-01
1.497827e+02  5.418215e-01
1.489405e+02  2.592626e-01
1.486660e+02  2.812937e-01
1.481967e+02  4.023277e-01
1.476398e+02  2.323724e-01
1.469446e+02  8.389358e-01
1.452045e+02  7.419068e-01
1.439342e+02  5.662013e-01
1.428586e+02  2.427927e-01
1.424445e+02  1.208965e-01
1.422186e+02  2.277316e-01
1.417596e+02  1.162199e-01
1.414368e+02  2.598326e-01
1.409130e+02  1.741240e-01
1.403647e+02  6.525669e-01
1.391995e+02  4.734899e-01
1.389295e+02  8.968549e-02
1.387112e+02  2.649372e-01
1.381223e+02  6.111529e-01
1.370127e+02  6.590913e-01
1.360671e+02  2.261645e-01
1.358412e+02  9.173515e-02
1.356554e+02  1.012882e-01
1.354306e+02  2.110371e-01
1.349725e+02  2.026962e-01
1.346787e+02  1.793359e-01
1.342728e+02  1.679177e-01
1.340965e+02  1.613635e-01
1.337310e+02  2.030799e-01
1.334396e+02  4.141078e-02
1.334202e+02  1.282948e-02
1.332572e+02  2.490049e-01
1.326949e+02  1.828099e-01
1.323026e+02  2.187058e-01
1.316974e+02  2.789480e-01
1.311759e+02  2.221439e-01
1.307896e+02  3.794678e-02
1.306385e+02  2.612357e-01
1.299830e+02  4.216798e-01
1.292223e+02  2.435730e-01
1.285750e+02  5.400820e-01
1.279484e+02  4.304448e-03
1.279124e+02  8.892232e-02
1.277408e+02  1.794556e-01
1.275161e+02  1.659765e-01
1.274049e+02  6.568789e-03
1.273745e+02  4.843250e-02
1.271944e+02  2.463494e-01
1.266957e+02  2.884345e-01
1.263921e+02  1.257896e-01
1.261548e+02  1.371949e-01
1.259464e+02  1.411359e-01
1.254117e+02  4.978270e-01
1.247596e+02  2.727123e-02
1.246220e+02  1.332569e-01
1.244410e+02  2.530742e-04
1.244218e+02  6.645728e-02
1.242558e+02  1.467270e-01
1.240132e+02  2.895502e-01
1.235956e+02  3.327830e-01
1.233499e+02  1.492044e-03
1.233399e+02  2.796651e-02
1.232901e+02  4.117803e-02
1.232616e+02  6.110668e-12
1.232616e+02  6.110668e-12
1.232615e+02  3.364588e-03
1.232240e+02  6.230792e-02
1.231434e+02  5.170128e-02
1.231208e+02  9.286332e-05
1.231198e+02  7.331636e-03
1.234053e+02  9.305025e-01
1.231247e+02  5.924660e-01
1.228017e+02  9.388460e-02
1.226884e+02  1.130567e-01
1.225662e+02  1.126661e-01
1.224992e+02  1.094236e-12
1.224988e+02  1.521358e-02
1.223763e+02  2.616210e-01
1.218446e+02  3.848245e-01
1.213546e+02  1.692635e-01
1.212865e+02  9.180212e-12
1.212864e+02  2.394764e-03
1.212529e+02  6.026781e-02
1.211484e+02  2.241793e-02
1.211446e+02  5.943488e-03
1.210989e+02  9.635059e-02
1.209378e+02  9.284584e-02
1.208961e+02  1.030287e-11
1.208960e+02  3.706434e-03
1.208432e+02  9.442987e-02
1.205712e+02  2.236022e-01
1.200860e+02  2.739007e-01
1.197772e+02  5.238319e-02
1.197561e+02  1.780239e-02
1.197248e+02  7.322240e-03
1.196731e+02  9.658168e-02
1.195208e+02  8.118035e-02
1.194875e+02  7.716494e-12
1.194875e+02  1.003130e-03
1.194810e+02  1.857140e-02
1.194479e+02  2.796393e-02
1.194282e+02  5.059064e-12
1.194281e+02  1.517879e-03
1.194076e+02  4.096816e-02
1.191413e+02  3.808208e-01
1.184237e+02  1.911475e-01
1.183480e+02  1.302869e-03
1.183303e+02  3.241358e-02
1.182730e+02  1.259097e-02
1.182709e+02  1.421085e-12
1.182709e+02  2.367900e-03
1.182367e+02  6.045229e-02
1.181112e+02  1.016930e-01
1.179477e+02  9.109052e-02
1.179010e+02  4.019325e-03
1.178709e+02  8.286093e-02
1.176155e+02  2.050871e-01
1.173970e+02  6.646856e-02
1.172846e+02  1.300379e-01
1.171133e+02  7.306878e-02
1.170844e+02  3.229896e-03
1.170834e+02  6.338041e-12
1.170834e+02  6.338041e-12
1.170832e+02  1.170172e-02
1.169674e+02  2.580924e-01
1.165100e+02  2.606530e-01
1.163411e+02  9.196795e-02
1.161717e+02  6.821210e-13
1.161717e+02  6.821210e-13
1.161717e+02  6.821210e-13
1.161717e+02  6.821210e-13
1.161717e+02  6.821210e-13
1.161717e+02  6.821210e-13
1.161717e+02  6.821210e-13
1.161717e+02  6.821210e-13
1.161717e+02  6.821210e-13
1.161715e+02  8.666060e-03
1.161003e+02  1.406357e-01
1.158349e+02  1.938443e-01
1.156039e+02  7.348472e-02
1.155767e+02  6.906475e-12
1.155767e+02  6.906475e-12
1.155767e+02  6.906475e-12
1.155767e+02  6.906475e-12
1.155767e+02  6.906475e-12
1.155767e+02  6.906475e-12
1.155766e+02  5.458684e-03
1.154994e+02  1.377682e-01
1.152536e+02  5.868520e-03
1.152047e+02  1.121903e-01
1.149602e+02  1.706467e-01
1.147845e+02  4.658465e-03
1.147371e+02  1.037386e-01
1.145614e+02  1.078245e-01
1.145089e+02  1.179501e-12
1.145089e+02  1.179501e-12
1.145089e+02  1.179501e-12
1.145087e+02  7.950507e-03
1.144385e+02  1.473237e-01
1.141398e+02  2.060654e-01
1.138834e+02  7.165898e-02
1.138606e+02  7.887024e-12
1.138604e+02  1.139672e-02
1.137669e+02  2.327793e-01
1.133680e+02  2.983667e-01
1.131729e+02  2.659152e-02
1.131263e+02  2.748341e-02
1.129411e+02  4.131050e-01
1.122200e+02  4.581042e-01
1.119543e+02  7.292989e-02
1.118266e+02  7.993245e-02
1.117865e+02  5.670131e-12
1.117865e+02  5.670131e-12
1.117865e+02  1.447429e-03
1.117659e+02  3.661028e-02
1.117009e+02  1.522133e-03
1.117009e+02  3.009352e-04
1.116969e+02  1.060602e-02
1.116239e+02  1.549010e-01
1.113465e+02  1.861114e-01
1.112423e+02  2.147167e-02
1.109367e+02  5.404487e-01
1.099639e+02  1.073930e-01
1.099158e+02  4.135359e-12
1.099158e+02  9.644247e-05
1.099128e+02  1.067073e-02
1.098712e+02  2.715907e-02
1.098338e+02  3.951922e-02
1.097661e+02  3.809899e-02
1.097491e+02  3.008125e-04
1.097449e+02  7.564102e-03
1.097314e+02  1.406875e-12
1.097314e+02  1.406875e-12
1.097313e+02  1.686227e-03
1.097098e+02  4.102282e-02
1.096368e+02  2.185148e-02
1.096316e+02  6.323830e-12
1.096316e+02  6.323830e-12
1.096316e+02  6.323830e-12
1.096316e+02  1.058303e-03
1.096220e+02  3.792605e-02
1.092960e+02  3.840039e-01
1.087965e+02  8.100187e-12
1.087965e+02  8.100187e-12
1.087965e+02  8.100187e-12
1.087965e+02  8.100187e-12
1.087965e+02  8.100187e-12
1.087965e+02  8.100187e-12
1.087965e+02  8.100187e-12
1.087965e+02  2.620251e-04
1.087928e+02  6.616022e-03
1.087810e+02  7.091217e-12
1.087810e+02  7.091217e-12
1.087810e+02  7.091217e-12
1.087810e+02  7.091217e-12
1.087810e+02  7.091217e-12
1.087810e+02  7.091217e-12
1.087810e+02  7.091217e-12
1.087810e+02  7.091217e-12
1.087810e+02  7.091217e-12
1.087802e+02  4.815171e-02
1.085869e+02  6.802521e-01
1.076924e+02  1.903144e+00
1.059413e+02  8.530128e-02
1.059319e+02  2.728484e-12
1.059319e+02  2.728484e-12
1.059319e+02  2.728484e-12
1.059319e+02  2.728484e-12
1.059319e+02  2.728484e-12
1.059319e+02  2.728484e-12
1.059319e+02  2.728484e-12
1.059319e+02  2.728484e-12
1.059319e+02  2.728484e-12
1.059319e+02  2.728484e-12
1.059319e+02  2.728484e-12
1.059319e+02  2.728484e-12
1.059319e+02  2.728484e-12
1.059319e+02  2.728484e-12
1.059319e+02  2.728484e-12
1.059319e+02  2.728484e-12
1.059319e+02  2.728484e-12
1.059319e+02  2.728484e-12
1.059319e+02  2.728484e-12
1.059319e+02  2.728484e-12
1.059319e+02  2.728484e-12
1.059319e+02  2.728484e-12
1.059319e+02  2.728484e-12
1.059319e+02  2.728484e-12
1.059319e+02  2.728484e-12
1.059319e+02  2.728484e-12
1.059319e+02  2.728484e-12
1.059319e+02  2.728484e-12
1.059319e+02  2.728484e-12
1.059319e+02  2.728484e-12
1.059319e+02  2.728484e-12
1.059319e+02  2.728484e-12
1.059319e+02  2.728484e-12
1.059319e+02  2.728484e-12
1.059319e+02  2.728484e-12
1.059319e+02  2.728484e-12
1.059319e+02  2.728484e-12
1.059319e+02  2.728484e-12
1.059319e+02  2.728484e-12
1.059319e+02  2.728484e-12
1.059318e+02  5.910272e-03
1.058494e+02  1.484309e-01
1.055822e+02  6.110668e-12
1.055822e+02  6.110668e-12
1.055822e+02  6.110668e-12
1.055822e+02  6.110668e-12
1.055822e+02  6.110668e-12
1.055822e+02  6.110668e-12
1.055822e+02  6.110668e-12
1.055822e+02  6.110668e-12
1.055822e+02  6.110668e-12
1.055822e+02  6.110668e-12
1.055822e+02  6.110668e-12
1.055822e+02  6.110668e-12
1.055822e+02  6.110668e-12
1.055822e+02  6.110668e-12
1.055819e+02  1.684575e-02
1.053379e+02  4.313454e-01
1.044144e+02  2.895235e-01
1.040964e+02  3.808509e-12
1.040964e+02  3.808509e-12
1.040964e+02  3.808509e-12
1.040964e+02  3.808509e-12
1.040964e+02  3.808509e-12
1.040964e+02  3.808509e-12
1.040964e+02  3.808509e-12
1.040964e+02  3.808509e-12
1.040964e+02  3.808509e-12
1.040964e+02  3.808509e-12
1.040964e+02  3.808509e-12
1.040964e+02  3.808509e-12
1.040964e+02  3.808509e-12
1.040964e+02  3.808509e-12
1.040964e+02  3.808509e-12
1.040964e+02  3.808509e-12
1.040964e+02  3.808509e-12
1.040964e+02  3.808509e-12
1.040964e+02  3.808509e-12
1.040964e+02  3.808509e-12
1.040964e+02  3.808509e-12
1.040964e+02  3.808509e-12
1.040964e+02  3.808509e-12
1.040964e+02  3.808509e-12
1.040964e+02  3.808509e-12
1.040964e+02  3.808509e-12
1.040964e+02  3.808509e-12
1.040964e+02  3.808509e-12
1.040964e+02  3.808509e-12
1.040964e+02  3.808509e-12
1.040964e+02  3.808509e-12
1.040964e+02  3.808509e-12
1.040964e+02  3.808509e-12
1.040964e+02  3.808509e-12
1.040964e+02  3.808509e-12
1.040964e+02  3.808509e-12
1.040964e+02  3.808509e-12
1.040964e+02  3.808509e-12
1.040964e+02  3.808509e-12
1.040964e+02  3.808509e-12
1.040964e+02  3.808509e-12
1.040964e+02  3.808509e-12
1.040964e+02  3.808509e-12
1.040964e+02  3.808509e-12
1.040964e+02  3.808509e-12
1.040964e+02  3.808509e-12
1.040964e+02  3.808509e-12
1.040964e+02  3.808509e-12
1.040964e+02  3.808509e-12
1.040964e+02  3.808509e-12
1.040964e+02  3.808509e-12
1.040964e+02  3.808509e-12
1.040964e+02  3.808509e-12
1.040964e+02  3.808509e-12
1.040964e+02  3.808509e-12
1.040964e+02  3.808509e-12
1.040964e+02  3.808509e-12
1.040964e+02  3.808509e-12
1.040964e+02  3.808509e-12
1.040964e+02  3.808509e-12
1.040964e+02  3.808509e-12
1.040964e+02  3.808509e-12
1.040964e+02  3.808509e-12
1.040964e+02  3.808509e-12
1.040964e+02  3.808509e-12
1.040964e+02  3.808509e-12
1.040964e+02  3.808509e-12
1.040964e+02  3.808509e-12
1.040964e+02  3.808509e-12
1.040964e+02  3.808509e-12
1.040964e+02  3.808509e-12
1.040964e+02  3.808509e-12
1.040964e+02  3.808509e-12
1.040964e+02  3.808509e-12
1.040964e+02  3.808509e-12
1.040964e+02  3.808509e-12
1.040964e+02  3.808509e-12
1.040964e+02  3.808509e-12
1.040964e+02  3.808509e-12
1.040964e+02  3.808509e-12
1.040964e+02  3.808509e-12
1.040964e+02  3.808509e-12
1.040964e+02  3.808509e-12
1.040964e+02  3.808509e-12
1.040964e+02  3.808509e-12
1.040964e+02  3.808509e-12
1.040964e+02  3.808509e-12
1.040964e+02  3.808509e-12
1.040964e+02  3.808509e-12
1.040964e+02  3.808509e-12
1.040964e+02  3.808509e-12
1.040964e+02  3.808509e-12
1.040964e+02  3.808509e-12
1.040964e+02  3.808509e-12
1.040964e+02  3.808509e-12
1.040964e+02  3.808509e-12
1.040964e+02  3.808509e-12
1.040964e+02  3.808509e-12
1.040964e+02  3.808509e-12
1.040964e+02  3.808509e-12
1.040964e+02  3.808509e-12
1.040964e+02  3.808509e-12
1.040964e+02  3.808509e-12
1.040964e+02  3.808509e-12
1.040964e+02  3.808509e-12
1.040964e+02  3.808509e-12
1.040964e+02  3.808509e-12
1.040964e+02  3.808509e-12
1.040964e+02  3.808509e-12
1.040964e+02  3.808509e-12
1.040964e+02  3.808509e-12
1.040964e+02  3.808509e-12
1.040964e+02  3.808509e-12
1.040964e+02  3.808509e-12
1.040964e+02  3.808509e-12
1.040964e+02  3.808509e-12
1.040964e+02  3.808509e-12
1.040964e+02  3.808509e-12
1.040964e+02  3.808509e-12
1.040964e+02  3.808509e-12
1.040964e+02  3.808509e-12
1.040964e+02  3.808509e-12
1.040964e+02  3.808509e-12
1.040964e+02  3.808509e-12
1.040964e+02  3.808509e-12
1.040964e+02  3.808509e-12
1.040964e+02  3.808509e-12
1.040964e+02  3.808509e-12
1.040964e+02  3.808509e-12
1.040964e+02  3.808509e-12
1.040963e+02  1.446333e-03
1.040766e+02  3.604553e-02
1.040114e+02  7.062231e-03
1.040108e+02  6.991741e-12
1.040108e+02  6.991741e-12
1.040108e+02  6.991741e-12
1.040108e+02  6.991741e-12
1.040108e+02  6.991741e-12
1.040108e+02  6.991741e-12
1.040108e+02  6.991741e-12
1.040108e+02  6.991741e-12
1.040108e+02  6.991741e-12
1.040108e+02  6.991741e-12
1.040108e+02  6.991741e-12
1.040108e+02  6.991741e-12
1.040108e+02  6.991741e-12
1.040108e+02  6.991741e-12
1.040108e+02  6.991741e-12
1.040108e+02  6.991741e-12
1.040107e+02  2.673197e-03
1.039723e+02  6.782697e-02
1.038533e+02  1.168342e-02
1.037980e+02  9.272661e-02
1.033279e+02  6.086274e-01
1.022173e+02  2.433754e-01
1.021725e+02  5.229595e-12
1.021725e+02  5.229595e-12
1.021725e+02  5.229595e-12
1.021725e+02  3.419805e-03
1.021223e+02  8.741776e-02
1.019702e+02  1.875833e-12
1.019702e+02  1.875833e-12
1.019702e+02  1.875833e-12
1.019702e+02  1.875833e-12
1.019702e+02  1.875833e-12
1.019702e+02  1.875833e-12
1.019702e+02  1.875833e-12
1.019702e+02  1.875833e-12
1.019702e+02  1.875833e-12
1.019702e+02  1.875833e-12
1.019702e+02  1.875833e-12
1.019702e+02  1.875833e-12
1.019702e+02  1.875833e-12
1.019702e+02  1.875833e-12
1.019702e+02  1.875833e-12
1.019702e+02  1.875833e-12
1.019702e+02  1.875833e-12
1.019702e+02  1.875833e-12
1.019702e+02  1.875833e-12
1.019702e+02  1.875833e-12
1.019702e+02  1.875833e-12
1.019702e+02  1.875833e-12
1.019702e+02  1.875833e-12
1.019702e+02  1.875833e-12
1.019702e+02  1.875833e-12
1.019702e+02  1.875833e-12
1.019702e+02  1.875833e-12
1.019702e+02  1.875833e-12
1.019702e+02  1.875833e-12
1.019702e+02  1.875833e-12
1.019702e+02  1.875833e-12
1.019702e+02  1.875833e-12
1.019702e+02  1.875833e-12
1.019702e+02  1.875833e-12
1.019702e+02  1.875833e-12
1.019702e+02  1.875833e-12
1.019702e+02  1.875833e-12
1.019702e+02  1.875833e-12
1.019702e+02  1.875833e-12
1.019702e+02  1.875833e-12
1.019702e+02  1.875833e-12
1.019702e+02  1.875833e-12
1.019702e+02  1.875833e-12
1.019702e+02  1.875833e-12
1.019702e+02  1.875833e-12
1.019702e+02  1.875833e-12
1.019702e+02  1.875833e-12
1.019702e+02  1.875833e-12
1.019702e+02  1.875833e-12
1.019702e+02  1.875833e-12
1.019702e+02  1.875833e-12
1.019702e+02  1.875833e-12
1.019702e+02  1.875833e-12
1.019702e+02  1.875833e-12
1.019702e+02  1.875833e-12
1.019700e+02  7.249338e-03
1.018675e+02  1.829319e-01
1.015412e+02  2.856382e-12
1.015412e+02  2.856382e-12
1.015412e+02  2.856382e-12
1.015412e+02  2.856382e-12
1.015412e+02  2.856382e-12
1.015412e+02  2.856382e-12
1.015412e+02  2.856382e-12
1.015412e+02  2.856382e-12
1.015412e+02  2.856382e-12
1.015412e+02  2.856382e-12
1.015412e+02  2.856382e-12
1.015412e+02  2.856382e-12
1.015412e+02  2.856382e-12
1.015412e+02  2.856382e-12
1.015412e+02  2.856382e-12
1.015412e+02  2.856382e-12
1.015412e+02  2.856382e-12
1.015412e+02  2.856382e-12
1.015412e+02  2.856382e-12
1.015412e+02  2.856382e-12
1.015412e+02  2.856382e-12
1.015412e+02  2.856382e-12
1.015412e+02  2.856382e-12
1.015412e+02  2.856382e-12
1.015412e+02  2.856382e-12
1.015412e+02  2.856382e-12
1.015412e+02  2.856382e-12
1.015412e+02  2.856382e-12
1.015412e+02  2.856382e-12
1.015412e+02  2.856382e-12
1.015412e+02  2.856382e-12
1.015412e+02  2.856382e-12
1.015412e+02  2.856382e-12
1.015412e+02  2.856382e-12
1.015412e+02  2.856382e-12
1.015412e+02  2.856382e-12
1.015412e+02  2.856382e-12
1.015412e+02  2.856382e-12
1.015412e+02  2.856382e-12
1.015412e+02  2.856382e-12
1.015412e+02  2.856382e-12
1.015412e+02  2.856382e-12
1.015412e+02  2.856382e-12
1.015412e+02  2.856382e-12
1.015412e+02  2.856382e-12
1.015412e+02  2.856382e-12
1.015412e+02  2.856382e-12
1.015412e+02  2.856382e-12
1.015412e+02  2.856382e-12
1.015412e+02  2.856382e-12
1.015412e+02  2.856382e-12
1.015412e+02  2.856382e-12
1.015412e+02  2.856382e-12
1.015412e+02  2.856382e-12
1.015412e+02  2.856382e-12
1.015412e+02  2.856382e-12
1.015412e+02  2.856382e-12
1.015412e+02  2.856382e-12
1.015412e+02  2.856382e-12
1.015412e+02  2.856382e-12
1.015412e+02  2.856382e-12
1.015412e+02  2.856382e-12
1.015412e+02  2.856382e-12
1.015412e+02  2.856382e-12
1.015412e+02  2.856382e-12
1.015412e+02  2.856382e-12
1.015412e+02  2.856382e-12
1.015412e+02  2.856382e-12
1.015412e+02  2.856382e-12
1.015412e+02  2.856382e-12
1.015412e+02  2.856382e-12
1.015412e+02  2.856382e-12
1.015412e+02  2.856382e-12
1.015412e+02  2.856382e-12
1.015412e+02  2.856382e-12
1.015412e+02  2.856382e-12
1.015412e+02  2.856382e-12
1.015412e+02  2.856382e-12
1.015412e+02  2.856382e-12
1.015412e+02  2.856382e-12
1.015412e+02  2.856382e-12
1.015412e+02  2.856382e-12
1.015412e+02  2.856382e-12
1.015412e+02  2.856382e-12
1.015412e+02  2.856382e-12
1.015412e+02  2.856382e-12
1.015412e+02  2.856382e-12
1.015412e+02  2.856382e-12
1.015412e+02  2.856382e-12
1.015412e+02  2.856382e-12
1.015412e+02  2.856382e-12
1.015412e+02  2.856382e-12
1.015412e+02  2.856382e-12
1.015412e+02  2.856382e-12
1.015412e+02  2.856382e-12
1.015412e+02  2.856382e-12
1.015412e+02  2.856382e-12
1.015412e+02  2.856382e-12
1.015412e+02  2.856382e-12
1.015412e+02  2.856382e-12
1.015412e+02  2.856382e-12
1.015412e+02  2.856382e-12
1.015412e+02  2.856382e-12
1.015412e+02  2.856382e-12
1.015412e+02  2.856382e-12
1.015412e+02  2.856382e-12
1.015412e+02  2.856382e-12
1.015412e+02  2.856382e-12
1.015412e+02  2.856382e-12
1.015412e+02  2.856382e-12
1.015412e+02  2.856382e-12
1.015412e+02  2.856382e-12
1.015412e+02  2.856382e-12
1.015412e+02  2.856382e-12
1.015412e+02  2.856382e-12
1.015412e+02  2.856382e-12
1.015412e+02  2.856382e-12
1.015412e+02  2.856382e-12
1.015412e+02  2.856382e-12
1.015412e+02  2.856382e-12
1.015412e+02  2.856382e-12
1.015412e+02  2.856382e-12
1.015412e+02  2.856382e-12
1.015412e+02  2.856382e-12
1.015412e+02  2.856382e-12
1.015412e+02  2.856382e-12
1.015412e+02  2.856382e-12
1.015412e+02  2.856382e-12
1.015412e+02  2.856382e-12
1.015412e+02  2.856382e-12
1.015412e+02  2.856382e-12
1.015412e+02  2.856382e-12
1.015412e+02  2.856382e-12
1.015412e+02  2.856382e-12
1.015412e+02  2.856382e-12
1.015412e+02  2.856382e-12
1.015412e+02  2.856382e-12
1.015412e+02  2.856382e-12
1.015412e+02  2.856382e-12
1.015412e+02  2.856382e-12
1.015412e+02  2.856382e-12
1.015412e+02  2.856382e-12
1.015412e+02  2.856382e-12
1.015412e+02  2.856382e-12
1.015412e+02  2.856382e-12
1.015412e+02  2.856382e-12
1.015412e+02  2.856382e-12
1.015412e+02  2.856382e-12
1.015412e+02  2.856382e-12
1.015412e+02  2.856382e-12
1.015412e+02  2.856382e-12
1.015412e+02  2.856382e-12
1.015412e+02  2.856382e-12
1.015412e+02  2.856382e-12
1.015412e+02  2.856382e-12
1.015412e+02  2.856382e-12
1.015412e+02  2.856382e-12
1.015412e+02  2.856382e-12
1.015412e+02  2.856382e-12
1.015412e+02  2.856382e-12
1.015412e+02  2.856382e-12
1.015412e+02  2.856382e-12
1.015412e+02  2.856382e-12
1.015412e+02  2.856382e-12
1.015412e+02  2.856382e-12
1.015412e+02  2.856382e-12
1.015412e+02  2.856382e-12
1.015412e+02  2.856382e-12
1.015412e+02  2.856382e-12
1.015412e+02  2.856382e-12
1.015412e+02  2.856382e-12
1.015412e+02  2.856382e-12
1.015412e+02  2.856382e-12
1.015412e+02  2.856382e-12
1.015412e+02  2.856382e-12
1.015412e+02  2.856382e-12
1.015412e+02  2.856382e-12
1.015412e+02  2.856382e-12
1.015412e+02  2.856382e-12
1.015412e+02  2.856382e-12
1.015412e+02  2.856382e-12
1.015412e+02  2.856382e-12
1.015412e+02  2.856382e-12
1.015412e+02  2.856382e-12
1.015412e+02  2.856382e-12
1.015412e+02  2.856382e-12
1.015412e+02  2.856382e-12
1.015411e+02  7.746503e-03
1.014511e+02  1.821335e-01
1.011197e+02  1.242390e-01
1.010829e+02  5.087486e-12
1.010829e+02  5.087486e-12
1.010829e+02  5.087486e-12
1.010827e+02  8.413643e-03
1.009912e+02  1.928956e-01
1.006305e+02  1.431912e-01
1.005850e+02  4.504841e-12
1.005850e+02  4.504841e-12
1.005850e+02  4.504841e-12
1.005850e+02  4.504841e-12
1.005850e+02  4.504841e-12
1.005850e+02  4.504841e-12
1.005850e+02  4.504841e-12
1.005850e+02  4.504841e-12
1.005850e+02  4.504841e-12
1.005850e+02  4.504841e-12
1.005850e+02  4.504841e-12
1.005850e+02  4.504841e-12
1.005850e+02  4.504841e-12
1.005850e+02  4.504841e-12
1.005850e+02  4.504841e-12
1.005850e+02  4.504841e-12
1.005850e+02  4.504841e-12
1.005850e+02  4.504841e-12
1.005850e+02  4.719906e-03
1.005317e+02  1.098106e-01
1.003293e+02  7.759615e-02
1.003058e+02  3.197442e-12
1.003058e+02  3.197442e-12
1.003058e+02  3.197442e-12
1.003058e+02  3.197442e-12
1.003057e+02  6.865612e-03
1.002275e+02  1.601855e-01
9.993330e+01  1.120348e-01
9.989954e+01  4.447998e-12
9.989954e+01  4.447998e-12
9.989954e+01  4.447998e-12
9.989954e+01  4.447998e-12
9.989954e+01  4.447998e-12
9.989954e+01  4.447998e-12
9.989954e+01  4.447998e-12
9.989954e+01  4.447998e-12
9.989954e+01  4.447998e-12
9.989954e+01  4.447998e-12
9.989954e+01  4.447998e-12
9.989954e+01  4.447998e-12
9.989954e+01  4.447998e-12
9.989954e+01  4.447998e-12
9.989954e+01  4.447998e-12
9.989954e+01  4.447998e-12
9.989954e+01  4.447998e-12
9.989954e+01  4.447998e-12
9.989954e+01  4.447998e-12
9.989954e+01  4.447998e-12
9.989954e+01  4.447998e-12
9.989954e+01  4.447998e-12
9.989954e+01  4.447998e-12
9.989954e+01  4.447998e-12
9.989954e+01  4.447998e-12
9.989954e+01  4.447998e-12
9.989954e+01  4.447998e-12
9.989954e+01  4.447998e-12
9.989954e+01  4.447998e-12
9.989954e+01  4.447998e-12
9.989954e+01  4.447998e-12
9.989954e+01  4.447998e-12
9.989954e+01  4.447998e-12
9.989954e+01  4.447998e-12
9.989954e+01  4.447998e-12
9.989954e+01  4.447998e-12
9.989954e+01  4.447998e-12
9.989954e+01  4.447998e-12
9.989954e+01  4.447998e-12
9.989954e+01  4.447998e-12
9.989954e+01  4.447998e-12
9.989954e+01  4.447998e-12
9.989954e+01  4.447998e-12
9.989954e+01  4.447998e-12
9.989954e+01  4.447998e-12
9.989954e+01  4.447998e-12
9.989954e+01  4.447998e-12
9.989954e+01  4.447998e-12
9.989954e+01  4.447998e-12
9.989954e+01  4.447998e-12
9.989954e+01  4.447998e-12
9.989954e+01  4.447998e-12
9.989954e+01  4.447998e-12
9.989954e+01  4.447998e-12
9.989954e+01  4.447998e-12
9.989954e+01  4.447998e-12
9.989954e+01  4.447998e-12
9.989954e+01  4.447998e-12
9.989954e+01  4.447998e-12
9.989954e+01  4.447998e-12
9.989945e+01  5.128221e-03
9.982749e+01  1.291089e-01
9.959749e+01  2.046887e-02
9.959610e+01  5.258016e-13
9.959610e+01  5.258016e-13
9.959610e+01  5.258016e-13
9.959610e+01  5.258016e-13
9.959610e+01  5.258016e-13
9.959610e+01  5.258016e-13
9.959610e+01  5.258016e-13
9.959610e+01  5.258016e-13
9.959610e+01  5.258016e-13
9.959610e+01  5.258016e-13
9.959610e+01  5.258016e-13
9.959610e+01  5.258016e-13
9.959610e+01  5.258016e-13
9.959610e+01  5.258016e-13
9.959610e+01  5.258016e-13
9.959610e+01  5.258016e-13
9.959610e+01  5.258016e-13
9.959610e+01  5.258016e-13
9.959610e+01  5.258016e-13
9.959610e+01  5.258016e-13
9.959610e+01  5.258016e-13
9.959610e+01  5.258016e-13
9.959610e+01  5.258016e-13
9.959610e+01  5.258016e-13
9.959610e+01  5.258016e-13
9.959610e+01  5.258016e-13
9.959610e+01  5.258016e-13
9.959610e+01  5.258016e-13
9.959610e+01  5.258016e-13
9.959610e+01  5.258016e-13
9.959610e+01  5.258016e-13
9.959610e+01  5.258016e-13
9.959610e+01  5.258016e-13
9.959610e+01  5.258016e-13
9.959610e+01  5.258016e-13
9.959610e+01  5.258016e-13
9.959610e+01  5.258016e-13
9.959610e+01  5.258016e-13
9.959610e+01  5.258016e-13
9.959610e+01  5.258016e-13
9.959610e+01  5.258016e-13
9.959610e+01  5.258016e-13
9.959610e+01  5.258016e-13
9.959610e+01  5.258016e-13
9.959610e+01  5.258016e-13
9.959610e+01  5.258016e-13
9.959610e+01  5.258016e-13
9.959610e+01  5.258016e-13
9.959610e+01  5.258016e-13
9.959610e+01  5.258016e-13
9.959610e+01  5.258016e-13
9.959610e+01  5.258016e-13
9.959610e+01  5.258016e-13
9.959610e+01  5.258016e-13
9.959610e+01  5.258016e-13
9.959610e+01  5.258016e-13
9.959610e+01  5.258016e-13
9.959610e+01  5.258016e-13
9.959610e+01  5.258016e-13
9.959610e+01  5.258016e-13
9.959610e+01  5.258016e-13
9.959610e+01  5.258016e-13
9.959610e+01  5.258016e-13
9.959610e+01  5.258016e-13
9.959610e+01  5.258016e-13
9.959610e+01  5.258016e-13
9.959610e+01  5.258016e-13
9.959610e+01  5.258016e-13
9.959610e+01  5.258016e-13
9.959610e+01  5.258016e-13
9.959610e+01  5.258016e-13
9.959610e+01  5.258016e-13
9.959610e+01  5.258016e-13
9.959610e+01  5.258016e-13
9.959610e+01  5.258016e-13
9.959610e+01  5.258016e-13
9.959610e+01  5.258016e-13
9.959610e+01  5.258016e-13
9.959604e+01  3.787783e-03
9.954283e+01  9.540425e-02
9.937240e+01  9.408737e-03
9.937198e+01  6.480150e-12
9.937198e+01  6.480150e-12
9.937198e+01  6.480150e-12
9.937198e+01  6.480150e-12
9.937198e+01  6.480150e-12
9.937198e+01  6.480150e-12
9.937198e+01  6.480150e-12
9.937198e+01  6.480150e-12
9.937198e+01  6.480150e-12
9.937198e+01  6.480150e-12
9.937198e+01  6.480150e-12
9.937198e+01  6.480150e-12
9.937198e+01  6.480150e-12
9.937198e+01  6.480150e-12
9.937198e+01  6.480150e-12
9.937198e+01  6.480150e-12
9.937198e+01  6.480150e-12
9.937198e+01  6.480150e-12
9.937198e+01  6.480150e-12
9.937198e+01  6.480150e-12
9.937198e+01  6.480150e-12
9.937198e+01  6.480150e-12
9.937198e+01  6.480150e-12
9.937198e+01  6.480150e-12
9.937198e+01  6.480150e-12
9.937198e+01  6.480150e-12
9.937198e+01  6.480150e-12
9.937198e+01  6.480150e-12
9.937198e+01  6.480150e-12
9.937198e+01  6.480150e-12
9.937198e+01  6.480150e-12
9.937198e+01  6.480150e-12
9.937198e+01  6.480150e-12
9.937198e+01  6.480150e-12
9.937198e+01  6.480150e-12
9.937198e+01  6.480150e-12
9.937198e+01  6.480150e-12
9.937198e+01  6.480150e-12
9.937198e+01  6.480150e-12
9.937198e+01  6.480150e-12
9.937198e+01  6.480150e-12
9.937198e+01  6.480150e-12
9.937196e+01  1.219779e-03
9.935420e+01  3.113698e-02
9.929357e+01  8.680032e-03
9.928150e+01  4.817480e-12
9.928150e+01  4.817480e-12
9.928150e+01  4.817480e-12
9.928150e+01  4.817480e-12
9.928150e+01  4.817480e-12
9.928150e+01  4.817480e-12
9.928150e+01  4.817480e-12
9.928150e+01  4.817480e-12
9.928150e+01  4.817480e-12
9.928150e+01  4.817480e-12
9.928150e+01  4.817480e-12
9.928150e+01  4.817480e-12
9.928150e+01  4.817480e-12
9.928150e+01  4.817480e-12
9.928150e+01  4.817480e-12
9.928150e+01  4.817480e-12
9.928150e+01  4.817480e-12
9.928150e+01  4.817480e-12
9.928150e+01  4.817480e-12
9.928150e+01  4.817480e-12
9.928150e+01  4.817480e-12
9.928150e+01  4.817480e-12
9.928150e+01  4.817480e-12
9.928150e+01  4.817480e-12
9.928150e+01  4.817480e-12
9.928150e+01  4.817480e-12
9.928150e+01  4.817480e-12
9.928150e+01  4.817480e-12
9.928150e+01  4.817480e-12
9.928150e+01  4.817480e-12
9.928150e+01  4.817480e-12
9.928150e+01  4.817480e-12
9.928150e+01  4.817480e-12
9.928150e+01  4.817480e-12
9.928150e+01  4.817480e-12
9.928150e+01  4.817480e-12
9.928150e+01  4.817480e-12
9.928150e+01  4.817480e-12
9.928150e+01  4.817480e-12
9.928150e+01  4.817480e-12
9.928150e+01  4.817480e-12
9.928150e+01  4.817480e-12
9.928150e+01  4.817480e-12
9.928150e+01  4.817480e-12
9.928150e+01  4.817480e-12
9.928150e+01  4.817480e-12
9.928150e+01  4.817480e-12
9.928143e+01  4.175749e-03
9.922340e+01  1.047820e-01
9.903442e+01  2.160050e-12
9.903442e+01  2.160050e-12
9.903442e+01  2.160050e-12
9.903442e+01  2.160050e-12
9.903442e+01  2.160050e-12
9.903442e+01  2.160050e-12
9.903442e+01  2.160050e-12
9.903442e+01  3.616201e-04
9.902939e+01  9.077940e-03
9.901303e+01  3.765876e-12
9.901303e+01  3.765876e-12
9.901303e+01  3.765876e-12
9.901301e+01  6.739288e-04
9.900356e+01  1.696746e-02
9.897346e+01  3.488802e-03
9.897315e+01  3.794298e-12
9.897315e+01  3.794298e-12
9.897315e+01  3.794298e-12
9.897315e+01  3.794298e-12
9.897315e+01  3.794298e-12
9.897315e+01  3.794298e-12
9.897315e+01  3.794298e-12
9.897315e+01  3.794298e-12
9.897315e+01  3.794298e-12
9.897315e+01  3.794298e-12
9.897315e+01  3.794298e-12
9.897315e+01  3.794298e-12
9.897315e+01  3.794298e-12
9.897315e+01  3.794298e-12
9.897315e+01  3.794298e-12
9.897315e+01  3.794298e-12
9.897315e+01  3.794298e-12
9.897315e+01  3.794298e-12
9.897315e+01  3.794298e-12
9.897315e+01  3.794298e-12
9.897315e+01  3.794298e-12
9.897315e+01  3.794298e-12
9.897315e+01  3.794298e-12
9.897315e+01  3.794298e-12
9.897315e+01  3.794298e-12
9.897315e+01  3.794298e-12
9.897315e+01  3.794298e-12
9.897315e+01  3.794298e-12
9.897315e+01  3.794298e-12
9.897315e+01  3.794298e-12
9.897315e+01  3.794298e-12
9.897315e+01  3.794298e-12
9.897315e+01  3.794298e-12
9.897315e+01  3.794298e-12
9.897315e+01  3.794298e-12
9.897315e+01  3.794298e-12
9.897315e+01  3.794298e-12
9.897315e+01  3.794298e-12
9.897315e+01  3.794298e-12
9.897315e+01  3.794298e-12
9.897315e+01  3.794298e-12
9.897315e+01  3.794298e-12
9.897315e+01  3.794298e-12
9.897315e+01  3.794298e-12
9.897315e+01  3.794298e-12
9.897315e+01  3.794298e-12
9.897315e+01  3.794298e-12
9.897315e+01  3.794298e-12
9.897315e+01  3.794298e-12
9.897315e+01  3.794298e-12
9.897315e+01  3.794298e-12
9.897315e+01  3.794298e-12
9.897315e+01  3.794298e-12
9.897315e+01  3.794298e-12
9.897315e+01  3.794298e-12
9.897315e+01  3.794298e-12
9.897315e+01  3.794298e-12
9.897315e+01  3.794298e-12
9.897315e+01  3.794298e-12
9.897315e+01  3.794298e-12
9.897315e+01  3.794298e-12
9.897315e+01  3.794298e-12
9.897315e+01  3.794298e-12
9.897315e+01  3.794298e-12
9.897315e+01  3.794298e-12
9.897315e+01  3.794298e-12
9.897315e+01  3.794298e-12
9.897315e+01  3.794298e-12
9.897315e+01  3.794298e-12
9.897315e+01  3.794298e-12
9.897315e+01  3.794298e-12
9.897315e+01  3.794298e-12
9.897315e+01  3.794298e-12
9.897315e+01  3.794298e-12
9.897315e+01  3.794298e-12
9.897315e+01  3.794298e-12
9.897315e+01  3.794298e-12
9.897315e+01  3.794298e-12
9.897315e+01  3.794298e-12
9.897315e+01  3.794298e-12
9.897315e+01  3.794298e-12
9.897315e+01  3.794298e-12
9.897315e+01  3.794298e-12
9.897315e+01  3.794298e-12
9.897315e+01  3.794298e-12
9.897315e+01  3.794298e-12
9.897309e+01  3.576883e-03
9.892459e+01  8.898790e-02
9.876151e+01  8.398615e-12
9.876151e+01  8.398615e-12
9.876151e+01  8.398615e-12
9.876151e+01  8.398615e-12
9.876151e+01  8.398615e-12
9.876151e+01  8.398615e-12
9.876151e+01  8.398615e-12
9.876151e+01  8.398615e-12
9.876151e+01  8.398615e-12
9.876151e+01  8.398615e-12
9.876151e+01  8.398615e-12
9.876151e+01  8.398615e-12
9.876151e+01  8.398615e-12
9.876151e+01  8.398615e-12
9.876151e+01  8.398615e-12
9.876151e+01  8.398615e-12
9.876151e+01  8.398615e-12
9.876151e+01  8.398615e-12
9.876151e+01  8.398615e-12
9.876151e+01  8.398615e-12
9.876151e+01  8.398615e-12
9.876151e+01  8.398615e-12
9.876151e+01  8.398615e-12
9.876151e+01  8.398615e-12
9.876151e+01  8.398615e-12
9.876151e+01  8.398615e-12
9.876151e+01  8.398615e-12
9.876151e+01  8.398615e-12
9.876151e+01  8.398615e-12
9.876151e+01  8.398615e-12
9.876151e+01  8.398615e-12
9.876151e+01  8.398615e-12
9.876151e+01  8.398615e-12
9.876151e+01  8.398615e-12
9.876151e+01  8.398615e-12
9.876151e+01  8.398615e-12
9.876151e+01  8.398615e-12
9.876151e+01  8.398615e-12
9.876151e+01  8.398615e-12
9.876151e+01  8.398615e-12
9.876151e+01  8.398615e-12
9.876151e+01  8.398615e-12
9.876151e+01  8.398615e-12
9.876151e+01  8.398615e-12
9.876151e+01  8.398615e-12
9.876151e+01  8.398615e-12
9.876151e+01  8.398615e-12
9.876151e+01  8.398615e-12
9.876151e+01  8.398615e-12
9.876151e+01  8.398615e-12
9.876151e+01  8.398615e-12
9.876151e+01  8.398615e-12
9.876151e+01  8.398615e-12
9.876151e+01  8.398615e-12
9.876151e+01  8.398615e-12
9.876050e+01  5.987043e-02
9.855261e+01  8.258149e-01
9.782823e+01  2.840208e+00
9.645927e+01  2.239392e+00
9.645127e+01  2.210501e+00
9.555391e+01  1.703457e+00
9.397500e+01  8.897746e-01
9.298229e+01  1.641542e-01
9.291941e+01  5.428547e-12
9.291941e+01  5.428547e-12
9.291941e+01  5.428547e-12
9.291941e+01  5.428547e-12
9.291941e+01  5.428547e-12
9.291941e+01  5.428547e-12
9.291941e+01  5.428547e-12
9.291941e+01  5.428547e-12
9.291941e+01  5.428547e-12
9.291941e+01  5.428547e-12
9.291941e+01  5.428547e-12
9.291941e+01  5.428547e-12
9.291941e+01  5.428547e-12
9.291941e+01  5.428547e-12
9.291941e+01  5.428547e-12
9.291941e+01  5.428547e-12
9.291936e+01  3.242288e-03
9.287387e+01  8.163086e-02
9.272757e+01  3.296918e-12
9.272757e+01  3.296918e-12
9.272757e+01  3.296918e-12
9.272757e+01  3.296918e-12
9.272757e+01  3.296918e-12
9.272757e+01  3.296918e-12
9.272757e+01  3.296918e-12
9.272757e+01  3.296918e-12
9.272757e+01  3.296918e-12
9.272757e+01  3.296918e-12
9.272757e+01  3.296918e-12
9.272757e+01  3.296918e-12
9.272757e+01  3.296918e-12
9.272757e+01  3.296918e-12
9.272757e+01  3.296918e-12
9.272757e+01  3.296918e-12
9.272757e+01  3.296918e-12
9.272757e+01  3.296918e-12
9.272757e+01  3.296918e-12
9.272757e+01  3.296918e-12
9.272757e+01  3.296918e-12
9.272757e+01  3.296918e-12
9.272757e+01  3.296918e-12
9.272757e+01  3.296918e-12
9.272757e+01  3.296918e-12
9.272757e+01  3.296918e-12
9.272757e+01  3.296918e-12
9.272757e+01  3.296918e-12
9.272757e+01  3.296918e-12
9.272757e+01  3.296918e-12
9.272757e+01  3.296918e-12
9.272757e+01  3.296918e-12
9.272757e+01  3.296918e-12
9.272757e+01  3.296918e-12
9.272757e+01  3.296918e-12
9.272757e+01  3.296918e-12
9.272757e+01  3.296918e-12
9.272757e+01  3.296918e-12
9.272757e+01  3.296918e-12
9.272757e+01  3.296918e-12
9.272757e+01  3.296918e-12
9.272757e+01  3.296918e-12
9.272757e+01  3.296918e-12
9.272757e+01  3.296918e-12
9.272757e+01  3.296918e-12
9.272757e+01  3.296918e-12
9.272757e+01  3.296918e-12
9.272757e+01  3.296918e-12
9.272757e+01  3.296918e-12
9.272757e+01  3.296918e-12
9.272757e+01  3.296918e-12
9.272757e+01  3.296918e-12
9.272757e+01  3.296918e-12
9.272757e+01  3.296918e-12
9.272757e+01  3.296918e-12
9.272757e+01  3.296918e-12
9.272757e+01  3.296918e-12
9.272757e+01  3.296918e-12
9.272757e+01  3.296918e-12
9.272757e+01  3.296918e-12
9.272757e+01  3.296918e-12
9.272757e+01  3.296918e-12
9.272757e+01  3.296918e-12
9.272757e+01  3.296918e-12
9.272757e+01  3.296918e-12
9.272757e+01  3.296918e-12
9.272757e+01  3.296918e-12
9.272757e+01  3.296918e-12
9.272757e+01  3.296918e-12
9.272757e+01  3.296918e-12
9.272757e+01  3.296918e-12
9.272757e+01  3.296918e-12
9.272757e+01  3.296918e-12
9.272757e+01  3.296918e-12
9.272757e+01  3.296918e-12
9.272757e+01  3.296918e-12
9.272757e+01  3.296918e-12
9.272757e+01  3.296918e-12
9.272757e+01  3.296918e-12
9.272757e+01  3.296918e-12
9.272757e+01  3.296918e-12
9.272757e+01  3.296918e-12
9.272757e+01  3.296918e-12
9.272757e+01  3.296918e-12
9.272757e+01  3.296918e-12
9.272757e+01  3.296918e-12
9.272757e+01  3.296918e-12
9.272757e+01  3.296918e-12
9.272757e+01  3.296918e-12
9.272757e+01  3.296918e-12
9.272757e+01  3.296918e-12
9.272757e+01  3.296918e-12
9.272757e+01  3.296918e-12
9.272757e+01  3.296918e-12
9.272757e+01  3.296918e-12
9.272757e+01  3.296918e-12
9.272757e+01  3.296918e-12
9.272757e+01  3.296918e-12
9.272757e+01  3.296918e-12
9.272757e+01  3.296918e-12
9.272757e+01  3.296918e-12
9.272757e+01  3.296918e-12
9.272757e+01  3.296918e-12
9.272757e+01  3.296918e-12
9.272757e+01  3.296918e-12
9.272757e+01  3.296918e-12
9.272757e+01  3.296918e-12
9.272757e+01  3.296918e-12
9.272757e+01  3.296918e-12
9.272757e+01  3.296918e-12
9.272757e+01  3.296918e-12
9.272757e+01  3.296918e-12
9.272757e+01  3.296918e-12
9.272757e+01  3.296918e-12
9.272757e+01  3.296918e-12
9.272757e+01  3.296918e-12
9.272757e+01  3.296918e-12
9.272757e+01  3.296918e-12
9.272757e+01  3.296918e-12
9.272757e+01  3.296918e-12
9.272757e+01  3.296918e-12
9.272757e+01  3.296918e-12
9.272757e+01  3.296918e-12
9.272757e+01  3.296918e-12
9.272596e+01  9.552351e-02
9.196963e+01  1.843046e+00
8.863020e+01  2.343081e+00
8.707552e+01  2.856382e-12
8.707552e+01  2.856382e-12
8.707552e+01  2.856382e-12
8.707552e+01  2.856382e-12
8.707552e+01  2.856382e-12
8.707552e+01  2.856382e-12
8.707552e+01  2.856382e-12
8.707552e+01  2.856382e-12
8.707552e+01  2.856382e-12
8.707552e+01  2.856382e-12
8.707552e+01  2.856382e-12
8.707552e+01  2.856382e-12
8.707552e+01  2.856382e-12
8.707552e+01  2.856382e-12
8.707552e+01  2.856382e-12
8.707552e+01  2.856382e-12
8.707552e+01  2.856382e-12
8.707552e+01  2.856382e-12
8.707552e+01  2.856382e-12
8.707552e+01  2.856382e-12
8.707552e+01  2.856382e-12
8.707552e+01  2.856382e-12
8.707552e+01  2.856382e-12
8.707552e+01  2.856382e-12
8.707552e+01  2.856382e-12
8.707552e+01  2.856382e-12
8.707552e+01  2.856382e-12
8.707552e+01  2.856382e-12
8.707552e+01  2.856382e-12
8.707552e+01  2.856382e-12
8.707552e+01  2.856382e-12
8.707552e+01  2.856382e-12
8.707552e+01  2.856382e-12
8.707552e+01  2.856382e-12
8.707552e+01  2.856382e-12
8.707552e+01  2.856382e-12
8.707552e+01  2.856382e-12
8.707552e+01  2.856382e-12
8.707552e+01  2.856382e-12
8.707552e+01  2.856382e-12
8.707552e+01  2.856382e-12
8.707552e+01  2.856382e-12
8.707552e+01  2.856382e-12
8.707552e+01  2.856382e-12
8.707552e+01  2.856382e-12
8.707552e+01  2.856382e-12
8.707552e+01  2.856382e-12
8.707552e+01  2.856382e-12
8.707552e+01  2.856382e-12
8.707552e+01  2.856382e-12
8.707552e+01  2.856382e-12
8.707552e+01  2.856382e-12
8.707552e+01  2.856382e-12
8.707552e+01  2.856382e-12
8.707552e+01  2.856382e-12
8.707552e+01  2.856382e-12
8.707552e+01  2.856382e-12
8.707552e+01  2.856382e-12
8.707552e+01  2.856382e-12
8.707552e+01  2.856382e-12
8.707552e+01  2.856382e-12
8.707552e+01  2.856382e-12
8.707552e+01  2.856382e-12
8.707552e+01  2.856382e-12
8.707552e+01  2.856382e-12
8.707552e+01  2.856382e-12
8.707552e+01  2.856382e-12
8.707552e+01  2.856382e-12
8.707552e+01  2.856382e-12
8.707552e+01  2.856382e-12
8.707552e+01  2.856382e-12
8.707552e+01  2.856382e-12
8.707552e+01  2.856382e-12
8.707552e+01  2.856382e-12
8.707552e+01  2.856382e-12
8.707552e+01  2.856382e-12
8.707552e+01  2.856382e-12
8.707552e+01  2.856382e-12
8.707552e+01  2.856382e-12
8.707552e+01  2.856382e-12
8.707552e+01  2.856382e-12
8.707552e+01  2.856382e-12
8.707552e+01  2.856382e-12
8.707552e+01  2.856382e-12
8.707552e+01  2.856382e-12
8.707552e+01  2.856382e-12
8.707552e+01  2.856382e-12
8.707552e+01  2.856382e-12
8.707552e+01  2.856382e-12
8.707552e+01  2.856382e-12
8.707552e+01  2.856382e-12
8.707552e+01  2.856382e-12
8.707552e+01  2.856382e-12
8.707552e+01  2.856382e-12
8.707552e+01  2.856382e-12
8.707552e+01  2.856382e-12
8.707552e+01  2.856382e-12
8.707552e+01  2.856382e-12
8.707552e+01  2.856382e-12
8.707552e+01  2.856382e-12
8.707552e+01  2.856382e-12
8.707552e+01  2.856382e-12
8.707552e+01  2.856382e-12
8.707552e+01  2.856382e-12
8.707552e+01  2.856382e-12
8.707552e+01  2.856382e-12
8.707552e+01  2.856382e-12
8.707552e+01  2.856382e-12
8.707552e+01  2.856382e-12
8.707552e+01  2.856382e-12
8.707552e+01  2.856382e-12
8.707552e+01  2.856382e-12
8.707552e+01  2.856382e-12
8.707552e+01  2.856382e-12
8.707552e+01  2.856382e-12
8.707552e+01  2.856382e-12
8.707552e+01  2.856382e-12
8.707552e+01  2.856382e-12
8.707552e+01  2.856382e-12
8.707552e+01  2.856382e-12
8.707552e+01  2.856382e-12
8.707552e+01  2.856382e-12
8.707552e+01  2.856382e-12
8.707552e+01  2.856382e-12
8.707552e+01  2.856382e-12
8.707552e+01  2.856382e-12
8.707552e+01  2.856382e-12
8.707552e+01  2.856382e-12
8.707552e+01  2.856382e-12
8.707552e+01  2.856382e-12
8.707552e+01  2.856382e-12
8.707552e+01  2.856382e-12
8.707552e+01  2.856382e-12
8.707552e+01  2.856382e-12
8.707552e+01  2.856382e-12
8.707552e+01  2.856382e-12
8.707552e+01  2.856382e-12
8.707552e+01  2.856382e-12
8.707552e+01  2.856382e-12
8.707552e+01  2.856382e-12
8.707552e+01  2.856382e-12
8.707552e+01  2.856382e-12
8.707552e+01  2.856382e-12
8.707552e+01  2.856382e-12
8.707552e+01  2.856382e-12
8.707552e+01  2.856382e-12
8.707552e+01  2.856382e-12
8.707550e+01  1.201890e-03
8.706615e+01  2.404964e-02
8.702301e+01  3.125984e-02
8.700440e+01  2.287948e-12
8.700440e+01  2.287948e-12
8.700440e+01  2.287948e-12
8.700440e+01  2.287948e-12
8.700440e+01  2.287948e-12
8.700440e+01  2.287948e-12
8.700440e+01  2.287948e-12
8.700440e+01  2.287948e-12
8.700440e+01  2.287948e-12
8.700440e+01  2.287948e-12
8.700440e+01  2.287948e-12
8.700440e+01  2.287948e-12
8.700440e+01  2.287948e-12
8.700440e+01  2.287948e-12
8.700440e+01  2.287948e-12
8.700440e+01  2.287948e-12
8.700440e+01  2.287948e-12
8.700440e+01  2.287948e-12
8.700440e+01  2.287948e-12
8.700440e+01  2.287948e-12
8.700440e+01  2.287948e-12
8.700440e+01  2.287948e-12
8.700440e+01  2.287948e-12
8.700440e+01  2.287948e-12
8.700440e+01  2.287948e-12
8.700440e+01  2.287948e-12
8.700440e+01  2.287948e-12
8.700440e+01  2.287948e-12
8.700440e+01  2.287948e-12
8.700440e+01  2.287948e-12
8.700440e+01  2.287948e-12
8.700440e+01  2.287948e-12
8.700440e+01  2.287948e-12
8.700440e+01  2.287948e-12
8.700440e+01  2.287948e-12
8.700440e+01  2.287948e-12
8.700440e+01  2.287948e-12
8.700440e+01  2.287948e-12
8.700440e+01  2.287948e-12
8.700440e+01  2.287948e-12
8.700440e+01  2.287948e-12
8.700440e+01  2.287948e-12
8.700440e+01  2.287948e-12
8.700440e+01  2.287948e-12
8.700440e+01  2.287948e-12
8.700440e+01  2.287948e-12
8.700440e+01  2.287948e-12
8.700440e+01  2.287948e-12
8.700440e+01  2.287948e-12
8.700440e+01  2.287948e-12
8.700440e+01  2.287948e-12
8.700440e+01  2.287948e-12
8.700440e+01  2.287948e-12
8.700440e+01  2.287948e-12
8.700440e+01  2.287948e-12
8.700440e+01  2.287948e-12
8.700440e+01  2.287948e-12
8.700440e+01  2.287948e-12
8.700440e+01  2.287948e-12
8.700440e+01  2.287948e-12
8.700440e+01  2.287948e-12
8.700440e+01  2.287948e-12
8.700440e+01  2.287948e-12
8.700440e+01  2.287948e-12
8.700440e+01  2.287948e-12
8.700440e+01  2.287948e-12
8.700440e+01  2.287948e-12
8.700440e+01  2.287948e-12
8.700440e+01  2.287948e-12
8.700440e+01  2.287948e-12
8.700440e+01  2.287948e-12
8.700440e+01  2.287948e-12
8.700440e+01  2.287948e-12
8.700440e+01  2.287948e-12
8.700440e+01  2.287948e-12
8.700440e+01  2.287948e-12
8.700440e+01  2.287948e-12
8.700440e+01  2.287948e-12
8.700440e+01  2.287948e-12
8.700440e+01  2.287948e-12
8.700440e+01  2.287948e-12
8.700440e+01  2.287948e-12
8.700440e+01  2.287948e-12
8.700440e+01  2.287948e-12
8.700440e+01  2.287948e-12
8.700440e+01  2.287948e-12
8.700440e+01  2.287948e-12
8.700440e+01  2.287948e-12
8.700440e+01  2.287948e-12
8.700440e+01  2.287948e-12
8.700440e+01  2.287948e-12
8.700440e+01  2.287948e-12
8.700440e+01  2.287948e-12
8.700440e+01  2.287948e-12
8.700440e+01  2.287948e-12
8.700440e+01  2.287948e-12
8.700440e+01  2.287948e-12
8.700440e+01  2.287948e-12
8.700440e+01  2.287948e-12
8.700440e+01  2.287948e-12
8.700440e+01  2.287948e-12
8.700440e+01  2.287948e-12
8.700440e+01  2.287948e-12
8.700440e+01  2.287948e-12
8.700440e+01  2.287948e-12
8.700440e+01  2.287948e-12
8.700440e+01  2.287948e-12
8.700440e+01  2.287948e-12
8.700440e+01  2.287948e-12
8.700440e+01  2.287948e-12
8.700440e+01  2.287948e-12
8.700440e+01  2.287948e-12
8.700440e+01  2.287948e-12
8.700440e+01  2.287948e-12
8.700440e+01  2.287948e-12
8.700440e+01  2.287948e-12
8.700440e+01  2.287948e-12
8.700440e+01  2.287948e-12
8.700440e+01  2.287948e-12
8.700440e+01  2.287948e-12
8.700440e+01  2.287948e-12
8.700440e+01  2.287948e-12
8.700440e+01  2.287948e-12
8.700440e+01  2.287948e-12
8.700440e+01  2.287948e-12
8.700440e+01  2.287948e-12
8.700440e+01  2.287948e-12
8.700440e+01  2.287948e-12
8.700440e+01  2.287948e-12
8.700440e+01  2.287948e-12
8.700440e+01  2.287948e-12
8.700440e+01  2.287948e-12
8.700440e+01  2.287948e-12
8.700440e+01  2.287948e-12
8.700440e+01  2.287948e-12
8.700440e+01  2.287948e-12
8.700440e+01  2.287948e-12
8.700440e+01  2.287948e-12
8.700440e+01  2.287948e-12
8.700440e+01  2.287948e-12
8.700440e+01  2.287948e-12
8.700440e+01  2.287948e-12
8.700440e+01  2.287948e-12
8.700440e+01  2.287948e-12
8.700440e+01  2.287948e-12
8.700440e+01  2.287948e-12
8.700440e+01  2.287948e-12
8.700440e+01  2.287948e-12
8.700440e+01  2.287948e-12
8.700440e+01  2.287948e-12
8.700440e+01  2.287948e-12
8.700440e+01  2.287948e-12
8.700440e+01  2.287948e-12
8.700440e+01  2.287948e-12
8.700440e+01  2.287948e-12
8.700440e+01  2.287948e-12
8.700440e+01  2.287948e-12
8.700440e+01  2.287948e-12
8.700440e+01  2.287948e-12
8.700440e+01  2.287948e-12
8.700440e+01  2.287948e-12
8.700440e+01  2.287948e-12
8.700440e+01  2.287948e-12
8.700440e+01  2.287948e-12
8.700440e+01  2.287948e-12
8.700440e+01  2.287948e-12
8.700440e+01  2.287948e-12
8.700440e+01  2.287948e-12
8.700440e+01  2.287948e-12
8.700440e+01  2.287948e-12
8.700440e+01  2.287948e-12
8.700440e+01  2.287948e-12
8.700440e+01  2.287948e-12
8.700440e+01  2.287948e-12
8.700440e+01  2.287948e-12
8.700440e+01  2.287948e-12
8.700440e+01  2.287948e-12
8.700440e+01  2.287948e-12
8.700440e+01  2.287948e-12
8.700440e+01  2.287948e-12
8.700440e+01  2.287948e-12
8.700440e+01  2.287948e-12
8.700440e+01  2.287948e-12
8.700440e+01  2.287948e-12
8.700440e+01  2.287948e-12
8.700440e+01  2.287948e-12
8.700440e+01  2.287948e-12
8.700440e+01  2.287948e-12
8.700440e+01  2.287948e-12
8.700440e+01  2.287948e-12
8.700440e+01  2.287948e-12
8.700440e+01  2.287948e-12
8.700440e+01  2.287948e-12
8.700440e+01  2.287948e-12
8.700440e+01  2.287948e-12
8.700440e+01  2.287948e-12
8.700440e+01  2.287948e-12
8.700440e+01  2.287948e-12
8.700440e+01  2.287948e-12
8.700440e+01  2.287948e-12
8.700440e+01  2.287948e-12
8.700440e+01  2.287948e-12
8.700440e+01  2.287948e-12
8.700440e+01  2.287948e-12
8.700440e+01  2.287948e-12
8.700440e+01  2.287948e-12
8.700440e+01  2.287948e-12
8.700440e+01  2.287948e-12
8.700440e+01  2.287948e-12
8.700440e+01  2.287948e-12
8.700440e+01  2.287948e-12
8.700440e+01  2.287948e-12
8.700440e+01  2.287948e-12
8.700440e+01  2.287948e-12
8.700440e+01  2.287948e-12
8.700440e+01  2.287948e-12
8.700440e+01  2.287948e-12
8.700440e+01  2.287948e-12
8.700440e+01  2.287948e-12
8.700440e+01  2.287948e-12
8.700440e+01  2.287948e-12
8.700440e+01  2.287948e-12
8.700440e+01  2.287948e-12
8.700440e+01  2.287948e-12
8.700440e+01  2.287948e-12
8.700440e+01  2.287948e-12
8.700440e+01  2.287948e-12
8.700440e+01  2.287948e-12
8.700440e+01  2.287948e-12
8.700440e+01  2.287948e-12
8.700440e+01  2.287948e-12
8.700440e+01  2.287948e-12
8.700440e+01  2.287948e-12
8.700440e+01  2.287948e-12
8.700440e+01  2.287948e-12
8.700440e+01  2.287948e-12
8.700440e+01  2.287948e-12
8.700440e+01  2.287948e-12
8.700440e+01  2.287948e-12
8.700440e+01  2.287948e-12
8.700440e+01  2.287948e-12
8.700440e+01  2.287948e-12
8.700440e+01  2.287948e-12
8.700440e+01  2.287948e-12
8.700440e+01  2.287948e-12
8.700440e+01  2.287948e-12
8.700440e+01  2.287948e-12
8.700440e+01  2.287948e-12
8.700440e+01  2.287948e-12
8.700440e+01  2.287948e-12
8.700440e+01  2.287948e-12
8.700440e+01  2.287948e-12
8.700440e+01  2.287948e-12
8.700440e+01  2.287948e-12
8.700440e+01  2.287948e-12
8.700440e+01  2.287948e-12
8.700440e+01  2.287948e-12
8.700440e+01  2.287948e-12
8.700440e+01  2.287948e-12
8.700440e+01  2.287948e-12
8.700440e+01  2.287948e-12
8.700440e+01  2.287948e-12
8.700440e+01  2.287948e-12
8.700440e+01  2.287948e-12
8.700440e+01  2.287948e-12
8.700440e+01  2.287948e-12
8.700440e+01  2.287948e-12
8.700440e+01  2.287948e-12
8.700440e+01  2.287948e-12
8.700440e+01  2.287948e-12
8.700440e+01  2.287948e-12
8.700440e+01  2.287948e-12
8.700440e+01  2.287948e-12
8.700440e+01  2.287948e-12
8.700440e+01  2.287948e-12
8.700440e+01  2.287948e-12
8.700440e+01  2.287948e-12
8.700440e+01  2.287948e-12
8.700440e+01  2.287948e-12
8.700440e+01  2.287948e-12
8.700440e+01  2.287948e-12
8.700440e+01  2.287948e-12
8.700440e+01  2.287948e-12
8.700440e+01  2.287948e-12
8.700440e+01  2.287948e-12
8.700440e+01  2.287948e-12
8.700440e+01  2.287948e-12
8.700440e+01  2.287948e-12
8.700440e+01  2.287948e-12
8.700440e+01  2.287948e-12
8.700440e+01  2.287948e-12
8.700440e+01  2.287948e-12
8.700440e+01  2.287948e-12
8.700440e+01  2.287948e-12
8.700440e+01  2.287948e-12
8.700440e+01  2.287948e-12
8.700440e+01  2.287948e-12
8.700440e+01  2.287948e-12
8.700440e+01  2.287948e-12
8.700440e+01  2.287948e-12
8.700440e+01  2.287948e-12
8.700440e+01  2.287948e-12
8.700440e+01  2.287948e-12
8.700440e+01  2.287948e-12
8.700440e+01  2.287948e-12
8.700440e+01  2.287948e-12
8.700440e+01  2.287948e-12
8.700440e+01  2.287948e-12
8.700440e+01  2.287948e-12
8.700440e+01  2.287948e-12
8.700440e+01  2.287948e-12
8.700440e+01  2.287948e-12
8.700440e+01  2.287948e-12
8.700440e+01  2.287948e-12
8.700440e+01  2.287948e-12
8.700440e+01  2.287948e-12
8.700440e+01  2.287948e-12
8.700440e+01  2.287948e-12
8.700440e+01  2.287948e-12
8.700440e+01  2.287948e-12
8.700440e+01  2.287948e-12
8.700440e+01  2.287948e-12
8.700440e+01  2.287948e-12
8.700440e+01  2.287948e-12
8.700440e+01  2.287948e-12
8.700440e+01  2.287948e-12
8.700440e+01  2.287948e-12
8.700440e+01  2.287948e-12
8.700440e+01  2.287948e-12
8.700440e+01  2.287948e-12
8.700440e+01  2.287948e-12
8.700440e+01  2.287948e-12
8.700440e+01  2.287948e-12
8.700440e+01  2.287948e-12
8.700440e+01  2.287948e-12
8.700440e+01  2.287948e-12
8.700440e+01  2.287948e-12
8.700440e+01  2.287948e-12
8.700440e+01  2.287948e-12
8.700440e+01  2.287948e-12
8.700440e+01  2.287948e-12
8.700440e+01  2.287948e-12
8.700440e+01  2.287948e-12
8.700440e+01  2.287948e-12
8.700440e+01  2.287948e-12
8.700440e+01  2.287948e-12
8.700440e+01  2.287948e-12
8.700440e+01  2.287948e-12
8.700440e+01  2.287948e-12
8.700440e+01  2.287948e-12
8.700440e+01  2.287948e-12
8.700440e+01  2.287948e-12
8.700440e+01  2.287948e-12
8.700440e+01  2.287948e-12
8.700440e+01  2.287948e-12
8.700440e+01  2.287948e-12
8.700440e+01  2.287948e-12
8.700440e+01  2.287948e-12
8.700440e+01  2.287948e-12
8.700440e+01  2.287948e-12
8.700440e+01  2.287948e-12
8.700440e+01  2.287948e-12
8.700440e+01  2.287948e-12
8.700440e+01  2.287948e-12
8.700440e+01  2.287948e-12
8.700440e+01  2.287948e-12
8.700440e+01  2.287948e-12
8.700440e+01  2.287948e-12
8.700440e+01  2.287948e-12
8.700440e+01  2.287948e-12
8.700440e+01  2.287948e-12
8.700440e+01  2.287948e-12
8.700440e+01  2.287948e-12
8.700440e+01  2.287948e-12
8.700440e+01  2.287948e-12
8.700440e+01  2.287948e-12
8.700440e+01  2.287948e-12
8.700440e+01  2.287948e-12
8.700440e+01  2.287948e-12
8.700440e+01  2.287948e-12
8.700440e+01  2.287948e-12
8.700440e+01  2.287948e-12
8.700440e+01  2.287948e-12
8.700440e+01  2.287948e-12
8.700440e+01  2.287948e-12
8.700440e+01  2.287948e-12
8.700440e+01  2.287948e-12
8.700440e+01  2.287948e-12
8.700440e+01  2.287948e-12
8.700440e+01  2.287948e-12
8.700440e+01  2.287948e-12
8.700440e+01  2.287948e-12
8.700440e+01  2.287948e-12
8.700440e+01  2.287948e-12
8.700440e+01  2.287948e-12
8.700440e+01  2.287948e-12
8.700440e+01  2.287948e-12
8.700440e+01  2.287948e-12
8.700440e+01  2.287948e-12
8.700440e+01  2.287948e-12
8.700440e+01  2.287948e-12
8.700440e+01  2.287948e-12
8.700440e+01  2.287948e-12
8.700440e+01  2.287948e-12
8.700440e+01  2.287948e-12
8.700440e+01  2.287948e-12
8.700440e+01  2.287948e-12
8.700440e+01  2.287948e-12
8.700440e+01  2.287948e-12
8.700440e+01  2.287948e-12
8.700440e+01  2.287948e-12
8.700440e+01  2.287948e-12
8.700440e+01  2.287948e-12
8.700440e+01  2.287948e-12
8.700440e+01  2.287948e-12
8.700440e+01  2.287948e-12
8.700440e+01  2.287948e-12
8.700440e+01  2.287948e-12
8.700440e+01  2.287948e-12
8.700440e+01  2.287948e-12
8.700440e+01  2.287948e-12
8.700440e+01  2.287948e-12
8.700440e+01  2.287948e-12
8.700440e+01  2.287948e-12
8.700440e+01  2.287948e-12
8.700440e+01  2.287948e-12
8.700440e+01  2.287948e-12
8.700440e+01  2.287948e-12
8.700440e+01  2.287948e-12
8.700440e+01  2.287948e-12
8.700440e+01  2.287948e-12
8.700440e+01  2.287948e-12
8.700440e+01  2.287948e-12
8.700440e+01  2.287948e-12
8.700440e+01  2.287948e-12
8.700440e+01  2.287948e-12
8.700440e+01  2.287948e-12
8.700440e+01  2.287948e-12
8.700440e+01  2.287948e-12
8.700440e+01  2.287948e-12
8.700440e+01  2.287948e-12
8.700440e+01  2.287948e-12
8.700440e+01  2.287948e-12
8.700440e+01  2.287948e-12
8.700440e+01  2.287948e-12
8.700440e+01  2.287948e-12
8.700440e+01  2.287948e-12
8.700440e+01  2.287948e-12
8.700440e+01  2.287948e-12
8.700440e+01  2.287948e-12
8.700440e+01  2.287948e-12
8.700440e+01  2.287948e-12
8.700440e+01  2.287948e-12
8.700440e+01  2.287948e-12
8.700440e+01  2.287948e-12
8.700440e+01  2.287948e-12
8.700440e+01  2.287948e-12
8.700440e+01  2.287948e-12
8.700440e+01  2.287948e-12
8.700440e+01  2.287948e-12
8.700440e+01  2.287948e-12
8.700440e+01  2.287948e-12
8.700440e+01  2.287948e-12
8.700440e+01  2.287948e-12
8.700440e+01  2.287948e-12
8.700440e+01  2.287948e-12
8.700440e+01  2.287948e-12
8.700440e+01  2.287948e-12
8.700440e+01  2.287948e-12
8.700440e+01  2.287948e-12
8.700440e+01  2.287948e-12
8.700440e+01  2.287948e-12
8.700440e+01  2.287948e-12
8.700440e+01  2.287948e-12
8.700440e+01  2.287948e-12
8.700440e+01  2.287948e-12
8.700440e+01  2.287948e-12
8.700440e+01  2.287948e-12
8.700440e+01  2.287948e-12
8.700440e+01  2.287948e-12
8.700440e+01  2.287948e-12
8.700440e+01  2.287948e-12
8.700440e+01  2.287948e-12
8.700440e+01  2.287948e-12
8.700440e+01  2.287948e-12
8.700440e+01  2.287948e-12
8.700440e+01  2.287948e-12
8.700440e+01  2.287948e-12
8.700440e+01  2.287948e-12
8.700440e+01  2.287948e-12
8.700440e+01  2.287948e-12
8.700440e+01  2.287948e-12
8.700440e+01  2.287948e-12
8.700440e+01  2.287948e-12
8.700440e+01  2.287948e-12
8.700440e+01  2.287948e-12
8.700440e+01  2.287948e-12
8.700440e+01  2.287948e-12
8.700440e+01  2.287948e-12
8.700440e+01  2.287948e-12
8.700440e+01  2.287948e-12
8.700440e+01  2.287948e-12
8.700440e+01  2.287948e-12
8.700440e+01  2.287948e-12
8.700440e+01  2.287948e-12
8.700440e+01  2.287948e-12
8.700440e+01  2.287948e-12
8.700440e+01  2.287948e-12
8.700440e+01  2.287948e-12
8.700440e+01  2.287948e-12
8.700440e+01  2.287948e-12
8.700440e+01  2.287948e-12
8.700440e+01  2.287948e-12
8.700440e+01  2.287948e-12
8.700440e+01  2.287948e-12
8.700440e+01  2.287948e-12
8.700440e+01  2.287948e-12
8.700440e+01  2.287948e-12
8.700440e+01  2.287948e-12
8.700440e+01  2.287948e-12
8.700440e+01  2.287948e-12
8.700440e+01  2.287948e-12
8.700440e+01  2.287948e-12
8.700440e+01  2.287948e-12
8.700440e+01  2.287948e-12
8.700440e+01  2.287948e-12
8.700440e+01  2.287948e-12
8.700440e+01  2.287948e-12
8.700440e+01  2.287948e-12
8.700440e+01  2.287948e-12
8.700440e+01  2.287948e-12
8.700440e+01  2.287948e-12
8.700440e+01  2.287948e-12
8.700440e+01  2.287948e-12
8.700440e+01  2.287948e-12
8.700440e+01  2.287948e-12
8.700440e+01  2.287948e-12
8.700440e+01  2.287948e-12
8.700440e+01  2.287948e-12
8.700440e+01  2.287948e-12
8.700440e+01  2.287948e-12
8.700440e+01  2.287948e-12
8.700440e+01  2.287948e-12
8.700440e+01  2.287948e-12
8.700440e+01  2.287948e-12
8.700440e+01  2.287948e-12
8.700440e+01  2.287948e-12
8.700440e+01  2.287948e-12
8.700440e+01  2.287948e-12
8.700440e+01  2.287948e-12
8.700440e+01  2.287948e-12
8.700440e+01  2.287948e-12
8.700440e+01  2.287948e-12
8.700440e+01  2.287948e-12
8.700440e+01  2.287948e-12
8.700440e+01  2.287948e-12
8.700440e+01  2.287948e-12
8.700440e+01  2.287948e-12
8.700440e+01  2.287948e-12
8.700440e+01  2.287948e-12
8.700440e+01  2.287948e-12
8.700440e+01  2.287948e-12
8.700440e+01  2.287948e-12
8.700440e+01  2.287948e-12
8.700440e+01  2.287948e-12
8.700440e+01  2.287948e-12
8.700440e+01  2.287948e-12
8.700440e+01  2.287948e-12
8.700440e+01  2.287948e-12
8.700440e+01  2.287948e-12
8.700440e+01  2.287948e-12
8.700440e+01  2.287948e-12
8.700440e+01  2.287948e-12
8.700440e+01  2.287948e-12
8.700440e+01  2.287948e-12
8.700440e+01  2.287948e-12
8.700440e+01  2.287948e-12
8.700440e+01  2.287948e-12
8.700440e+01  2.287948e-12
8.700440e+01  2.287948e-12
8.700440e+01  2.287948e-12
8.700440e+01  2.287948e-12
8.700440e+01  2.287948e-12
8.700440e+01  2.287948e-12
8.700440e+01  2.287948e-12
8.700440e+01  2.287948e-12
8.700440e+01  2.287948e-12
8.700440e+01  2.287948e-12
8.700440e+01  2.287948e-12
8.700440e+01  2.287948e-12
8.700440e+01  2.287948e-12
8.700440e+01  2.287948e-12
8.700440e+01  2.287948e-12
8.700440e+01  2.287948e-12
8.700440e+01  2.287948e-12
8.700440e+01  2.287948e-12
8.700440e+01  2.287948e-12
8.700440e+01  2.287948e-12
8.700440e+01  2.287948e-12
8.700440e+01  2.287948e-12
8.700440e+01  2.287948e-12
8.700440e+01  2.287948e-12
8.700440e+01  2.287948e-12
8.700440e+01  2.287948e-12
8.700440e+01  2.287948e-12
8.700440e+01  2.287948e-12
8.700440e+01  2.287948e-12
8.700440e+01  2.287948e-12
8.700440e+01  2.287948e-12
8.700440e+01  2.287948e-12
8.700440e+01  2.287948e-12
8.700440e+01  2.287948e-12
8.700440e+01  2.287948e-12
8.700440e+01  2.287948e-12
8.700440e+01  2.287948e-12
8.700440e+01  2.287948e-12
8.700440e+01  2.287948e-12
8.700440e+01  2.287948e-12
8.700440e+01  2.287948e-12
8.700440e+01  2.287948e-12
8.700440e+01  2.287948e-12
8.700440e+01  2.287948e-12
8.700440e+01  2.287948e-12
8.700440e+01  2.287948e-12
8.700440e+01  2.287948e-12
8.700440e+01  2.287948e-12
8.700440e+01  2.287948e-12
8.700440e+01  2.287948e-12
8.700440e+01  2.287948e-12
8.700440e+01  2.287948e-12
8.700440e+01  2.287948e-12
8.700440e+01  2.287948e-12
8.700440e+01  2.287948e-12
8.700440e+01  2.287948e-12
8.700440e+01  2.287948e-12
8.700440e+01  2.287948e-12
8.700440e+01  2.287948e-12
8.700440e+01  2.287948e-12
8.700440e+01  2.287948e-12
8.700440e+01  2.287948e-12
8.700440e+01  2.287948e-12
8.700440e+01  2.287948e-12
8.700440e+01  2.287948e-12
8.700440e+01  2.287948e-12
8.700440e+01  2.287948e-12
8.700440e+01  2.287948e-12
8.700440e+01  2.287948e-12
8.700440e+01  2.287948e-12
8.700440e+01  2.287948e-12
8.700440e+01  2.287948e-12
8.700440e+01  2.287948e-12
8.700440e+01  2.287948e-12
8.700440e+01  2.287948e-12
8.700440e+01  2.287948e-12
8.700440e+01  2.287948e-12
8.700440e+01  2.287948e-12
8.700440e+01  2.287948e-12
8.700440e+01  2.287948e-12
8.700440e+01  2.287948e-12
8.700440e+01  2.287948e-12
8.700440e+01  2.287948e-12
8.700440e+01  2.287948e-12
8.700440e+01  2.287948e-12
8.700440e+01  2.287948e-12
8.700440e+01  2.287948e-12
8.700440e+01  2.287948e-12
8.700440e+01  2.287948e-12
8.700440e+01  2.287948e-12
8.700440e+01  2.287948e-12
8.700440e+01  2.287948e-12
8.700440e+01  2.287948e-12
8.700440e+01  2.287948e-12
8.700440e+01  2.287948e-12
8.700440e+01  2.287948e-12
8.700440e+01  2.287948e-12
8.700440e+01  2.287948e-12
8.700440e+01  2.287948e-12
8.700440e+01  2.287948e-12
8.700440e+01  2.287948e-12
8.700440e+01  2.287948e-12
8.700440e+01  2.287948e-12
8.700440e+01  2.287948e-12
8.700440e+01  2.287948e-12
8.700440e+01  2.287948e-12
8.700440e+01  2.287948e-12
8.700440e+01  2.287948e-12
8.700440e+01  2.287948e-12
8.700440e+01  2.287948e-12
8.700440e+01  2.287948e-12
8.700440e+01  2.287948e-12
8.700440e+01  2.287948e-12
8.700440e+01  2.287948e-12
8.700440e+01  2.287948e-12
8.700440e+01  2.287948e-12
8.700440e+01  2.287948e-12
8.700440e+01  2.287948e-12
8.700440e+01  2.287948e-12
8.700440e+01  2.287948e-12
8.700440e+01  2.287948e-12
8.700440e+01  2.287948e-12
8.700440e+01  2.287948e-12
8.700440e+01  2.287948e-12
8.700440e+01  2.287948e-12
8.700440e+01  2.287948e-12
8.700440e+01  2.287948e-12
8.700440e+01  2.287948e-12
8.700440e+01  2.287948e-12
8.700440e+01  2.287948e-12
8.700440e+01  2.287948e-12
8.700440e+01  2.287948e-12
8.700440e+01  2.287948e-12
8.700440e+01  2.287948e-12
8.700440e+01  2.287948e-12
8.700440e+01  2.287948e-12
8.700440e+01  2.287948e-12
8.700440e+01  2.287948e-12
8.700440e+01  2.287948e-12
8.700440e+01  2.287948e-12
8.700440e+01  2.287948e-12
8.700440e+01  2.287948e-12
8.700440e+01  2.287948e-12
8.700440e+01  2.287948e-12
8.700440e+01  2.287948e-12
8.700440e+01  2.287948e-12
8.700440e+01  2.287948e-12
8.700440e+01  2.287948e-12
8.700440e+01  2.287948e-12
8.700440e+01  2.287948e-12
8.700440e+01  2.287948e-12
8.700440e+01  2.287948e-12
8.700440e+01  2.287948e-12
8.700440e+01  2.287948e-12
8.700440e+01  2.287948e-12
8.700440e+01  2.287948e-12
8.700440e+01  2.287948e-12
8.700440e+01  2.287948e-12
8.700440e+01  2.287948e-12
8.700440e+01  2.287948e-12
8.700440e+01  2.287948e-12
8.700440e+01  2.287948e-12
8.700440e+01  2.287948e-12
8.700440e+01  2.287948e-12
8.700440e+01  2.287948e-12
8.700440e+01  2.287948e-12
8.700440e+01  2.287948e-12
8.700440e+01  2.287948e-12
8.700440e+01  2.287948e-12
8.700440e+01  2.287948e-12
8.700440e+01  2.287948e-12
8.700440e+01  2.287948e-12
8.700440e+01  2.287948e-12
8.700440e+01  2.287948e-12
8.700440e+01  2.287948e-12
8.700440e+01  2.287948e-12
8.700440e+01  2.287948e-12
8.700440e+01  2.287948e-12
8.700440e+01  2.287948e-12
8.700440e+01  2.287948e-12
8.700440e+01  2.287948e-12
8.700440e+01  2.287948e-12
8.700440e+01  2.287948e-12
8.700440e+01  2.287948e-12
8.700440e+01  2.287948e-12
8.700440e+01  2.287948e-12
8.700440e+01  2.287948e-12
8.700440e+01  2.287948e-12
8.700440e+01  2.287948e-12
8.700440e+01  2.287948e-12
8.700440e+01  2.287948e-12
8.700440e+01  2.287948e-12
8.700440e+01  2.287948e-12
8.700440e+01  2.287948e-12
8.700440e+01  2.287948e-12
8.700440e+01  2.287948e-12
8.700440e+01  2.287948e-12
8.700440e+01  2.287948e-12
8.700440e+01  2.287948e-12
8.700440e+01  2.287948e-12
8.700440e+01  2.287948e-12
8.700440e+01  2.287948e-12
8.700440e+01  2.287948e-12
8.700440e+01  2.287948e-12
8.700440e+01  2.287948e-12
8.700440e+01  2.287948e-12
8.700440e+01  2.287948e-12
8.700440e+01  2.287948e-12
8.700440e+01  2.287948e-12
8.700440e+01  2.287948e-12
8.700440e+01  2.287948e-12
8.700440e+01  2.287948e-12
8.700440e+01  2.287948e-12
8.700440e+01  2.287948e-12
8.700440e+01  2.287948e-12
8.700440e+01  2.287948e-12
8.700440e+01  2.287948e-12
8.700440e+01  2.287948e-12
8.700440e+01  2.287948e-12
8.700440e+01  2.287948e-12
8.700440e+01  2.287948e-12
8.700440e+01  2.287948e-12
8.700440e+01  2.287948e-12
8.700440e+01  2.287948e-12
8.700440e+01  2.287948e-12
8.700440e+01  2.287948e-12
8.700440e+01  2.287948e-12
8.700440e+01  2.287948e-12
8.700440e+01  2.287948e-12
8.700440e+01  2.287948e-12
8.700440e+01  2.287948e-12
8.700440e+01  2.287948e-12
8.700440e+01  2.287948e-12
8.700440e+01  2.287948e-12
8.700440e+01  2.287948e-12
8.700440e+01  2.287948e-12
8.700440e+01  2.287948e-12
8.700440e+01  2.287948e-12
8.700440e+01  2.287948e-12
8.700440e+01  2.287948e-12
8.700440e+01  2.287948e-12
8.700440e+01  2.287948e-12
8.700440e+01  2.287948e-12
8.700440e+01  2.287948e-12
8.700440e+01  2.287948e-12
8.700440e+01  2.287948e-12
8.700440e+01  2.287948e-12
8.700440e+01  2.287948e-12
8.700440e+01  2.287948e-12
8.700440e+01  2.287948e-12
8.700440e+01  2.287948e-12
8.700440e+01  2.287948e-12
8.700440e+01  2.287948e-12
8.700440e+01  2.287948e-12
8.700440e+01  2.287948e-12
8.700440e+01  2.287948e-12
8.700440e+01  2.287948e-12
8.700440e+01  2.287948e-12
8.700440e+01  2.287948e-12
8.700440e+01  2.287948e-12
8.700440e+01  2.287948e-12
8.700440e+01  2.287948e-12
8.700440e+01  2.287948e-12
8.700440e+01  2.287948e-12
8.700440e+01  2.287948e-12
8.700440e+01  2.287948e-12
8.700440e+01  2.287948e-12
8.700440e+01  2.287948e-12
8.700440e+01  2.287948e-12
8.700440e+01  2.287948e-12
8.700440e+01  2.287948e-12
8.700440e+01  2.287948e-12
8.700440e+01  2.287948e-12
8.700440e+01  2.287948e-12
8.700440e+01  2.287948e-12
8.700440e+01  2.287948e-12
8.700440e+01  2.287948e-12
8.700440e+01  2.287948e-12
8.700440e+01  2.287948e-12
8.700440e+01  2.287948e-12
8.700440e+01  2.287948e-12
8.700440e+01  2.287948e-12
8.700440e+01  2.287948e-12
8.700440e+01  2.287948e-12
8.700440e+01  2.287948e-12
8.700440e+01  2.287948e-12
8.700440e+01  2.287948e-12
8.700440e+01  2.287948e-12
8.700440e+01  2.287948e-12
8.700440e+01  2.287948e-12
8.700440e+01  2.287948e-12
8.700440e+01  2.287948e-12
8.700440e+01  2.287948e-12
8.700440e+01  2.287948e-12
8.700440e+01  2.287948e-12
8.700440e+01  2.287948e-12
8.700440e+01  2.287948e-12
8.700440e+01  2.287948e-12
8.700440e+01  2.287948e-12
8.700440e+01  2.287948e-12
8.700440e+01  2.287948e-12
8.700440e+01  2.287948e-12
8.700440e+01  2.287948e-12
8.700440e+01  2.287948e-12
8.700440e+01  2.287948e-12
8.700440e+01  2.287948e-12
8.700440e+01  2.287948e-12
8.700440e+01  2.287948e-12
8.700440e+01  2.287948e-12
8.700440e+01  2.287948e-12
8.700440e+01  2.287948e-12
8.700440e+01  2.287948e-12
8.700440e+01  2.287948e-12
8.700440e+01  2.287948e-12
8.700440e+01  2.287948e-12
8.700440e+01  2.287948e-12
8.700440e+01  2.287948e-12
8.700440e+01  2.287948e-12
8.700440e+01  2.287948e-12
8.700440e+01  2.287948e-12
8.700440e+01  2.287948e-12
8.700438e+01  1.010755e-03
8.698991e+01  2.562468e-02
8.694475e+01  3.028796e-03
8.694460e+01  5.513812e-12
8.694460e+01  5.513812e-12
8.694460e+01  5.513812e-12
8.694460e+01  5.513812e-12
8.694460e+01  5.513812e-12
8.694460e+01  5.513812e-12
8.694460e+01  5.513812e-12
8.694460e+01  5.513812e-12
8.694460e+01  5.513812e-12
8.694460e+01  5.513812e-12
8.694460e+01  5.513812e-12
8.694460e+01  5.513812e-12
8.694460e+01  5.513812e-12
8.694460e+01  5.513812e-12
8.694460e+01  5.513812e-12
8.694460e+01  5.513812e-12
8.694460e+01  5.513812e-12
8.694460e+01  5.513812e-12
8.694460e+01  5.513812e-12
8.694460e+01  5.513812e-12
8.694460e+01  5.513812e-12
8.694460e+01  5.513812e-12
8.694460e+01  5.513812e-12
8.694460e+01  5.513812e-12
8.694460e+01  5.513812e-12
8.694460e+01  5.513812e-12
8.694460e+01  5.513812e-12
8.694460e+01  5.513812e-12
8.694460e+01  5.513812e-12
8.694460e+01  5.513812e-12
8.694460e+01  5.513812e-12
8.694460e+01  5.513812e-12
8.694460e+01  5.513812e-12
8.694460e+01  5.513812e-12
8.694460e+01  5.513812e-12
8.694460e+01  5.513812e-12
8.694460e+01  5.513812e-12
8.694460e+01  5.513812e-12
8.694460e+01  5.513812e-12
8.694460e+01  5.513812e-12
8.694460e+01  5.513812e-12
8.694460e+01  5.513812e-12
8.694460e+01  5.513812e-12
8.694460e+01  5.513812e-12
8.694460e+01  5.513812e-12
8.694460e+01  5.513812e-12
8.694460e+01  5.513812e-12
8.694460e+01  5.513812e-12
8.694460e+01  5.513812e-12
8.694460e+01  5.513812e-12
8.694460e+01  5.513812e-12
8.694460e+01  5.513812e-12
8.694460e+01  5.513812e-12
8.694460e+01  5.513812e-12
8.694460e+01  5.513812e-12
8.694460e+01  5.513812e-12
8.694460e+01  5.513812e-12
8.694460e+01  5.513812e-12
8.694460e+01  5.513812e-12
8.694460e+01  5.513812e-12
8.694460e+01  5.513812e-12
8.694460e+01  5.513812e-12
8.694460e+01  5.513812e-12
8.694460e+01  5.513812e-12
8.694460e+01  5.513812e-12
8.694460e+01  5.513812e-12
8.694460e+01  5.513812e-12
8.694460e+01  5.513812e-12
8.694460e+01  5.513812e-12
8.694460e+01  5.513812e-12
8.694460e+01  5.513812e-12
8.694460e+01  5.513812e-12
8.694460e+01  5.513812e-12
8.694460e+01  5.513812e-12
8.694460e+01  5.513812e-12
8.694460e+01  5.513812e-12
8.694460e+01  5.513812e-12
8.694460e+01  5.513812e-12
8.694460e+01  5.513812e-12
8.694460e+01  5.513812e-12
8.694460e+01  5.513812e-12
8.694460e+01  5.513812e-12
8.694460e+01  5.513812e-12
8.694460e+01  5.513812e-12
8.694460e+01  5.513812e-12
8.694460e+01  5.513812e-12
8.694460e+01  5.513812e-12
8.694460e+01  5.513812e-12
8.694460e+01  5.513812e-12
8.694460e+01  5.513812e-12
8.694460e+01  5.513812e-12
8.694460e+01  5.513812e-12
8.694460e+01  5.513812e-12
8.694460e+01  5.513812e-12
8.694460e+01  5.513812e-12
8.694460e+01  5.513812e-12
8.694460e+01  5.513812e-12
8.694460e+01  5.513812e-12
8.694460e+01  5.513812e-12
8.694460e+01  5.513812e-12
8.694460e+01  5.513812e-12
8.694460e+01  5.513812e-12
8.694460e+01  5.513812e-12
8.694460e+01  5.513812e-12
8.694460e+01  5.513812e-12
8.694460e+01  5.513812e-12
8.694460e+01  5.513812e-12
8.694460e+01  5.513812e-12
8.694460e+01  5.513812e-12
8.694460e+01  5.513812e-12
8.694460e+01  5.513812e-12
8.694460e+01  5.513812e-12
8.694460e+01  5.513812e-12
8.694460e+01  5.513812e-12
8.694460e+01  5.513812e-12
8.694460e+01  5.513812e-12
8.694460e+01  5.513812e-12
8.694460e+01  5.513812e-12
8.694460e+01  5.513812e-12
8.694460e+01  5.513812e-12
8.694460e+01  5.513812e-12
8.694460e+01  5.513812e-12
8.694460e+01  5.513812e-12
8.694460e+01  5.513812e-12
8.694460e+01  5.513812e-12
8.694460e+01  5.513812e-12
8.694460e+01  5.513812e-12
8.694460e+01  5.513812e-12
8.694460e+01  5.513812e-12
8.694460e+01  5.513812e-12
8.694460e+01  5.513812e-12
8.694460e+01  5.513812e-12
8.694460e+01  5.513812e-12
8.694460e+01  5.513812e-12
8.694460e+01  5.513812e-12
8.694460e+01  5.513812e-12
8.694460e+01  5.513812e-12
8.694460e+01  5.513812e-12
8.694460e+01  5.513812e-12
8.694460e+01  5.513812e-12
8.694460e+01  5.513812e-12
8.694460e+01  5.513812e-12
8.694460e+01  5.513812e-12
8.694460e+01  5.513812e-12
8.694460e+01  5.513812e-12
8.694460e+01  5.513812e-12
8.694460e+01  5.513812e-12
8.694460e+01  5.513812e-12
8.694460e+01  5.513812e-12
8.694460e+01  5.513812e-12
8.694460e+01  5.513812e-12
8.694460e+01  5.513812e-12
8.694460e+01  5.513812e-12
8.694460e+01  5.513812e-12
8.694460e+01  5.513812e-12
8.694460e+01  5.513812e-12
8.694460e+01  5.513812e-12
8.694460e+01  5.513812e-12
8.694460e+01  5.513812e-12
8.694460e+01  5.513812e-12
8.694460e+01  5.513812e-12
8.694460e+01  5.513812e-12
8.694460e+01  5.513812e-12
8.694460e+01  5.513812e-12
8.694460e+01  5.513812e-12
8.694460e+01  5.513812e-12
8.694460e+01  5.513812e-12
8.694460e+01  5.513812e-12
8.694460e+01  5.513812e-12
8.694460e+01  5.513812e-12
8.694460e+01  5.513812e-12
8.694460e+01  5.513812e-12
8.694460e+01  5.513812e-12
8.694460e+01  5.513812e-12
8.694460e+01  5.513812e-12
8.694460e+01  5.513812e-12
8.694460e+01  5.513812e-12
8.694460e+01  5.513812e-12
8.694460e+01  5.513812e-12
8.694460e+01  5.513812e-12
8.694460e+01  5.513812e-12
8.694460e+01  5.513812e-12
8.694460e+01  5.513812e-12
8.694460e+01  5.513812e-12
8.694460e+01  5.513812e-12
8.694460e+01  5.513812e-12
8.694460e+01  5.513812e-12
8.694460e+01  5.513812e-12
8.694460e+01  5.513812e-12
8.694460e+01  5.513812e-12
8.694460e+01  5.513812e-12
8.694460e+01  5.513812e-12
8.694460e+01  5.513812e-12
8.694460e+01  5.513812e-12
8.694460e+01  5.513812e-12
8.694460e+01  5.513812e-12
8.694460e+01  5.513812e-12
8.694460e+01  5.513812e-12
8.694460e+01  5.513812e-12
8.694460e+01  5.513812e-12
8.694460e+01  5.513812e-12
8.694460e+01  5.513812e-12
8.694460e+01  5.513812e-12
8.694460e+01  5.513812e-12
8.694460e+01  5.513812e-12
8.694460e+01  5.513812e-12
8.694460e+01  5.513812e-12
8.694460e+01  5.513812e-12
8.694460e+01  5.513812e-12
8.694460e+01  5.513812e-12
8.694460e+01  5.513812e-12
8.694460e+01  5.513812e-12
8.694460e+01  5.513812e-12
8.694460e+01  5.513812e-12
8.694460e+01  5.513812e-12
8.694460e+01  5.513812e-12
8.694460e+01  5.513812e-12
8.694460e+01  5.513812e-12
8.694460e+01  5.513812e-12
8.694460e+01  5.513812e-12
8.694460e+01  5.513812e-12
8.694460e+01  5.513812e-12
8.694460e+01  5.513812e-12
8.694460e+01  5.513812e-12
8.694460e+01  5.513812e-12
8.694460e+01  5.513812e-12
8.694460e+01  5.513812e-12
8.694460e+01  5.513812e-12
8.694460e+01  5.513812e-12
8.694460e+01  5.513812e-12
8.694460e+01  5.513812e-12
8.694460e+01  5.513812e-12
8.694460e+01  5.513812e-12
8.694460e+01  5.513812e-12
8.694460e+01  5.513812e-12
8.694460e+01  5.513812e-12
8.694460e+01  5.513812e-12
8.694460e+01  5.513812e-12
8.694460e+01  5.513812e-12
8.694460e+01  5.513812e-12
8.694460e+01  5.513812e-12
8.694460e+01  5.513812e-12
8.694460e+01  5.513812e-12
8.694460e+01  5.513812e-12
8.694460e+01  5.513812e-12
8.694460e+01  5.513812e-12
8.694460e+01  5.513812e-12
8.694460e+01  5.513812e-12
8.694460e+01  5.513812e-12
8.694460e+01  5.513812e-12
8.694460e+01  5.513812e-12
8.694460e+01  5.513812e-12
8.694460e+01  5.513812e-12
8.694460e+01  5.513812e-12
8.694460e+01  5.513812e-12
8.694460e+01  5.513812e-12
8.694460e+01  5.513812e-12
8.694460e+01  5.513812e-12
8.694460e+01  5.513812e-12
8.694460e+01  5.513812e-12
8.694460e+01  5.513812e-12
8.694460e+01  5.513812e-12
8.694460e+01  5.513812e-12
8.694460e+01  5.513812e-12
8.694460e+01  5.513812e-12
8.694460e+01  5.513812e-12
8.694460e+01  5.513812e-12
8.694460e+01  5.513812e-12
8.694460e+01  5.513812e-12
8.694460e+01  5.513812e-12
8.694460e+01  5.513812e-12
8.694460e+01  5.513812e-12
8.694460e+01  5.513812e-12
8.694460e+01  5.513812e-12
8.694460e+01  5.513812e-12
8.694460e+01  5.513812e-12
8.694460e+01  5.513812e-12
8.694460e+01  5.513812e-12
8.694460e+01  5.513812e-12
8.694460e+01  5.513812e-12
8.694460e+01  5.513812e-12
8.694460e+01  5.513812e-12
8.694460e+01  5.513812e-12
8.694460e+01  5.513812e-12
8.694460e+01  5.513812e-12
8.694460e+01  5.513812e-12
8.694460e+01  5.513812e-12
8.694460e+01  5.513812e-12
8.694460e+01  5.513812e-12
8.694460e+01  5.513812e-12
8.694460e+01  5.513812e-12
8.694460e+01  5.513812e-12
8.694460e+01  5.513812e-12
8.694460e+01  5.513812e-12
8.694460e+01  5.513812e-12
8.694460e+01  5.513812e-12
8.694460e+01  5.513812e-12
8.694460e+01  5.513812e-12
8.694460e+01  5.513812e-12
8.694460e+01  5.513812e-12
8.694460e+01  5.513812e-12
8.694460e+01  5.513812e-12
8.694460e+01  5.513812e-12
8.694460e+01  5.513812e-12
8.694460e+01  5.513812e-12
8.694460e+01  5.513812e-12
8.694460e+01  5.513812e-12
8.694460e+01  5.513812e-12
8.694460e+01  5.513812e-12
8.694460e+01  5.513812e-12
8.694460e+01  5.513812e-12
8.694460e+01  5.513812e-12
8.694460e+01  5.513812e-12
8.694460e+01  5.513812e-12
8.694460e+01  5.513812e-12
8.694460e+01  5.513812e-12
8.694460e+01  5.513812e-12
8.694460e+01  5.513812e-12
8.694460e+01  5.513812e-12
8.694460e+01  5.513812e-12
8.694460e+01  5.513812e-12
8.694460e+01  5.513812e-12
8.694460e+01  5.513812e-12
8.694460e+01  5.513812e-12
8.694460e+01  5.513812e-12
8.694460e+01  5.513812e-12
8.694460e+01  5.513812e-12
8.694460e+01  5.513812e-12
8.694460e+01  5.513812e-12
8.694460e+01  5.513812e-12
8.694460e+01  5.513812e-12
8.694460e+01  5.513812e-12
8.694460e+01  5.513812e-12
8.694460e+01  5.513812e-12
8.694460e+01  5.513812e-12
8.694460e+01  5.513812e-12
8.694460e+01  5.513812e-12
8.694460e+01  5.513812e-12
8.694460e+01  5.513812e-12
8.694460e+01  5.513812e-12
8.694460e+01  5.513812e-12
8.694460e+01  5.513812e-12
8.694460e+01  5.513812e-12
8.694460e+01  5.513812e-12
8.694460e+01  5.513812e-12
8.694460e+01  5.513812e-12
8.694460e+01  5.513812e-12
8.694460e+01  5.513812e-12
8.694460e+01  5.513812e-12
8.694460e+01  5.513812e-12
8.694460e+01  5.513812e-12
8.694460e+01  5.513812e-12
8.694460e+01  5.513812e-12
8.694460e+01  5.513812e-12
8.694460e+01  5.513812e-12
8.694460e+01  5.513812e-12
8.694460e+01  5.513812e-12
8.694460e+01  5.513812e-12
8.694460e+01  5.513812e-12
8.694460e+01  5.513812e-12
8.694460e+01  5.513812e-12
8.694460e+01  5.513812e-12
8.694460e+01  5.513812e-12
8.694460e+01  5.513812e-12
8.694460e+01  5.513812e-12
8.694460e+01  5.513812e-12
8.694460e+01  5.513812e-12
8.694460e+01  5.513812e-12
8.694460e+01  5.513812e-12
8.694460e+01  5.513812e-12
8.694460e+01  5.513812e-12
8.694460e+01  5.513812e-12
8.694460e+01  5.513812e-12
8.694460e+01  5.513812e-12
8.694460e+01  5.513812e-12
8.694460e+01  5.513812e-12
8.694460e+01  5.513812e-12
8.694460e+01  5.513812e-12
8.694460e+01  5.513812e-12
8.694460e+01  5.513812e-12
8.694460e+01  5.513812e-12
8.694460e+01  5.513812e-12
8.694460e+01  5.513812e-12
8.694460e+01  5.513812e-12
8.694460e+01  5.513812e-12
8.694460e+01  5.513812e-12
8.694460e+01  5.513812e-12
8.694460e+01  5.513812e-12
8.694460e+01  5.513812e-12
8.694460e+01  5.513812e-12
8.694460e+01  5.513812e-12
8.694460e+01  5.513812e-12
8.694460e+01  5.513812e-12
8.694460e+01  5.513812e-12
8.694460e+01  5.513812e-12
8.694460e+01  5.513812e-12
8.694460e+01  5.513812e-12
8.694460e+01  5.513812e-12
8.694460e+01  5.513812e-12
8.694460e+01  5.513812e-12
8.694460e+01  5.513812e-12
8.694460e+01  5.513812e-12
8.694460e+01  5.513812e-12
8.694460e+01  5.513812e-12
8.694460e+01  5.513812e-12
8.694460e+01  5.513812e-12
8.694460e+01  5.513812e-12
8.694460e+01  5.513812e-12
8.694460e+01  5.513812e-12
8.694460e+01  5.513812e-12
8.694460e+01  5.513812e-12
8.694460e+01  5.513812e-12
8.694460e+01  5.513812e-12
8.694460e+01  5.513812e-12
8.694460e+01  5.513812e-12
8.694460e+01  5.513812e-12
8.694460e+01  5.513812e-12
8.694460e+01  5.513812e-12
8.694460e+01  5.513812e-12
8.694460e+01  5.513812e-12
8.694460e+01  5.513812e-12
8.694460e+01  5.513812e-12
8.694460e+01  5.513812e-12
8.694460e+01  5.513812e-12
8.694460e+01  5.513812e-12
8.694460e+01  5.513812e-12
8.694460e+01  5.513812e-12
8.694460e+01  5.513812e-12
8.694460e+01  5.513812e-12
8.694460e+01  5.513812e-12
8.694460e+01  5.513812e-12
8.694460e+01  5.513812e-12
8.694460e+01  5.513812e-12
8.694460e+01  5.513812e-12
8.694460e+01  5.513812e-12
8.694460e+01  5.513812e-12
8.694460e+01  5.513812e-12
8.694460e+01  5.513812e-12
8.694460e+01  5.513812e-12
8.694460e+01  5.513812e-12
8.694460e+01  5.513812e-12
8.694460e+01  5.513812e-12
8.694460e+01  5.513812e-12
8.694460e+01  5.513812e-12
8.694460e+01  5.513812e-12
8.694460e+01  5.513812e-12
8.694438e+01  1.261613e-02
8.676281e+01  3.202346e-01
8.619811e+01  1.080025e-12
8.619811e+01  1.080025e-12
8.619811e+01  1.080025e-12
8.619811e+01  1.080025e-12
8.619811e+01  1.080025e-12
8.619811e+01  1.080025e-12
8.619811e+01  1.080025e-12
8.619811e+01  1.080025e-12
8.619811e+01  1.080025e-12
8.619811e+01  1.080025e-12
8.619811e+01  1.080025e-12
8.619811e+01  1.080025e-12
8.619811e+01  1.080025e-12
8.619811e+01  1.080025e-12
8.619811e+01  1.080025e-12
8.619811e+01  1.080025e-12
8.619811e+01  1.080025e-12
8.619811e+01  1.080025e-12
8.619811e+01  1.080025e-12
8.619811e+01  1.080025e-12
8.619811e+01  1.080025e-12
8.619811e+01  1.080025e-12
8.619811e+01  1.080025e-12
8.619811e+01  1.080025e-12
8.619811e+01  1.080025e-12
8.619811e+01  1.080025e-12
8.619811e+01  1.080025e-12
8.619811e+01  1.080025e-12
8.619811e+01  1.080025e-12
8.619811e+01  1.080025e-12
8.619811e+01  1.080025e-12
8.619811e+01  1.080025e-12
8.619811e+01  1.080025e-12
8.619811e+01  1.080025e-12
8.619811e+01  1.080025e-12
8.619811e+01  1.080025e-12
8.619811e+01  1.080025e-12
8.619811e+01  1.080025e-12
8.619811e+01  1.080025e-12
8.619811e+01  1.080025e-12
8.619811e+01  1.080025e-12
8.619811e+01  1.080025e-12
8.619811e+01  1.080025e-12
8.619811e+01  1.080025e-12
8.619811e+01  1.080025e-12
8.619811e+01  1.080025e-12
8.619811e+01  1.080025e-12
8.619811e+01  1.080025e-12
8.619811e+01  1.080025e-12
8.619811e+01  1.080025e-12
8.619811e+01  1.080025e-12
8.619811e+01  1.080025e-12
8.619811e+01  1.080025e-12
8.619811e+01  1.080025e-12
8.619811e+01  1.080025e-12
8.619811e+01  1.080025e-12
8.619811e+01  1.080025e-12
8.619811e+01  1.080025e-12
8.619811e+01  1.080025e-12
8.619811e+01  1.080025e-12
8.619811e+01  1.080025e-12
8.619811e+01  1.080025e-12
8.619811e+01  1.080025e-12
8.619811e+01  1.080025e-12
8.619811e+01  1.080025e-12
8.619811e+01  1.080025e-12
8.619811e+01  1.080025e-12
8.619811e+01  1.080025e-12
8.619811e+01  1.080025e-12
8.619811e+01  1.080025e-12
8.619811e+01  1.080025e-12
8.619811e+01  1.080025e-12
8.619811e+01  1.080025e-12
8.619811e+01  1.080025e-12
8.619811e+01  1.080025e-12
8.619811e+01  1.080025e-12
8.619811e+01  1.080025e-12
8.619811e+01  1.080025e-12
8.619811e+01  1.080025e-12
8.619811e+01  1.080025e-12
8.619811e+01  1.080025e-12
8.619811e+01  1.080025e-12
8.619811e+01  1.080025e-12
8.619811e+01  1.080025e-12
8.619811e+01  1.080025e-12
8.619811e+01  1.080025e-12
8.619811e+01  1.080025e-12
8.619811e+01  1.080025e-12
8.619811e+01  1.080025e-12
8.619811e+01  1.080025e-12
8.619811e+01  1.080025e-12
8.619811e+01  1.080025e-12
8.619811e+01  1.080025e-12
8.619811e+01  1.080025e-12
8.619811e+01  1.080025e-12
8.619811e+01  1.080025e-12
8.619811e+01  1.080025e-12
8.619811e+01  1.080025e-12
8.619811e+01  1.080025e-12
8.619811e+01  1.080025e-12
8.619811e+01  1.080025e-12
8.619811e+01  1.080025e-12
8.619811e+01  1.080025e-12
8.619811e+01  1.080025e-12
8.619811e+01  1.080025e-12
8.619811e+01  1.080025e-12
8.619811e+01  1.080025e-12
8.619811e+01  1.080025e-12
8.619811e+01  1.080025e-12
8.619811e+01  1.080025e-12
8.619811e+01  1.080025e-12
8.619811e+01  1.080025e-12
8.619811e+01  1.080025e-12
8.619811e+01  1.080025e-12
8.619811e+01  1.080025e-12
8.619811e+01  1.080025e-12
8.619811e+01  1.080025e-12
8.619811e+01  1.080025e-12
8.619811e+01  1.080025e-12
8.619811e+01  1.080025e-12
8.619811e+01  1.080025e-12
8.619811e+01  1.080025e-12
8.619811e+01  1.080025e-12
8.619811e+01  1.080025e-12
8.619811e+01  1.080025e-12
8.619811e+01  1.080025e-12
8.619811e+01  1.080025e-12
8.619811e+01  1.080025e-12
8.619811e+01  1.080025e-12
8.619811e+01  1.080025e-12
8.619811e+01  1.080025e-12
8.619811e+01  1.080025e-12
8.619811e+01  1.080025e-12
8.619811e+01  1.080025e-12
8.619811e+01  1.080025e-12
8.619811e+01  1.080025e-12
8.619811e+01  1.080025e-12
8.619811e+01  1.080025e-12
8.619811e+01  1.080025e-12
8.619811e+01  1.080025e-12
8.619811e+01  1.080025e-12
8.619811e+01  1.080025e-12
8.619811e+01  1.080025e-12
8.619811e+01  1.080025e-12
8.619811e+01  1.080025e-12
8.619811e+01  1.080025e-12
8.619811e+01  1.080025e-12
8.619811e+01  1.080025e-12
8.619811e+01  1.080025e-12
8.619811e+01  1.080025e-12
8.619811e+01  1.080025e-12
8.619811e+01  1.080025e-12
8.619811e+01  1.080025e-12
8.619811e+01  1.080025e-12
8.619811e+01  1.080025e-12
8.619811e+01  1.080025e-12
8.619811e+01  1.080025e-12
8.619811e+01  1.080025e-12
8.619811e+01  1.080025e-12
8.619811e+01  1.080025e-12
8.619811e+01  1.080025e-12
8.619811e+01  1.080025e-12
8.619811e+01  1.080025e-12
8.619811e+01  1.080025e-12
8.619811e+01  1.080025e-12
8.619811e+01  1.080025e-12
8.619811e+01  1.080025e-12
8.619811e+01  1.080025e-12
8.619811e+01  1.080025e-12
8.619811e+01  1.080025e-12
8.619811e+01  1.080025e-12
8.619811e+01  1.080025e-12
8.619811e+01  1.080025e-12
8.619811e+01  1.080025e-12
8.619811e+01  1.080025e-12
8.619811e+01  1.080025e-12
8.619811e+01  1.080025e-12
8.619811e+01  1.080025e-12
8.619811e+01  1.080025e-12
8.619811e+01  1.080025e-12
8.619811e+01  1.080025e-12
8.619811e+01  1.080025e-12
8.619811e+01  1.080025e-12
8.619811e+01  1.080025e-12
8.619811e+01  1.080025e-12
8.619811e+01  1.080025e-12
8.619811e+01  1.080025e-12
8.619811e+01  1.080025e-12
8.619811e+01  1.080025e-12
8.619811e+01  1.080025e-12
8.619811e+01  1.080025e-12
8.619811e+01  1.080025e-12
8.619811e+01  1.080025e-12
8.619811e+01  1.080025e-12
8.619811e+01  1.080025e-12
8.619811e+01  1.080025e-12
8.619811e+01  1.080025e-12
8.619811e+01  1.080025e-12
8.619811e+01  1.080025e-12
8.619811e+01  1.080025e-12
8.619811e+01  1.080025e-12
8.619811e+01  1.080025e-12
8.619811e+01  1.080025e-12
8.619811e+01  1.080025e-12
8.619811e+01  1.080025e-12
8.619811e+01  1.080025e-12
8.619811e+01  1.080025e-12
8.619811e+01  1.080025e-12
8.619811e+01  1.080025e-12
8.619811e+01  1.080025e-12
8.619811e+01  1.080025e-12
8.619811e+01  1.080025e-12
8.619811e+01  1.080025e-12
8.619811e+01  1.080025e-12
8.619811e+01  1.080025e-12
8.619811e+01  1.080025e-12
8.619811e+01  1.080025e-12
8.619811e+01  1.080025e-12
8.619811e+01  1.080025e-12
8.619811e+01  1.080025e-12
8.619811e+01  1.080025e-12
8.619811e+01  1.080025e-12
8.619811e+01  1.080025e-12
8.619811e+01  1.080025e-12
8.619811e+01  1.080025e-12
8.619811e+01  1.080025e-12
8.619811e+01  1.080025e-12
8.619811e+01  1.080025e-12
8.619811e+01  1.080025e-12
8.619811e+01  1.080025e-12
8.619811e+01  1.080025e-12
8.619811e+01  1.080025e-12
8.619811e+01  1.080025e-12
8.619811e+01  1.080025e-12
8.619811e+01  1.080025e-12
8.619811e+01  1.080025e-12
8.619811e+01  1.080025e-12
8.619811e+01  1.080025e-12
8.619811e+01  1.080025e-12
8.619811e+01  1.080025e-12
8.619811e+01  1.080025e-12
8.619811e+01  1.080025e-12
8.619811e+01  1.080025e-12
8.619811e+01  1.080025e-12
8.619811e+01  1.080025e-12
8.619811e+01  1.080025e-12
8.619811e+01  1.080025e-12
8.619811e+01  1.080025e-12
8.619811e+01  1.080025e-12
8.619811e+01  1.080025e-12
8.619811e+01  1.080025e-12
8.619811e+01  1.080025e-12
8.619811e+01  1.080025e-12
8.619811e+01  1.080025e-12
8.619811e+01  1.080025e-12
8.619811e+01  1.080025e-12
8.619811e+01  1.080025e-12
8.619811e+01  1.080025e-12
8.619811e+01  1.080025e-12
8.619811e+01  1.080025e-12
8.619811e+01  1.080025e-12
8.619811e+01  1.080025e-12
8.619811e+01  1.080025e-12
8.619811e+01  1.080025e-12
8.619811e+01  1.080025e-12
8.619811e+01  1.080025e-12
8.619811e+01  1.080025e-12
8.619811e+01  1.080025e-12
8.619811e+01  1.080025e-12
8.619811e+01  1.080025e-12
8.619811e+01  1.080025e-12
8.619811e+01  1.080025e-12
8.619811e+01  1.080025e-12
8.619811e+01  1.080025e-12
8.619811e+01  1.080025e-12
8.619811e+01  1.080025e-12
8.619811e+01  1.080025e-12
8.619811e+01  1.080025e-12
8.619811e+01  1.080025e-12
8.619811e+01  1.080025e-12
8.619811e+01  1.080025e-12
8.619811e+01  1.080025e-12
8.619811e+01  1.080025e-12
8.619811e+01  1.080025e-12
8.619811e+01  1.080025e-12
8.619811e+01  1.080025e-12
8.619811e+01  1.080025e-12
8.619811e+01  1.080025e-12
8.619811e+01  1.080025e-12
8.619811e+01  1.080025e-12
8.619811e+01  1.080025e-12
8.619811e+01  1.080025e-12
8.619811e+01  1.080025e-12
8.619811e+01  1.080025e-12
8.619811e+01  1.080025e-12
8.619811e+01  1.080025e-12
8.619811e+01  1.080025e-12
8.619811e+01  1.080025e-12
8.619811e+01  1.080025e-12
8.619811e+01  1.080025e-12
8.619811e+01  1.080025e-12
8.619811e+01  1.080025e-12
8.619811e+01  1.080025e-12
8.619811e+01  1.080025e-12
8.619811e+01  1.080025e-12
8.619811e+01  1.080025e-12
8.619811e+01  1.080025e-12
8.619811e+01  1.080025e-12
8.619811e+01  1.080025e-12
8.619811e+01  1.080025e-12
8.619811e+01  1.080025e-12
8.619811e+01  1.080025e-12
8.619811e+01  1.080025e-12
8.619811e+01  1.080025e-12
8.619811e+01  1.080025e-12
8.619811e+01  1.080025e-12
8.619811e+01  1.080025e-12
8.619811e+01  1.080025e-12
8.619811e+01  1.080025e-12
8.619811e+01  1.080025e-12
8.619811e+01  1.080025e-12
8.619811e+01  1.080025e-12
8.619811e+01  1.080025e-12
8.619811e+01  1.080025e-12
8.619811e+01  1.080025e-12
8.619811e+01  1.080025e-12
8.619811e+01  1.080025e-12
8.619811e+01  1.080025e-12
8.619811e+01  1.080025e-12
8.619811e+01  1.080025e-12
8.619811e+01  1.080025e-12
8.619811e+01  1.080025e-12
8.619811e+01  1.080025e-12
8.619811e+01  1.080025e-12
8.619811e+01  1.080025e-12
8.619811e+01  1.080025e-12
8.619811e+01  1.080025e-12
8.619811e+01  1.080025e-12
8.619811e+01  1.080025e-12
8.619811e+01  1.080025e-12
8.619811e+01  1.080025e-12
8.619811e+01  1.080025e-12
8.619811e+01  1.080025e-12
8.619811e+01  1.080025e-12
8.619811e+01  1.080025e-12
8.619811e+01  1.080025e-12
8.619811e+01  1.080025e-12
8.619811e+01  1.080025e-12
8.619811e+01  1.080025e-12
8.619811e+01  1.080025e-12
8.619811e+01  1.080025e-12
8.619811e+01  1.080025e-12
8.619811e+01  1.080025e-12
8.619811e+01  1.080025e-12
8.619811e+01  1.080025e-12
8.619811e+01  1.080025e-12
8.619811e+01  1.080025e-12
8.619811e+01  1.080025e-12
8.619811e+01  1.080025e-12
8.619811e+01  1.080025e-12
8.619811e+01  1.080025e-12
8.619811e+01  1.080025e-12
8.619811e+01  1.080025e-12
8.619811e+01  1.080025e-12
8.619811e+01  1.080025e-12
8.619811e+01  1.080025e-12
8.619811e+01  1.080025e-12
8.619811e+01  1.080025e-12
8.619811e+01  1.080025e-12
8.619811e+01  1.080025e-12
8.619811e+01  1.080025e-12
8.619811e+01  1.080025e-12
8.619811e+01  1.080025e-12
8.619811e+01  1.080025e-12
8.619811e+01  1.080025e-12
8.619811e+01  1.080025e-12
8.619811e+01  1.080025e-12
8.619811e+01  1.080025e-12
8.619811e+01  1.080025e-12
8.619811e+01  1.080025e-12
8.619811e+01  1.080025e-12
8.619811e+01  1.080025e-12
8.619811e+01  1.080025e-12
8.619811e+01  1.080025e-12
8.619811e+01  1.080025e-12
8.619811e+01  1.080025e-12
8.619811e+01  1.080025e-12
8.619811e+01  1.080025e-12
8.619811e+01  1.080025e-12
8.619811e+01  1.080025e-12
8.619811e+01  1.080025e-12
8.619811e+01  1.080025e-12
8.619811e+01  1.080025e-12
8.619811e+01  1.080025e-12
8.619811e+01  1.080025e-12
8.619811e+01  1.080025e-12
8.619811e+01  1.080025e-12
8.619811e+01  1.080025e-12
8.619811e+01  1.080025e-12
8.619811e+01  1.080025e-12
8.619811e+01  1.080025e-12
8.619811e+01  1.080025e-12
8.619811e+01  1.080025e-12
8.619811e+01  1.080025e-12
8.619811e+01  1.080025e-12
8.619811e+01  1.080025e-12
8.619811e+01  1.080025e-12
8.619811e+01  1.080025e-12
8.619811e+01  1.080025e-12
8.619811e+01  1.080025e-12
8.619811e+01  1.080025e-12
8.619811e+01  1.080025e-12
8.619811e+01  1.080025e-12
8.619811e+01  1.080025e-12
8.619811e+01  1.080025e-12
8.619811e+01  1.080025e-12
8.619811e+01  1.080025e-12
8.619811e+01  1.080025e-12
8.619811e+01  1.080025e-12
8.619811e+01  1.080025e-12
8.619811e+01  1.080025e-12
8.619811e+01  1.080025e-12
8.619811e+01  1.080025e-12
8.619811e+01  1.080025e-12
8.619811e+01  1.080025e-12
8.619811e+01  1.080025e-12
8.619811e+01  1.080025e-12
8.619811e+01  1.080025e-12
8.619811e+01  1.080025e-12
8.619811e+01  1.080025e-12
8.619811e+01  1.080025e-12
8.619811e+01  1.080025e-12
8.619811e+01  1.080025e-12
8.619811e+01  1.080025e-12
8.619811e+01  1.080025e-12
8.619811e+01  1.080025e-12
8.619811e+01  1.080025e-12
8.619811e+01  1.080025e-12
8.619811e+01  1.080025e-12
8.619811e+01  1.080025e-12
8.619811e+01  1.080025e-12
8.619811e+01  1.080025e-12
8.619811e+01  1.080025e-12
8.619811e+01  1.080025e-12
8.619811e+01  1.080025e-12
8.619811e+01  1.080025e-12
8.619811e+01  1.080025e-12
8.619811e+01  1.080025e-12
8.619811e+01  1.080025e-12
8.619811e+01  1.080025e-12
8.619811e+01  1.080025e-12
8.619811e+01  1.080025e-12
8.619811e+01  1.080025e-12
8.619811e+01  1.080025e-12
8.619811e+01  1.080025e-12
8.619811e+01  1.080025e-12
8.619811e+01  1.080025e-12
8.619811e+01  1.080025e-12
8.619811e+01  1.080025e-12
8.619811e+01  1.080025e-12
8.619811e+01  1.080025e-12
8.619811e+01  1.080025e-12
8.619811e+01  1.080025e-12
8.619811e+01  1.080025e-12
8.619811e+01  1.080025e-12
8.619811e+01  1.080025e-12
8.619811e+01  1.080025e-12
8.619811e+01  1.080025e-12
8.619811e+01  1.080025e-12
8.619811e+01  1.080025e-12
8.619811e+01  1.080025e-12
8.619811e+01  1.080025e-12
8.619811e+01  1.080025e-12
8.619811e+01  1.080025e-12
8.619811e+01  1.080025e-12
8.619811e+01  1.080025e-12
8.619811e+01  1.080025e-12
8.619811e+01  1.080025e-12
8.619811e+01  1.080025e-12
8.619811e+01  1.080025e-12
8.619811e+01  1.080025e-12
8.619811e+01  1.080025e-12
8.619811e+01  1.080025e-12
8.619811e+01  1.080025e-12
8.619811e+01  1.080025e-12
8.619811e+01  1.080025e-12
8.619811e+01  1.080025e-12
8.619811e+01  1.080025e-12
8.619811e+01  1.080025e-12
8.619811e+01  1.080025e-12
8.619811e+01  1.080025e-12
8.619811e+01  1.080025e-12
8.619811e+01  1.080025e-12
8.619811e+01  1.080025e-12
8.619811e+01  1.080025e-12
8.619811e+01  1.080025e-12
8.619811e+01  1.080025e-12
8.619811e+01  1.080025e-12
8.619811e+01  1.080025e-12
8.619811e+01  1.080025e-12
8.619811e+01  1.080025e-12
8.619811e+01  1.080025e-12
8.619811e+01  1.080025e-12
8.619811e+01  1.080025e-12
8.619811e+01  1.080025e-12
8.619811e+01  1.080025e-12
8.619811e+01  1.080025e-12
8.619811e+01  1.080025e-12
8.619811e+01  1.080025e-12
8.619811e+01  1.080025e-12
8.619811e+01  1.080025e-12
8.619811e+01  1.080025e-12
8.619811e+01  1.080025e-12
8.619811e+01  1.080025e-12
8.619811e+01  1.080025e-12
8.619811e+01  1.080025e-12
8.619811e+01  1.080025e-12
8.619811e+01  1.080025e-12
8.619811e+01  1.080025e-12
8.619811e+01  1.080025e-12
8.619811e+01  1.080025e-12
8.619811e+01  1.080025e-12
8.619811e+01  1.080025e-12
8.619811e+01  1.080025e-12
8.619811e+01  1.080025e-12
8.619811e+01  1.080025e-12
8.619811e+01  1.080025e-12
8.619811e+01  1.080025e-12
8.619811e+01  1.080025e-12
8.619811e+01  1.080025e-12
8.619811e+01  1.080025e-12
8.619811e+01  1.080025e-12
8.619811e+01  1.080025e-12
8.619811e+01  1.080025e-12
8.619811e+01  1.080025e-12
8.619811e+01  1.080025e-12
8.619811e+01  1.080025e-12
8.619811e+01  1.080025e-12
8.619811e+01  1.080025e-12
8.619811e+01  1.080025e-12
8.619811e+01  1.080025e-12
8.619811e+01  1.080025e-12
8.619811e+01  1.080025e-12
8.619811e+01  1.080025e-12
8.619811e+01  1.080025e-12
8.619811e+01  1.080025e-12
8.619811e+01  1.080025e-12
8.619811e+01  1.080025e-12
8.619811e+01  1.080025e-12
8.619811e+01  1.080025e-12
8.619811e+01  1.080025e-12
8.619811e+01  1.080025e-12
8.619811e+01  1.080025e-12
8.619811e+01  1.080025e-12
8.619811e+01  1.080025e-12
8.619811e+01  1.080025e-12
8.619811e+01  1.080025e-12
8.619811e+01  1.080025e-12
8.619811e+01  1.080025e-12
8.619811e+01  1.080025e-12
8.619811e+01  1.080025e-12
8.619811e+01  1.080025e-12
8.619811e+01  1.080025e-12
8.619811e+01  1.080025e-12
8.619811e+01  1.080025e-12
8.619811e+01  1.080025e-12
8.619811e+01  1.080025e-12
8.619811e+01  1.080025e-12
8.619811e+01  1.080025e-12
8.619811e+01  1.080025e-12
8.619811e+01  1.080025e-12
8.619811e+01  1.080025e-12
8.619811e+01  1.080025e-12
8.619811e+01  1.080025e-12
8.619811e+01  1.080025e-12
8.619811e+01  1.080025e-12
8.619811e+01  1.080025e-12
8.619811e+01  1.080025e-12
8.619811e+01  1.080025e-12
8.619811e+01  1.080025e-12
8.619811e+01  1.080025e-12
8.619811e+01  1.080025e-12
8.619811e+01  1.080025e-12
8.619811e+01  1.080025e-12
8.619811e+01  1.080025e-12
8.619811e+01  1.080025e-12
8.619811e+01  1.080025e-12
8.619811e+01  1.080025e-12
8.619811e+01  1.080025e-12
8.619811e+01  1.080025e-12
8.619811e+01  1.080025e-12
8.619811e+01  1.080025e-12
8.619811e+01  1.080025e-12
8.619811e+01  1.080025e-12
8.619811e+01  1.080025e-12
8.619811e+01  1.080025e-12
8.619811e+01  1.080025e-12
8.619811e+01  1.080025e-12
8.619811e+01  1.080025e-12
8.619811e+01  1.080025e-12
8.619811e+01  1.080025e-12
8.619811e+01  1.080025e-12
8.619811e+01  1.080025e-12
8.619811e+01  1.080025e-12
8.619811e+01  1.080025e-12
8.619811e+01  1.080025e-12
8.619811e+01  1.080025e-12
8.619811e+01  1.080025e-12
8.619811e+01  1.080025e-12
8.619811e+01  1.080025e-12
8.619811e+01  1.080025e-12
8.619811e+01  1.080025e-12
8.619811e+01  1.080025e-12
8.619811e+01  1.080025e-12
8.619811e+01  1.080025e-12
8.619811e+01  1.080025e-12
8.619811e+01  1.080025e-12
8.619811e+01  1.080025e-12
8.619811e+01  1.080025e-12
8.619811e+01  1.080025e-12
8.619811e+01  1.080025e-12
8.619811e+01  1.080025e-12
8.619811e+01  1.080025e-12
8.619811e+01  1.080025e-12
8.619811e+01  1.080025e-12
8.619811e+01  1.080025e-12
8.619811e+01  1.080025e-12
8.619811e+01  1.080025e-12
8.619811e+01  1.080025e-12
8.619811e+01  1.080025e-12
8.619811e+01  1.080025e-12
8.619811e+01  1.080025e-12
8.619811e+01  1.080025e-12
8.619811e+01  1.080025e-12
8.619811e+01  1.080025e-12
8.619811e+01  1.080025e-12
8.619811e+01  1.080025e-12
8.619811e+01  1.080025e-12
8.619811e+01  1.080025e-12
8.619811e+01  1.080025e-12
8.619811e+01  1.080025e-12
8.619811e+01  1.080025e-12
8.619811e+01  1.080025e-12
8.619811e+01  1.080025e-12
8.619811e+01  1.080025e-12
8.619811e+01  1.080025e-12
