5.462848e+02
5.146208e+02
4.803328e+02
4.621679e+02
4.509566e+02
4.408480e+02
4.258379e+02
4.149216e+02
3.997688e+02
3.915358e+02
3.778206e+02
3.614268e+02
3.481298e+02
3.356970e+02
3.321981e+02
3.239657e+02
3.145088e+02
3.094223e+02
3.030442e+02
2.954025e+02
2.883417e+02
2.804599e+02
2.761959e+02
2.698303e+02
2.648047e+02
2.621499e+02
2.604267e+02
2.570020e+02
2.542674e+02
2.502191e+02
2.465954e+02
2.424252e+02
2.403912e+02
2.378780e+02
2.313657e+02
2.279982e+02
2.266180e+02
2.249299e+02
2.220951e+02
2.176886e+02
2.158876e+02
2.143542e+02
2.131729e+02
2.122057e+02
2.108159e+02
2.064636e+02
2.049563e+02
2.027478e+02
2.007292e+02
1.991216e+02
1.976812e+02
1.968183e+02
1.945674e+02
1.938834e+02
1.933268e+02
1.924433e+02
1.920322e+02
1.906305e+02
1.893761e+02
1.867715e+02
1.845184e+02
1.830100e+02
1.814078e+02
1.799970e+02
1.795385e+02
1.790366e+02
1.780011e+02
1.765149e+02
1.755240e+02
1.747210e+02
1.743230e+02
1.730986e+02
1.722426e+02
1.714638e+02
1.708066e+02
1.701300e+02
1.701300e+02
1.687053e+02
1.683735e+02
1.682094e+02
1.672726e+02
1.669407e+02
1.666187e+02
1.665415e+02
1.659992e+02
1.656403e+02
1.648391e+02
1.643553e+02
1.633986e+02
1.630804e+02
1.608373e+02
1.597311e+02
1.593588e+02
1.577518e+02
1.557607e+02
1.508848e+02
1.499483e+02
1.496354e+02
1.488358e+02
1.487691e+02
1.480457e+02
1.480457e+02
1.477217e+02
1.473432e+02
1.471078e+02
1.465496e+02
1.465496e+02
1.465496e+02
1.462624e+02
1.459110e+02
1.456238e+02
1.456238e+02
1.449613e+02
1.449613e+02
1.448023e+02
1.432904e+02
1.428727e+02
1.428727e+02
1.428158e+02
1.423126e+02
1.421150e+02
1.415973e+02
1.415973e+02
1.415973e+02
1.414265e+02
1.406814e+02
1.401469e+02
1.401469e+02
1.399115e+02
1.396074e+02
1.396074e+02
1.396074e+02
1.396074e+02
1.371802e+02
1.369351e+02
1.367896e+02
1.367896e+02
1.367896e+02
1.363337e+02
1.363337e+02
1.363337e+02
1.360606e+02
1.358126e+02
1.357034e+02
1.352752e+02
1.352354e+02
1.352354e+02
1.352354e+02
1.348258e+02
1.343816e+02
1.342906e+02
1.198968e+02
1.198968e+02
1.198968e+02
1.181962e+02
1.181962e+02
1.179583e+02
1.177799e+02
1.177799e+02
1.177799e+02
1.177799e+02
1.177799e+02
1.177799e+02
1.177799e+02
1.177799e+02
1.177799e+02
1.177799e+02
1.172796e+02
1.172796e+02
1.172796e+02
1.172796e+02
1.172796e+02
1.170528e+02
1.170528e+02
1.170528e+02
1.170528e+02
1.170528e+02
1.170528e+02
1.168067e+02
1.168067e+02
1.168067e+02
1.168067e+02
1.168067e+02
1.168067e+02
1.168067e+02
1.150300e+02
1.150300e+02
1.144957e+02
1.129916e+02
1.129916e+02
1.129916e+02
1.128789e+02
1.119850e+02
1.119850e+02
1.119850e+02
1.119850e+02
1.119608e+02
1.119608e+02
1.119608e+02
1.119608e+02
1.119608e+02
1.119156e+02
1.116444e+02
1.116444e+02
1.116444e+02
1.116444e+02
1.116444e+02
1.116444e+02
1.116444e+02
1.113926e+02
1.113926e+02
1.113926e+02
1.113926e+02
1.113926e+02
1.113926e+02
1.113926e+02
1.113926e+02
1.113926e+02
1.113926e+02
1.112752e+02
1.109466e+02
1.107869e+02
1.107869e+02
1.107869e+02
1.102776e+02
1.102776e+02
1.102776e+02
1.102776e+02
1.091500e+02
1.091500e+02
1.091500e+02
1.091500e+02
1.090142e+02
1.081103e+02
1.081103e+02
1.081103e+02
1.081103e+02
1.080925e+02
1.076055e+02
1.075877e+02
1.075877e+02
1.075245e+02
1.075245e+02
1.075245e+02
1.075245e+02
1.075245e+02
1.075245e+02
1.075245e+02
1.069355e+02
1.069355e+02
1.069355e+02
1.069355e+02
1.069355e+02
1.069355e+02
1.069355e+02
1.069355e+02
1.069355e+02
1.069355e+02
1.069355e+02
1.069355e+02
1.069355e+02
1.069355e+02
1.069355e+02
1.069355e+02
1.069355e+02
1.069355e+02
1.069355e+02
1.069355e+02
1.069355e+02
1.069355e+02
1.069355e+02
1.069355e+02
1.069355e+02
1.069355e+02
1.069355e+02
1.069355e+02
1.069355e+02
1.069355e+02
1.069355e+02
1.069355e+02
1.069355e+02
1.069355e+02
1.069355e+02
1.069355e+02
1.069355e+02
1.069355e+02
1.069355e+02
1.069355e+02
1.069355e+02
1.069355e+02
1.069355e+02
1.069355e+02
1.069355e+02
1.069355e+02
1.069355e+02
1.069355e+02
1.069355e+02
1.069355e+02
1.069355e+02
1.069355e+02
1.069355e+02
1.059054e+02
1.059054e+02
1.059054e+02
1.050289e+02
1.023808e+02
1.023029e+02
1.022272e+02
1.013259e+02
1.013259e+02
1.013259e+02
1.009579e+02
1.009579e+02
1.009579e+02
1.009579e+02
1.009579e+02
1.009579e+02
1.009579e+02
1.009579e+02
1.009579e+02
1.009579e+02
1.007702e+02
1.007702e+02
1.007702e+02
1.007702e+02
1.004150e+02
1.004150e+02
1.004150e+02
1.004150e+02
1.004150e+02
1.004150e+02
1.004150e+02
1.004150e+02
1.004150e+02
1.004150e+02
1.004150e+02
1.004150e+02
1.004150e+02
1.004150e+02
1.004150e+02
9.985891e+01
9.979715e+01
9.979715e+01
9.979715e+01
9.979715e+01
9.979715e+01
9.979715e+01
9.923407e+01
9.923407e+01
9.923407e+01
9.923407e+01
9.923407e+01
9.923407e+01
9.923407e+01
9.923407e+01
9.923407e+01
9.923407e+01
9.923407e+01
9.923407e+01
9.923407e+01
9.923407e+01
9.911575e+01
9.911575e+01
9.911575e+01
9.911575e+01
9.911575e+01
9.911575e+01
9.911575e+01
9.911575e+01
9.903017e+01
9.903017e+01
9.903017e+01
9.903017e+01
9.903017e+01
9.903017e+01
9.903017e+01
9.903017e+01
9.903017e+01
9.903017e+01
9.903017e+01
9.903017e+01
9.903017e+01
9.903017e+01
9.903017e+01
9.903017e+01
9.903017e+01
9.903017e+01
9.903017e+01
9.903017e+01
9.903017e+01
9.903017e+01
9.903017e+01
9.903017e+01
9.903017e+01
9.903017e+01
9.903017e+01
9.903017e+01
9.903017e+01
9.903017e+01
9.903017e+01
9.903017e+01
9.850309e+01
9.850309e+01
9.850309e+01
9.850309e+01
9.816865e+01
9.816865e+01
9.816865e+01
9.816865e+01
9.816865e+01
9.816865e+01
9.816865e+01
9.816865e+01
9.816865e+01
9.816865e+01
9.816865e+01
9.816865e+01
9.816865e+01
9.816865e+01
9.816865e+01
9.816865e+01
9.816865e+01
9.816865e+01
9.816865e+01
9.816865e+01
9.816865e+01
9.816865e+01
9.816865e+01
9.816865e+01
9.816865e+01
9.816865e+01
9.816865e+01
9.816865e+01
9.816865e+01
9.816865e+01
9.816865e+01
9.812235e+01
9.812235e+01
9.812235e+01
9.812235e+01
9.812235e+01
9.812235e+01
9.812235e+01
9.812235e+01
9.812235e+01
9.812235e+01
9.812235e+01
9.812235e+01
9.812235e+01
9.812235e+01
9.812235e+01
9.812235e+01
9.812235e+01
9.812235e+01
9.812235e+01
9.812235e+01
9.812235e+01
9.812235e+01
9.812235e+01
9.812235e+01
9.812235e+01
9.812235e+01
9.812235e+01
9.812235e+01
9.812235e+01
9.812235e+01
9.812235e+01
9.812235e+01
9.812235e+01
9.812235e+01
9.812235e+01
9.812235e+01
9.812235e+01
9.812235e+01
9.812235e+01
9.812235e+01
9.812235e+01
9.812235e+01
9.812235e+01
9.812235e+01
9.812235e+01
9.812235e+01
9.806999e+01
9.806999e+01
9.806999e+01
9.806999e+01
9.806999e+01
9.806999e+01
9.806999e+01
9.806999e+01
9.806999e+01
9.806999e+01
9.806999e+01
9.806999e+01
9.792526e+01
9.792526e+01
9.792526e+01
9.792526e+01
9.792526e+01
9.792526e+01
9.792526e+01
9.792526e+01
9.792526e+01
9.792526e+01
9.792526e+01
9.792526e+01
9.792526e+01
9.792526e+01
9.792526e+01
9.792526e+01
9.792526e+01
9.792526e+01
9.792526e+01
9.792526e+01
9.792526e+01
9.792526e+01
9.792526e+01
9.792526e+01
9.792526e+01
9.792526e+01
9.792526e+01
9.792526e+01
9.792526e+01
9.792526e+01
9.792526e+01
9.792526e+01
9.792526e+01
9.792526e+01
9.792526e+01
9.792526e+01
9.792526e+01
9.792526e+01
9.792526e+01
9.792526e+01
9.792526e+01
9.792526e+01
9.792526e+01
9.792526e+01
9.792526e+01
9.792526e+01
9.792526e+01
9.792526e+01
9.792526e+01
9.792526e+01
9.792526e+01
9.792526e+01
9.792526e+01
9.792526e+01
9.792526e+01
9.792526e+01
9.792526e+01
9.792526e+01
9.792526e+01
9.792526e+01
9.792526e+01
9.792526e+01
9.792526e+01
9.792526e+01
9.792526e+01
9.792526e+01
9.792526e+01
9.792526e+01
9.792526e+01
9.792526e+01
9.792526e+01
9.792526e+01
9.792526e+01
9.792526e+01
9.792526e+01
9.792526e+01
9.792526e+01
9.792526e+01
9.792526e+01
9.792526e+01
9.792526e+01
9.792526e+01
9.792526e+01
9.792526e+01
9.792526e+01
9.792526e+01
9.792526e+01
9.792526e+01
9.792526e+01
9.792526e+01
9.792526e+01
9.792526e+01
9.792526e+01
9.792526e+01
9.792526e+01
9.792526e+01
9.792526e+01
9.792526e+01
9.792526e+01
9.792526e+01
9.792526e+01
9.792526e+01
9.792526e+01
9.792526e+01
9.792526e+01
9.792526e+01
9.792526e+01
9.618160e+01
9.618160e+01
9.618160e+01
9.618160e+01
9.618160e+01
9.618160e+01
9.618160e+01
9.618160e+01
9.618160e+01
9.618160e+01
9.618160e+01
9.618160e+01
9.618160e+01
9.618160e+01
9.618160e+01
9.618160e+01
9.618160e+01
9.618160e+01
9.618160e+01
9.618160e+01
9.618160e+01
9.618160e+01
9.618160e+01
9.618160e+01
9.618160e+01
9.618160e+01
9.618160e+01
9.618160e+01
9.618160e+01
9.618160e+01
9.618160e+01
9.618160e+01
9.618160e+01
9.618160e+01
9.618160e+01
9.618160e+01
9.618160e+01
9.618160e+01
9.618160e+01
9.618160e+01
9.618160e+01
9.618160e+01
9.618160e+01
9.618160e+01
9.618160e+01
9.618160e+01
9.618160e+01
9.618160e+01
9.618160e+01
9.618160e+01
9.618160e+01
9.618160e+01
9.618160e+01
9.618160e+01
9.618160e+01
9.618160e+01
9.618160e+01
9.618160e+01
9.618160e+01
9.618160e+01
9.618160e+01
9.618160e+01
9.618160e+01
9.618160e+01
9.618160e+01
9.618160e+01
9.618160e+01
9.618160e+01
9.618160e+01
9.618160e+01
9.618160e+01
9.618160e+01
9.618160e+01
9.618160e+01
9.618160e+01
9.618160e+01
9.618160e+01
9.618160e+01
9.618160e+01
9.618160e+01
9.618160e+01
9.618160e+01
9.618160e+01
9.618160e+01
9.618160e+01
9.618160e+01
9.618160e+01
9.618160e+01
9.618160e+01
9.618160e+01
9.618160e+01
9.618160e+01
9.618160e+01
9.618160e+01
9.618160e+01
9.618160e+01
9.618160e+01
9.618160e+01
9.618160e+01
9.618160e+01
9.618160e+01
9.618160e+01
9.618160e+01
9.618160e+01
9.618160e+01
9.618160e+01
9.618160e+01
9.618160e+01
9.618160e+01
9.618160e+01
9.618160e+01
9.618160e+01
9.618160e+01
9.618160e+01
9.618160e+01
9.618160e+01
9.618160e+01
9.618160e+01
9.618160e+01
9.618160e+01
9.618160e+01
9.618160e+01
9.618160e+01
9.618160e+01
9.618160e+01
9.618160e+01
9.618160e+01
9.618160e+01
9.618160e+01
9.618160e+01
9.618160e+01
9.618160e+01
9.618160e+01
9.618160e+01
9.618160e+01
9.618160e+01
9.618160e+01
9.618160e+01
9.618160e+01
9.618160e+01
9.618160e+01
9.618160e+01
9.618160e+01
9.618160e+01
9.618160e+01
9.618160e+01
9.618160e+01
9.618160e+01
9.618160e+01
9.618160e+01
9.618160e+01
9.618160e+01
9.618160e+01
9.618160e+01
9.618160e+01
9.618160e+01
9.618160e+01
9.618160e+01
9.618160e+01
9.618160e+01
9.618160e+01
9.618160e+01
9.618160e+01
9.618160e+01
9.618160e+01
9.618160e+01
9.618160e+01
9.618160e+01
9.618160e+01
9.618160e+01
9.618160e+01
9.593452e+01
9.593452e+01
9.593452e+01
9.593452e+01
9.593452e+01
9.593452e+01
9.593452e+01
9.593452e+01
9.593452e+01
9.593452e+01
9.593452e+01
9.591312e+01
9.591312e+01
9.591312e+01
9.591312e+01
9.591312e+01
9.591312e+01
9.591312e+01
9.591312e+01
9.591312e+01
9.591312e+01
9.591312e+01
9.591312e+01
9.591312e+01
9.591312e+01
9.591312e+01
9.591312e+01
9.591312e+01
9.591312e+01
9.591312e+01
9.591312e+01
9.591312e+01
9.591312e+01
9.591312e+01
9.591312e+01
9.591312e+01
9.591312e+01
9.591312e+01
9.591312e+01
9.591312e+01
9.591312e+01
9.591312e+01
9.591312e+01
9.591312e+01
9.591312e+01
9.591312e+01
9.591312e+01
9.591312e+01
9.591312e+01
9.591312e+01
9.591312e+01
9.591312e+01
9.591312e+01
9.591312e+01
9.591312e+01
9.591312e+01
9.591312e+01
9.591312e+01
9.591312e+01
9.591312e+01
9.591312e+01
9.591312e+01
9.591312e+01
9.591312e+01
9.591312e+01
9.591312e+01
9.591312e+01
9.591312e+01
9.591312e+01
9.591312e+01
9.591312e+01
9.591312e+01
9.591312e+01
9.591312e+01
9.591312e+01
9.591312e+01
9.591312e+01
9.591312e+01
9.591312e+01
9.591312e+01
9.591312e+01
9.591312e+01
9.591312e+01
9.591312e+01
9.591312e+01
9.591312e+01
9.591312e+01
9.591312e+01
9.591312e+01
9.591312e+01
9.591312e+01
9.591312e+01
9.591312e+01
9.591312e+01
9.591312e+01
9.591312e+01
9.591312e+01
9.591312e+01
9.591312e+01
9.591312e+01
9.591312e+01
9.591312e+01
9.591312e+01
9.591312e+01
9.591312e+01
9.591312e+01
9.591312e+01
9.591312e+01
9.591312e+01
9.591312e+01
9.591312e+01
9.591312e+01
9.591312e+01
9.591312e+01
9.591312e+01
9.591312e+01
9.591312e+01
9.591312e+01
9.591312e+01
9.591312e+01
9.591312e+01
9.591312e+01
9.591312e+01
9.591312e+01
9.591312e+01
9.591312e+01
9.591312e+01
9.591312e+01
9.591312e+01
8.726501e+01
8.707552e+01
8.707552e+01
8.707552e+01
8.707552e+01
8.707552e+01
8.707552e+01
8.707552e+01
8.707552e+01
8.707552e+01
8.707552e+01
8.707552e+01
8.707552e+01
8.707552e+01
8.707552e+01
8.707552e+01
8.707552e+01
8.707552e+01
8.707552e+01
8.707552e+01
8.707552e+01
8.707552e+01
8.707552e+01
8.707552e+01
8.707552e+01
8.707552e+01
8.707552e+01
8.707552e+01
8.707552e+01
8.707552e+01
8.707552e+01
8.707552e+01
8.707552e+01
8.707552e+01
8.707552e+01
8.707552e+01
8.707552e+01
8.707552e+01
8.707552e+01
8.707552e+01
8.707552e+01
8.707552e+01
8.707552e+01
8.707552e+01
8.707552e+01
8.707552e+01
8.707552e+01
8.707552e+01
8.707552e+01
8.707552e+01
8.707552e+01
8.707552e+01
8.707552e+01
8.707552e+01
8.707552e+01
8.707552e+01
8.707552e+01
8.707552e+01
8.707552e+01
8.707552e+01
8.707552e+01
8.707552e+01
8.707552e+01
8.707552e+01
8.707552e+01
8.707552e+01
8.707552e+01
8.707552e+01
8.707552e+01
8.707552e+01
8.707552e+01
8.707552e+01
8.707552e+01
8.707552e+01
8.707552e+01
8.707552e+01
8.707552e+01
8.707552e+01
8.707552e+01
8.707552e+01
8.707552e+01
8.707552e+01
8.707552e+01
8.707552e+01
8.707552e+01
8.707552e+01
8.707552e+01
8.707552e+01
8.707552e+01
8.707552e+01
8.707552e+01
8.707552e+01
8.707552e+01
8.707552e+01
8.707552e+01
8.707552e+01
8.707552e+01
8.707552e+01
8.707552e+01
8.707552e+01
8.707552e+01
8.707552e+01
8.707552e+01
8.707552e+01
8.707552e+01
8.707552e+01
8.707552e+01
8.707552e+01
8.707552e+01
8.707552e+01
8.707552e+01
8.707552e+01
8.707552e+01
8.707552e+01
8.707552e+01
8.707552e+01
8.707552e+01
8.707552e+01
8.707552e+01
8.707552e+01
8.707552e+01
8.707552e+01
8.707552e+01
8.707552e+01
8.707552e+01
8.707552e+01
8.707552e+01
8.707552e+01
8.707552e+01
8.707552e+01
8.707552e+01
8.707552e+01
8.707552e+01
8.707552e+01
8.707552e+01
8.707552e+01
8.707552e+01
8.707552e+01
8.707552e+01
8.707552e+01
8.707552e+01
8.707552e+01
8.707552e+01
8.707552e+01
8.707552e+01
8.707552e+01
8.707552e+01
8.707552e+01
8.707552e+01
8.707552e+01
8.707552e+01
8.707552e+01
8.707552e+01
8.707552e+01
8.707552e+01
8.707552e+01
8.707552e+01
8.707552e+01
8.707552e+01
8.707552e+01
8.707552e+01
8.707552e+01
8.707552e+01
8.707552e+01
8.707552e+01
8.707552e+01
8.707552e+01
8.707552e+01
8.707552e+01
8.707552e+01
8.707552e+01
8.707552e+01
8.707552e+01
8.707552e+01
8.707552e+01
8.707552e+01
8.707552e+01
8.707552e+01
8.707552e+01
8.707552e+01
8.707552e+01
8.707552e+01
8.707552e+01
8.707552e+01
8.707552e+01
8.707552e+01
8.707552e+01
8.707552e+01
8.707552e+01
8.707552e+01
8.707552e+01
8.707552e+01
8.707552e+01
8.707552e+01
8.707552e+01
8.707552e+01
8.707552e+01
8.707552e+01
8.707552e+01
8.707552e+01
8.707552e+01
8.707552e+01
8.707552e+01
8.707552e+01
8.707552e+01
8.707552e+01
8.707552e+01
8.707552e+01
8.707552e+01
8.707552e+01
8.707552e+01
8.707552e+01
8.707552e+01
8.707552e+01
8.707552e+01
8.707552e+01
8.707552e+01
8.707552e+01
8.707552e+01
8.707552e+01
8.707552e+01
8.707552e+01
8.707552e+01
8.707552e+01
8.707552e+01
8.707552e+01
8.707552e+01
8.707552e+01
8.707552e+01
8.707552e+01
8.707552e+01
8.707552e+01
8.707552e+01
8.707552e+01
8.707552e+01
8.707552e+01
8.707552e+01
8.707552e+01
8.707552e+01
8.707552e+01
8.707552e+01
8.707552e+01
8.707552e+01
8.707552e+01
8.707552e+01
8.707552e+01
8.707552e+01
8.707552e+01
8.707552e+01
8.707552e+01
8.707552e+01
8.707552e+01
8.707552e+01
8.707552e+01
8.707552e+01
8.707552e+01
8.707552e+01
8.707552e+01
8.707552e+01
8.707552e+01
8.707552e+01
8.707552e+01
8.707552e+01
8.707552e+01
8.707552e+01
8.707552e+01
8.707552e+01
8.707552e+01
8.707552e+01
8.707552e+01
8.707552e+01
8.707552e+01
8.707552e+01
8.707552e+01
8.707552e+01
8.707552e+01
8.707552e+01
8.707552e+01
8.707552e+01
8.707552e+01
8.707552e+01
8.707552e+01
8.707552e+01
8.707552e+01
8.707552e+01
8.707552e+01
8.707552e+01
8.707552e+01
8.707552e+01
8.707552e+01
8.707552e+01
8.707552e+01
8.707552e+01
8.707552e+01
8.707552e+01
8.707552e+01
8.707552e+01
8.707552e+01
8.707552e+01
8.707552e+01
8.707552e+01
8.707552e+01
8.707552e+01
8.707552e+01
8.707552e+01
8.707552e+01
8.707552e+01
8.707552e+01
8.707552e+01
8.707552e+01
8.707552e+01
8.707552e+01
8.707552e+01
8.707552e+01
8.707552e+01
8.707552e+01
8.707552e+01
8.707552e+01
8.707552e+01
8.707552e+01
8.707552e+01
8.707552e+01
8.707552e+01
8.707552e+01
8.707552e+01
8.707552e+01
8.707552e+01
8.707552e+01
8.707552e+01
8.707552e+01
8.707552e+01
8.707552e+01
8.707552e+01
8.707552e+01
8.707552e+01
8.707552e+01
8.707552e+01
8.707552e+01
8.707552e+01
8.707552e+01
8.707552e+01
8.707552e+01
8.707552e+01
8.707552e+01
8.707552e+01
8.707552e+01
8.707552e+01
8.707552e+01
8.707552e+01
8.707552e+01
8.707552e+01
8.707552e+01
8.707552e+01
8.707552e+01
8.707552e+01
8.707552e+01
8.707552e+01
8.707552e+01
8.707552e+01
8.707552e+01
8.707552e+01
8.707552e+01
8.707552e+01
8.707552e+01
8.707552e+01
8.707552e+01
8.707552e+01
8.707552e+01
8.707552e+01
8.707552e+01
8.707552e+01
8.707552e+01
8.707552e+01
8.707552e+01
8.707552e+01
8.707552e+01
8.707552e+01
8.707552e+01
8.707552e+01
8.707552e+01
8.707552e+01
8.707552e+01
8.707552e+01
8.707552e+01
8.707552e+01
8.707552e+01
8.707552e+01
8.707552e+01
8.707552e+01
8.707552e+01
8.707552e+01
8.707552e+01
8.707552e+01
8.707552e+01
8.707552e+01
8.707552e+01
8.707552e+01
8.707552e+01
8.707552e+01
8.707552e+01
8.707552e+01
8.707552e+01
8.707552e+01
8.707552e+01
8.707552e+01
8.707552e+01
8.707552e+01
8.707552e+01
8.707552e+01
8.707552e+01
8.707552e+01
8.707552e+01
8.707552e+01
8.707552e+01
8.707552e+01
8.707552e+01
8.707552e+01
8.707552e+01
8.707552e+01
8.707552e+01
8.707552e+01
8.707552e+01
8.707552e+01
8.707552e+01
8.707552e+01
8.707552e+01
8.707552e+01
8.707552e+01
8.707552e+01
8.707552e+01
8.707552e+01
8.707552e+01
8.707552e+01
8.707552e+01
8.707552e+01
8.707552e+01
8.707552e+01
8.707552e+01
8.707552e+01
8.707552e+01
8.707552e+01
8.707552e+01
8.707552e+01
8.707552e+01
8.707552e+01
8.707552e+01
8.707552e+01
8.707552e+01
8.707552e+01
8.707552e+01
8.707552e+01
8.707552e+01
8.707552e+01
8.707552e+01
8.707552e+01
8.707552e+01
8.707552e+01
8.707552e+01
8.707552e+01
8.707552e+01
8.707552e+01
8.707552e+01
8.707552e+01
8.707552e+01
8.707552e+01
8.707552e+01
8.707552e+01
8.707552e+01
8.707552e+01
8.707552e+01
8.707552e+01
8.707552e+01
8.707552e+01
8.707552e+01
8.707552e+01
8.707552e+01
8.707552e+01
8.707552e+01
8.707552e+01
8.707552e+01
8.707552e+01
8.707552e+01
8.707552e+01
8.707552e+01
8.707552e+01
8.707552e+01
8.707552e+01
8.707552e+01
8.707552e+01
8.707552e+01
8.707552e+01
8.707552e+01
8.707552e+01
8.707552e+01
8.707552e+01
8.707552e+01
8.707552e+01
8.707552e+01
8.707552e+01
8.707552e+01
8.707552e+01
8.707552e+01
8.707552e+01
8.707552e+01
8.707552e+01
8.707552e+01
8.707552e+01
8.707552e+01
8.707552e+01
8.707552e+01
8.707552e+01
8.707552e+01
8.707552e+01
8.707552e+01
8.707552e+01
8.707552e+01
8.707552e+01
8.707552e+01
8.707552e+01
8.707552e+01
8.707552e+01
8.707552e+01
8.707552e+01
8.707552e+01
8.707552e+01
8.707552e+01
8.707552e+01
8.707552e+01
8.707552e+01
8.707552e+01
8.707552e+01
8.707552e+01
8.707552e+01
8.707552e+01
8.707552e+01
8.707552e+01
8.707552e+01
8.707552e+01
8.707552e+01
8.707552e+01
8.707552e+01
8.707552e+01
8.707552e+01
8.707552e+01
8.707552e+01
8.707552e+01
8.707552e+01
8.707552e+01
8.707552e+01
8.707552e+01
8.707552e+01
8.707552e+01
8.707552e+01
8.707552e+01
8.707552e+01
8.707552e+01
8.707552e+01
8.707552e+01
8.707552e+01
8.707552e+01
8.707552e+01
8.707552e+01
8.707552e+01
8.707552e+01
8.707552e+01
8.707552e+01
8.707552e+01
8.707552e+01
8.707552e+01
8.707552e+01
8.707552e+01
8.707552e+01
8.707552e+01
8.707552e+01
8.707552e+01
8.707552e+01
8.707552e+01
8.707552e+01
8.707552e+01
8.707552e+01
8.707552e+01
8.707552e+01
8.707552e+01
8.707552e+01
8.707552e+01
8.707552e+01
8.707552e+01
8.707552e+01
8.707552e+01
8.707552e+01
8.707552e+01
8.707552e+01
8.707552e+01
8.707552e+01
8.707552e+01
8.707552e+01
8.707552e+01
8.707552e+01
8.707552e+01
8.707552e+01
8.707552e+01
8.707552e+01
8.707552e+01
8.707552e+01
8.707552e+01
8.707552e+01
8.707552e+01
8.707552e+01
8.707552e+01
8.707552e+01
8.707552e+01
8.707552e+01
8.707552e+01
8.707552e+01
8.707552e+01
8.707552e+01
8.707552e+01
8.707552e+01
8.707552e+01
8.707552e+01
8.707552e+01
8.707552e+01
8.707552e+01
8.707552e+01
8.707552e+01
8.707552e+01
8.707552e+01
8.707552e+01
8.707552e+01
8.707552e+01
8.707552e+01
8.707552e+01
8.707552e+01
8.707552e+01
8.707552e+01
8.707552e+01
8.707552e+01
8.707552e+01
8.707552e+01
8.707552e+01
8.707552e+01
8.707552e+01
8.707552e+01
8.707552e+01
8.707552e+01
8.707552e+01
8.707552e+01
8.707552e+01
8.707552e+01
8.707552e+01
8.707552e+01
8.707552e+01
8.707552e+01
8.707552e+01
8.707552e+01
8.707552e+01
8.707552e+01
8.707552e+01
8.707552e+01
8.707552e+01
8.707552e+01
8.707552e+01
8.707552e+01
8.707552e+01
8.707552e+01
8.707552e+01
8.707552e+01
8.707552e+01
8.707552e+01
8.707552e+01
8.707552e+01
8.707552e+01
8.707552e+01
8.707552e+01
8.707552e+01
8.707552e+01
8.707552e+01
8.707552e+01
8.707552e+01
8.707552e+01
8.707552e+01
8.707552e+01
8.707552e+01
8.707552e+01
8.707552e+01
8.707552e+01
8.707552e+01
8.707552e+01
8.707552e+01
8.707552e+01
8.707552e+01
8.707552e+01
8.707552e+01
8.707552e+01
8.707552e+01
8.707552e+01
8.707552e+01
8.707552e+01
8.707552e+01
8.707552e+01
8.707552e+01
8.707552e+01
8.707552e+01
8.707552e+01
8.707552e+01
8.707552e+01
8.707552e+01
8.707552e+01
8.707552e+01
8.707552e+01
8.707552e+01
8.707552e+01
8.707552e+01
8.707552e+01
8.707552e+01
8.707552e+01
8.707552e+01
8.707552e+01
8.707552e+01
8.707552e+01
8.707552e+01
8.707552e+01
8.707552e+01
8.707552e+01
8.707552e+01
8.707552e+01
8.707552e+01
8.707552e+01
8.707552e+01
8.707552e+01
8.707552e+01
8.707552e+01
8.707552e+01
8.707552e+01
8.707552e+01
8.707552e+01
8.707552e+01
8.707552e+01
8.707552e+01
8.707552e+01
8.707552e+01
8.707552e+01
8.707552e+01
8.707552e+01
8.707552e+01
8.707552e+01
8.707552e+01
8.707552e+01
8.707552e+01
8.707552e+01
8.700440e+01
8.700440e+01
8.700440e+01
8.700440e+01
8.700440e+01
8.700440e+01
8.700440e+01
8.700440e+01
8.700440e+01
8.700440e+01
8.700440e+01
8.700440e+01
8.700440e+01
8.700440e+01
8.700440e+01
8.700440e+01
8.700440e+01
8.700440e+01
8.700440e+01
8.700440e+01
8.700440e+01
8.700440e+01
8.700440e+01
8.700440e+01
8.700440e+01
8.700440e+01
8.700440e+01
8.700440e+01
8.700440e+01
8.700440e+01
8.700440e+01
8.700440e+01
8.700440e+01
8.700440e+01
8.700440e+01
8.700440e+01
8.700440e+01
8.700440e+01
8.700440e+01
8.700440e+01
8.700440e+01
8.700440e+01
8.700440e+01
8.700440e+01
8.700440e+01
8.700440e+01
8.700440e+01
8.700440e+01
8.700440e+01
8.700440e+01
8.700440e+01
8.700440e+01
8.700440e+01
8.700440e+01
8.700440e+01
8.700440e+01
8.700440e+01
8.700440e+01
8.700440e+01
8.700440e+01
8.700440e+01
8.700440e+01
8.700440e+01
8.700440e+01
8.700440e+01
8.700440e+01
8.700440e+01
8.700440e+01
8.700440e+01
8.700440e+01
8.700440e+01
8.700440e+01
8.700440e+01
8.700440e+01
8.700440e+01
8.700440e+01
8.700440e+01
8.700440e+01
8.700440e+01
8.700440e+01
8.700440e+01
8.700440e+01
8.700440e+01
8.700440e+01
8.700440e+01
8.700440e+01
8.700440e+01
8.700440e+01
8.700440e+01
8.700440e+01
8.700440e+01
8.700440e+01
8.700440e+01
8.700440e+01
8.700440e+01
8.700440e+01
8.700440e+01
8.700440e+01
8.700440e+01
8.700440e+01
8.700440e+01
8.700440e+01
8.700440e+01
8.700440e+01
8.700440e+01
8.700440e+01
8.700440e+01
8.700440e+01
8.700440e+01
8.700440e+01
8.700440e+01
8.700440e+01
8.700440e+01
8.700440e+01
8.700440e+01
8.700440e+01
8.700440e+01
8.700440e+01
8.700440e+01
8.700440e+01
8.700440e+01
8.700440e+01
8.700440e+01
8.700440e+01
8.700440e+01
8.700440e+01
8.700440e+01
8.700440e+01
8.700440e+01
8.700440e+01
8.700440e+01
8.700440e+01
8.700440e+01
8.700440e+01
8.700440e+01
8.700440e+01
8.700440e+01
8.700440e+01
8.700440e+01
8.700440e+01
8.700440e+01
8.700440e+01
8.700440e+01
8.700440e+01
8.700440e+01
8.700440e+01
8.700440e+01
8.700440e+01
8.700440e+01
8.700440e+01
8.700440e+01
8.700440e+01
8.700440e+01
8.700440e+01
8.700440e+01
8.700440e+01
8.700440e+01
8.700440e+01
8.700440e+01
8.700440e+01
8.700440e+01
8.700440e+01
8.700440e+01
8.700440e+01
8.700440e+01
8.700440e+01
8.700440e+01
8.700440e+01
8.700440e+01
8.700440e+01
8.700440e+01
8.700440e+01
8.700440e+01
8.700440e+01
8.700440e+01
8.700440e+01
8.700440e+01
8.700440e+01
8.700440e+01
8.700440e+01
8.700440e+01
8.700440e+01
8.700440e+01
8.700440e+01
8.700440e+01
8.700440e+01
8.700440e+01
8.700440e+01
8.700440e+01
8.700440e+01
8.700440e+01
8.700440e+01
8.700440e+01
8.700440e+01
8.700440e+01
8.700440e+01
8.700440e+01
8.700440e+01
8.700440e+01
8.700440e+01
8.700440e+01
8.700440e+01
8.700440e+01
8.700440e+01
8.700440e+01
8.700440e+01
8.700440e+01
8.700440e+01
8.700440e+01
8.700440e+01
8.700440e+01
8.700440e+01
8.700440e+01
8.700440e+01
8.700440e+01
8.700440e+01
8.700440e+01
8.700440e+01
8.700440e+01
8.700440e+01
8.700440e+01
8.700440e+01
8.700440e+01
8.700440e+01
8.700440e+01
8.700440e+01
8.700440e+01
8.700440e+01
8.700440e+01
8.700440e+01
8.700440e+01
8.700440e+01
8.700440e+01
8.700440e+01
8.700440e+01
8.700440e+01
8.700440e+01
8.700440e+01
8.700440e+01
8.700440e+01
8.700440e+01
8.700440e+01
8.700440e+01
8.700440e+01
8.700440e+01
8.700440e+01
8.700440e+01
8.700440e+01
8.700440e+01
8.700440e+01
8.700440e+01
8.700440e+01
8.700440e+01
8.700440e+01
8.700440e+01
8.700440e+01
8.700440e+01
8.700440e+01
8.700440e+01
8.700440e+01
8.700440e+01
8.700440e+01
8.700440e+01
8.700440e+01
8.700440e+01
8.700440e+01
8.700440e+01
8.700440e+01
8.700440e+01
8.700440e+01
8.700440e+01
8.700440e+01
8.700440e+01
8.700440e+01
8.700440e+01
8.700440e+01
8.700440e+01
8.700440e+01
8.700440e+01
8.700440e+01
8.700440e+01
8.700440e+01
8.700440e+01
8.700440e+01
8.700440e+01
8.700440e+01
8.700440e+01
8.700440e+01
8.700440e+01
8.700440e+01
8.700440e+01
8.700440e+01
8.700440e+01
8.700440e+01
8.700440e+01
8.700440e+01
8.700440e+01
8.700440e+01
8.700440e+01
8.700440e+01
8.700440e+01
8.700440e+01
8.700440e+01
8.700440e+01
8.700440e+01
8.700440e+01
8.700440e+01
8.700440e+01
8.700440e+01
8.700440e+01
8.700440e+01
8.700440e+01
8.700440e+01
8.700440e+01
8.700440e+01
8.700440e+01
8.700440e+01
8.700440e+01
8.700440e+01
8.700440e+01
8.700440e+01
8.700440e+01
8.700440e+01
8.700440e+01
8.700440e+01
8.700440e+01
8.700440e+01
8.700440e+01
8.700440e+01
8.700440e+01
8.700440e+01
8.700440e+01
8.700440e+01
8.700440e+01
8.700440e+01
8.700440e+01
8.700440e+01
8.700440e+01
8.700440e+01
8.700440e+01
8.700440e+01
8.700440e+01
8.700440e+01
8.700440e+01
8.700440e+01
8.700440e+01
8.700440e+01
8.700440e+01
8.700440e+01
8.700440e+01
8.700440e+01
8.700440e+01
8.700440e+01
8.700440e+01
8.700440e+01
8.700440e+01
8.700440e+01
8.700440e+01
8.700440e+01
8.700440e+01
8.700440e+01
8.700440e+01
8.700440e+01
8.700440e+01
8.700440e+01
8.700440e+01
8.700440e+01
8.700440e+01
8.700440e+01
8.700440e+01
8.700440e+01
8.700440e+01
8.700440e+01
8.700440e+01
8.700440e+01
8.700440e+01
8.700440e+01
8.700440e+01
8.700440e+01
8.700440e+01
8.700440e+01
8.700440e+01
8.700440e+01
8.700440e+01
8.700440e+01
8.700440e+01
8.700440e+01
8.700440e+01
8.700440e+01
8.700440e+01
8.700440e+01
8.700440e+01
8.700440e+01
8.700440e+01
8.700440e+01
8.700440e+01
8.700440e+01
8.700440e+01
8.700440e+01
8.700440e+01
8.700440e+01
8.700440e+01
8.700440e+01
8.700440e+01
8.700440e+01
8.700440e+01
8.700440e+01
8.700440e+01
8.700440e+01
8.700440e+01
8.700440e+01
8.700440e+01
8.700440e+01
8.700440e+01
8.700440e+01
8.700440e+01
8.700440e+01
8.700440e+01
8.700440e+01
8.700440e+01
8.700440e+01
8.700440e+01
8.700440e+01
8.700440e+01
8.700440e+01
8.700440e+01
8.700440e+01
8.700440e+01
8.700440e+01
8.700440e+01
8.700440e+01
8.700440e+01
8.700440e+01
8.700440e+01
8.700440e+01
8.700440e+01
8.700440e+01
8.700440e+01
8.700440e+01
8.700440e+01
8.700440e+01
8.700440e+01
8.700440e+01
8.700440e+01
8.700440e+01
8.700440e+01
8.700440e+01
8.700440e+01
8.700440e+01
8.700440e+01
8.625791e+01
8.625791e+01
8.625791e+01
8.625791e+01
8.625791e+01
8.625791e+01
8.625791e+01
8.625791e+01
8.625791e+01
8.625791e+01
8.625791e+01
8.625791e+01
8.625791e+01
8.625791e+01
8.625791e+01
8.625791e+01
8.625791e+01
8.625791e+01
8.625791e+01
8.625791e+01
8.625791e+01
8.625791e+01
8.625791e+01
8.625791e+01
8.625791e+01
8.625791e+01
8.625791e+01
8.625791e+01
8.625791e+01
8.625791e+01
8.625791e+01
8.625791e+01
8.625791e+01
8.625791e+01
8.625791e+01
8.625791e+01
8.625791e+01
8.625791e+01
8.625791e+01
8.625791e+01
8.625791e+01
8.625791e+01
8.625791e+01
8.625791e+01
8.625791e+01
8.625791e+01
8.625791e+01
8.625791e+01
8.625791e+01
8.625791e+01
8.625791e+01
8.625791e+01
8.625791e+01
8.625791e+01
8.625791e+01
8.625791e+01
8.625791e+01
8.625791e+01
8.625791e+01
8.625791e+01
8.625791e+01
8.625791e+01
8.625791e+01
8.625791e+01
8.625791e+01
8.625791e+01
8.625791e+01
8.625791e+01
8.625791e+01
8.625791e+01
8.625791e+01
8.625791e+01
8.625791e+01
8.625791e+01
8.625791e+01
8.625791e+01
8.625791e+01
8.625791e+01
8.625791e+01
8.625791e+01
8.625791e+01
8.625791e+01
8.625791e+01
8.625791e+01
8.625791e+01
8.625791e+01
8.625791e+01
8.625791e+01
8.625791e+01
8.625791e+01
8.625791e+01
8.625791e+01
8.625791e+01
8.625791e+01
8.625791e+01
8.625791e+01
8.625791e+01
8.625791e+01
8.625791e+01
8.625791e+01
8.625791e+01
8.625791e+01
8.625791e+01
8.625791e+01
8.625791e+01
8.625791e+01
8.625791e+01
8.625791e+01
8.625791e+01
8.625791e+01
8.625791e+01
8.625791e+01
8.625791e+01
8.625791e+01
8.625791e+01
8.625791e+01
8.625791e+01
8.625791e+01
8.625791e+01
8.625791e+01
8.625791e+01
8.625791e+01
8.625791e+01
8.625791e+01
8.625791e+01
8.625791e+01
8.625791e+01
8.625791e+01
8.625791e+01
8.625791e+01
8.625791e+01
8.625791e+01
8.625791e+01
8.625791e+01
8.625791e+01
8.625791e+01
8.625791e+01
8.625791e+01
8.625791e+01
8.625791e+01
8.625791e+01
8.625791e+01
8.625791e+01
8.625791e+01
8.625791e+01
8.625791e+01
8.625791e+01
8.625791e+01
8.625791e+01
8.625791e+01
8.625791e+01
8.625791e+01
8.625791e+01
8.625791e+01
8.625791e+01
8.625791e+01
8.625791e+01
8.625791e+01
8.625791e+01
8.625791e+01
8.625791e+01
8.625791e+01
8.625791e+01
8.625791e+01
8.625791e+01
8.625791e+01
8.625791e+01
8.625791e+01
8.625791e+01
8.625791e+01
8.625791e+01
8.625791e+01
8.625791e+01
8.625791e+01
8.625791e+01
8.625791e+01
8.625791e+01
8.625791e+01
8.625791e+01
8.625791e+01
8.625791e+01
8.625791e+01
8.625791e+01
8.625791e+01
8.625791e+01
8.625791e+01
8.625791e+01
8.625791e+01
8.625791e+01
8.625791e+01
8.625791e+01
8.625791e+01
8.625791e+01
8.625791e+01
8.625791e+01
8.625791e+01
8.625791e+01
8.625791e+01
8.625791e+01
8.625791e+01
8.625791e+01
8.625791e+01
8.625791e+01
8.625791e+01
8.625791e+01
8.625791e+01
8.625791e+01
8.625791e+01
8.625791e+01
8.625791e+01
8.625791e+01
8.625791e+01
8.625791e+01
8.625791e+01
8.625791e+01
8.625791e+01
8.625791e+01
8.625791e+01
8.625791e+01
8.625791e+01
8.625791e+01
8.625791e+01
8.625791e+01
8.625791e+01
8.625791e+01
8.625791e+01
8.625791e+01
8.625791e+01
8.625791e+01
8.625791e+01
8.625791e+01
8.625791e+01
8.625791e+01
8.625791e+01
8.625791e+01
8.625791e+01
8.625791e+01
8.625791e+01
8.625791e+01
8.625791e+01
8.625791e+01
8.625791e+01
8.625791e+01
8.625791e+01
8.625791e+01
8.625791e+01
8.625791e+01
8.625791e+01
8.625791e+01
8.625791e+01
8.625791e+01
8.625791e+01
8.625791e+01
8.625791e+01
8.625791e+01
8.625791e+01
8.625791e+01
8.625791e+01
8.625791e+01
8.625791e+01
8.625791e+01
8.625791e+01
8.625791e+01
8.625791e+01
8.625791e+01
8.625791e+01
8.625791e+01
8.625791e+01
8.625791e+01
8.625791e+01
8.625791e+01
8.625791e+01
8.625791e+01
8.625791e+01
8.625791e+01
8.625791e+01
8.625791e+01
8.625791e+01
8.625791e+01
8.625791e+01
8.625791e+01
8.625791e+01
8.625791e+01
8.625791e+01
8.625791e+01
8.625791e+01
8.625791e+01
8.625791e+01
8.625791e+01
8.625791e+01
8.625791e+01
8.625791e+01
8.625791e+01
8.625791e+01
8.625791e+01
8.625791e+01
8.625791e+01
8.625791e+01
8.625791e+01
8.625791e+01
8.625791e+01
8.625791e+01
8.625791e+01
8.625791e+01
8.625791e+01
8.625791e+01
8.625791e+01
8.625791e+01
8.625791e+01
8.625791e+01
8.625791e+01
8.625791e+01
8.625791e+01
8.625791e+01
8.625791e+01
8.625791e+01
8.625791e+01
8.625791e+01
8.625791e+01
8.625791e+01
8.625791e+01
8.625791e+01
8.625791e+01
8.625791e+01
8.625791e+01
8.625791e+01
8.625791e+01
8.625791e+01
8.625791e+01
8.625791e+01
8.625791e+01
8.625791e+01
8.625791e+01
8.625791e+01
8.625791e+01
8.625791e+01
8.625791e+01
8.625791e+01
8.625791e+01
8.625791e+01
8.625791e+01
8.625791e+01
8.625791e+01
8.625791e+01
8.625791e+01
8.625791e+01
8.625791e+01
8.625791e+01
8.625791e+01
8.625791e+01
8.625791e+01
8.625791e+01
8.625791e+01
8.625791e+01
8.625791e+01
8.625791e+01
8.625791e+01
8.625791e+01
8.625791e+01
8.625791e+01
8.625791e+01
8.625791e+01
8.625791e+01
8.625791e+01
8.625791e+01
8.625791e+01
8.625791e+01
8.625791e+01
8.625791e+01
8.625791e+01
8.625791e+01
8.625791e+01
8.625791e+01
8.625791e+01
8.625791e+01
8.625791e+01
8.625791e+01
8.625791e+01
8.625791e+01
8.625791e+01
8.625791e+01
8.625791e+01
8.625791e+01
8.625791e+01
8.625791e+01
8.625791e+01
8.625791e+01
8.625791e+01
8.625791e+01
8.625791e+01
8.625791e+01
8.625791e+01
8.625791e+01
8.625791e+01
8.625791e+01
8.625791e+01
8.625791e+01
8.625791e+01
8.625791e+01
8.625791e+01
8.625791e+01
8.625791e+01
8.625791e+01
8.625791e+01
8.625791e+01
8.625791e+01
8.625791e+01
8.625791e+01
8.625791e+01
8.625791e+01
8.625791e+01
8.625791e+01
8.625791e+01
8.625791e+01
8.625791e+01
8.625791e+01
8.625791e+01
8.625791e+01
8.625791e+01
8.625791e+01
8.625791e+01
8.625791e+01
8.625791e+01
8.625791e+01
8.625791e+01
8.625791e+01
8.625791e+01
8.625791e+01
8.625791e+01
8.625791e+01
8.625791e+01
8.625791e+01
8.625791e+01
8.625791e+01
8.625791e+01
8.625791e+01
8.625791e+01
8.625791e+01
8.625791e+01
8.625791e+01
8.625791e+01
8.625791e+01
8.625791e+01
8.625791e+01
8.625791e+01
8.625791e+01
8.625791e+01
8.625791e+01
8.625791e+01
8.625791e+01
8.625791e+01
8.625791e+01
8.625791e+01
8.625791e+01
8.625791e+01
8.625791e+01
8.625791e+01
8.625791e+01
8.625791e+01
8.625791e+01
8.625791e+01
8.625791e+01
8.625791e+01
8.625791e+01
8.625791e+01
8.625791e+01
8.625791e+01
8.625791e+01
8.625791e+01
8.625791e+01
8.625791e+01
8.625791e+01
8.625791e+01
8.625791e+01
8.625791e+01
8.625791e+01
8.625791e+01
8.625791e+01
8.625791e+01
8.625791e+01
8.625791e+01
8.625791e+01
8.625791e+01
8.625791e+01
8.625791e+01
8.625791e+01
8.625791e+01
8.625791e+01
8.625791e+01
8.625791e+01
8.625791e+01
8.625791e+01
8.625791e+01
8.625791e+01
8.625791e+01
8.625791e+01
8.625791e+01
8.625791e+01
8.625791e+01
8.625791e+01
8.625791e+01
8.625791e+01
8.625791e+01
8.625791e+01
8.625791e+01
8.625791e+01
8.625791e+01
8.625791e+01
8.625791e+01
8.625791e+01
8.625791e+01
8.625791e+01
8.625791e+01
8.625791e+01
8.625791e+01
8.625791e+01
8.625791e+01
8.625791e+01
8.625791e+01
8.625791e+01
8.625791e+01
8.625791e+01
8.625791e+01
8.625791e+01
8.625791e+01
8.625791e+01
8.625791e+01
8.625791e+01
8.625791e+01
8.625791e+01
8.625791e+01
8.625791e+01
8.625791e+01
8.625791e+01
8.625791e+01
8.625791e+01
8.625791e+01
8.625791e+01
8.625791e+01
8.625791e+01
8.625791e+01
8.625791e+01
8.625791e+01
8.625791e+01
8.625791e+01
8.625791e+01
8.625791e+01
8.625791e+01
8.625791e+01
8.625791e+01
8.625791e+01
8.625791e+01
8.625791e+01
8.625791e+01
8.625791e+01
8.625791e+01
8.625791e+01
8.625791e+01
8.625791e+01
8.625791e+01
8.625791e+01
8.625791e+01
8.625791e+01
8.625791e+01
8.625791e+01
8.625791e+01
8.625791e+01
8.625791e+01
8.625791e+01
8.625791e+01
8.625791e+01
8.625791e+01
8.625791e+01
8.625791e+01
8.625791e+01
8.625791e+01
8.625791e+01
8.625791e+01
8.625791e+01
8.625791e+01
8.625791e+01
8.625791e+01
8.625791e+01
8.625791e+01
8.625791e+01
8.625791e+01
8.625791e+01
8.625791e+01
8.625791e+01
8.625791e+01
8.625791e+01
8.625791e+01
8.625791e+01
8.625791e+01
8.625791e+01
8.625791e+01
8.625791e+01
8.625791e+01
8.625791e+01
8.625791e+01
8.625791e+01
8.625791e+01
8.625791e+01
8.625791e+01
8.625791e+01
8.625791e+01
8.625791e+01
8.625791e+01
8.625791e+01
8.625791e+01
8.625791e+01
8.625791e+01
8.625791e+01
8.625791e+01
8.625791e+01
8.625791e+01
8.625791e+01
8.625791e+01
8.625791e+01
8.625791e+01
8.625791e+01
8.625791e+01
8.625791e+01
8.625791e+01
8.625791e+01
8.625791e+01
8.625791e+01
8.625791e+01
8.625791e+01
8.625791e+01
8.625791e+01
8.625791e+01
8.625791e+01
8.625791e+01
8.625791e+01
8.625791e+01
8.625791e+01
8.625791e+01
8.625791e+01
8.625791e+01
8.625791e+01
8.625791e+01
8.625791e+01
8.625791e+01
8.625791e+01
8.625791e+01
8.625791e+01
8.625791e+01
8.625791e+01
8.625791e+01
8.625791e+01
8.625791e+01
8.625791e+01
8.625791e+01
8.625791e+01
8.625791e+01
8.625791e+01
8.625791e+01
8.625791e+01
8.625791e+01
8.625791e+01
8.625791e+01
8.625791e+01
8.625791e+01
8.625791e+01
8.625791e+01
8.625791e+01
8.625791e+01
8.625791e+01
8.625791e+01
8.625791e+01
8.625791e+01
8.625791e+01
8.625791e+01
8.625791e+01
8.625791e+01
8.625791e+01
8.625791e+01
8.625791e+01
8.625791e+01
8.625791e+01
8.625791e+01
8.625791e+01
8.625791e+01
8.625791e+01
8.625791e+01
8.625791e+01
8.625791e+01
8.625791e+01
8.625791e+01
8.625791e+01
8.625791e+01
8.625791e+01
8.625791e+01
8.625791e+01
8.625791e+01
8.625791e+01
8.625791e+01
8.625791e+01
8.625791e+01
8.625791e+01
8.625791e+01
8.625791e+01
8.625791e+01
8.625791e+01
8.625791e+01
8.625791e+01
8.625791e+01
8.625791e+01
8.625791e+01
8.625791e+01
8.625791e+01
8.625791e+01
8.625791e+01
8.625791e+01
8.625791e+01
8.625791e+01
8.625791e+01
8.625791e+01
8.625791e+01
8.625791e+01
8.625791e+01
8.625791e+01
8.625791e+01
8.625791e+01
8.625791e+01
8.625791e+01
8.625791e+01
8.625791e+01
8.625791e+01
8.625791e+01
8.625791e+01
8.625791e+01
8.625791e+01
8.625791e+01
8.625791e+01
8.625791e+01
8.625791e+01
8.625791e+01
8.625791e+01
8.625791e+01
8.625791e+01
8.625791e+01
8.625791e+01
8.625791e+01
8.625791e+01
8.625791e+01
8.625791e+01
8.625791e+01
8.625791e+01
8.625791e+01
8.625791e+01
8.625791e+01
8.625791e+01
8.625791e+01
8.625791e+01
8.625791e+01
8.625791e+01
8.625791e+01
8.625791e+01
8.625791e+01
8.625791e+01
8.625791e+01
8.625791e+01
8.625791e+01
8.625791e+01
8.625791e+01
8.625791e+01
8.625791e+01
8.625791e+01
8.625791e+01
8.625791e+01
8.625791e+01
8.625791e+01
8.625791e+01
8.625791e+01
8.625791e+01
8.625791e+01
8.625791e+01
8.625791e+01
8.625791e+01
8.625791e+01
8.625791e+01
8.625791e+01
8.625791e+01
8.625791e+01
8.625791e+01
8.625791e+01
8.625791e+01
8.625791e+01
8.625791e+01
8.625791e+01
8.625791e+01
8.625791e+01
8.625791e+01
8.625791e+01
8.625791e+01
8.625791e+01
8.625791e+01
8.625791e+01
8.625791e+01
8.625791e+01
8.625791e+01
8.625791e+01
8.625791e+01
8.625791e+01
8.625791e+01
8.625791e+01
8.625791e+01
8.625791e+01
8.625791e+01
8.625791e+01
8.625791e+01
8.625791e+01
8.625791e+01
8.625791e+01
8.625791e+01
8.625791e+01
8.625791e+01
8.625791e+01
8.625791e+01
8.625791e+01
8.625791e+01
8.625791e+01
8.625791e+01
8.625791e+01
8.625791e+01
8.625791e+01
8.625791e+01
8.625791e+01
8.625791e+01
8.625791e+01
8.625791e+01
8.625791e+01
8.625791e+01
8.625791e+01
8.625791e+01
8.625791e+01
8.625791e+01
8.625791e+01
8.625791e+01
8.625791e+01
8.625791e+01
8.625791e+01
8.625791e+01
8.625791e+01
8.625791e+01
8.625791e+01
8.625791e+01
8.625791e+01
8.625791e+01
8.625791e+01
8.625791e+01
8.625791e+01
8.625791e+01
8.625791e+01
8.625791e+01
8.625791e+01
8.625791e+01
8.625791e+01
8.625791e+01
8.625791e+01
8.625791e+01
8.625791e+01
8.625791e+01
8.625791e+01
8.625791e+01
8.625791e+01
8.625791e+01
8.625791e+01
8.625791e+01
8.625791e+01
8.625791e+01
8.625791e+01
8.625791e+01
8.625791e+01
8.625791e+01
8.625791e+01
8.625791e+01
8.625791e+01
8.625791e+01
8.625791e+01
8.625791e+01
8.625791e+01
8.625791e+01
8.625791e+01
8.625791e+01
8.625791e+01
8.625791e+01
8.625791e+01
8.625791e+01
8.625791e+01
8.625791e+01
8.625791e+01
8.625791e+01
8.625791e+01
8.625791e+01
8.625791e+01
8.625791e+01
8.625791e+01
8.625791e+01
8.625791e+01
8.625791e+01
8.625791e+01
8.625791e+01
8.625791e+01
8.625791e+01
8.625791e+01
8.625791e+01
8.625791e+01
8.625791e+01
8.625791e+01
8.625791e+01
8.625791e+01
8.625791e+01
8.625791e+01
8.625791e+01
8.625791e+01
8.625791e+01
8.625791e+01
8.625791e+01
8.625791e+01
8.625791e+01
8.625791e+01
8.625791e+01
8.625791e+01
8.625791e+01
8.625791e+01
8.625791e+01
8.625791e+01
8.625791e+01
8.625791e+01
8.625791e+01
8.625791e+01
8.625791e+01
8.625791e+01
8.625791e+01
8.625791e+01
8.625791e+01
8.625791e+01
8.625791e+01
8.625791e+01
8.625791e+01
8.625791e+01
8.625791e+01
8.625791e+01
8.625791e+01
8.625791e+01
8.625791e+01
8.625791e+01
8.625791e+01
8.625791e+01
8.625791e+01
8.625791e+01
8.625791e+01
8.625791e+01
8.625791e+01
8.625791e+01
8.625791e+01
8.625791e+01
8.625791e+01
8.625791e+01
8.625791e+01
8.625791e+01
8.625791e+01
8.625791e+01
8.625791e+01
8.625791e+01
8.625791e+01
8.625791e+01
8.625791e+01
8.625791e+01
8.625791e+01
8.625791e+01
8.625791e+01
8.625791e+01
8.625791e+01
8.625791e+01
8.625791e+01
8.625791e+01
8.625791e+01
8.625791e+01
8.625791e+01
8.625791e+01
8.625791e+01
8.625791e+01
8.625791e+01
8.625791e+01
8.625791e+01
8.625791e+01
8.625791e+01
8.625791e+01
8.625791e+01
8.625791e+01
8.625791e+01
8.625791e+01
8.625791e+01
8.625791e+01
8.625791e+01
8.625791e+01
8.625791e+01
8.625791e+01
8.625791e+01
8.625791e+01
8.625791e+01
8.625791e+01
8.625791e+01
8.625791e+01
8.625791e+01
8.625791e+01
8.625791e+01
8.625791e+01
8.625791e+01
8.625791e+01
8.625791e+01
8.625791e+01
8.625791e+01
8.625791e+01
8.625791e+01
8.625791e+01
8.625791e+01
8.625791e+01
8.625791e+01
8.625791e+01
8.625791e+01
8.625791e+01
8.625791e+01
8.625791e+01
8.625791e+01
8.625791e+01
8.625791e+01
8.625791e+01
8.625791e+01
8.625791e+01
8.625791e+01
8.625791e+01
8.625791e+01
8.625791e+01
8.625791e+01
8.625791e+01
8.625791e+01
8.625791e+01
8.625791e+01
8.625791e+01
8.625791e+01
8.625791e+01
8.625791e+01
8.625791e+01
8.625791e+01
8.625791e+01
8.625791e+01
8.625791e+01
8.625791e+01
8.625791e+01
8.625791e+01
8.625791e+01
8.625791e+01
8.625791e+01
8.625791e+01
8.625791e+01
8.625791e+01
8.625791e+01
8.625791e+01
8.625791e+01
8.625791e+01
8.625791e+01
8.625791e+01
8.625791e+01
8.625791e+01
8.625791e+01
8.625791e+01
8.625791e+01
8.625791e+01
8.625791e+01
8.625791e+01
8.625791e+01
8.625791e+01
8.625791e+01
8.625791e+01
8.625791e+01
8.625791e+01
8.625791e+01
8.625791e+01
8.625791e+01
8.625791e+01
8.625791e+01
8.625791e+01
8.625791e+01
8.625791e+01
8.625791e+01
8.625791e+01
8.625791e+01
8.625791e+01
8.625791e+01
8.625791e+01
8.625791e+01
8.625791e+01
8.625791e+01
8.625791e+01
8.625791e+01
8.625791e+01
8.625791e+01
8.625791e+01
8.625791e+01
8.625791e+01
8.625791e+01
8.625791e+01
8.625791e+01
8.625791e+01
8.625791e+01
8.625791e+01
8.625791e+01
8.625791e+01
8.625791e+01
8.625791e+01
8.625791e+01
8.625791e+01
8.625791e+01
8.625791e+01
8.625791e+01
8.625791e+01
8.625791e+01
8.625791e+01
8.625791e+01
8.625791e+01
8.625791e+01
8.625791e+01
8.625791e+01
8.625791e+01
8.625791e+01
8.625791e+01
8.625791e+01
8.625791e+01
8.625791e+01
8.625791e+01
8.625791e+01
8.625791e+01
8.625791e+01
8.625791e+01
8.625791e+01
8.625791e+01
8.625791e+01
8.625791e+01
8.625791e+01
8.625791e+01
8.625791e+01
8.625791e+01
8.625791e+01
8.625791e+01
8.625791e+01
8.625791e+01
8.625791e+01
8.625791e+01
8.625791e+01
8.625791e+01
8.625791e+01
8.625791e+01
8.625791e+01
8.625791e+01
8.625791e+01
8.625791e+01
8.625791e+01
8.625791e+01
8.625791e+01
8.625791e+01
8.625791e+01
8.625791e+01
8.625791e+01
8.625791e+01
8.625791e+01
8.625791e+01
8.625791e+01
8.625791e+01
8.625791e+01
8.625791e+01
8.625791e+01
8.625791e+01
8.625791e+01
8.625791e+01
8.625791e+01
8.625791e+01
8.625791e+01
8.625791e+01
8.625791e+01
8.625791e+01
8.625791e+01
8.625791e+01
8.625791e+01
8.625791e+01
8.625791e+01
8.625791e+01
8.625791e+01
8.625791e+01
8.625791e+01
8.625791e+01
8.625791e+01
8.625791e+01
8.625791e+01
8.625791e+01
8.625791e+01
8.625791e+01
8.625791e+01
8.625791e+01
8.625791e+01
8.625791e+01
8.625791e+01
8.625791e+01
8.625791e+01
8.625791e+01
8.625791e+01
8.625791e+01
8.625791e+01
8.625791e+01
8.625791e+01
8.625791e+01
8.625791e+01
8.625791e+01
8.625791e+01
8.625791e+01
8.625791e+01
8.625791e+01
8.625791e+01
8.625791e+01
8.625791e+01
8.625791e+01
8.625791e+01
8.625791e+01
8.625791e+01
8.625791e+01
8.625791e+01
8.625791e+01
8.625791e+01
8.625791e+01
8.625791e+01
8.625791e+01
8.625791e+01
8.625791e+01
8.625791e+01
8.625791e+01
8.625791e+01
8.625791e+01
8.625791e+01
8.625791e+01
8.625791e+01
8.625791e+01
8.625791e+01
8.625791e+01
8.625791e+01
8.625791e+01
8.625791e+01
8.625791e+01
8.625791e+01
8.625791e+01
8.625791e+01
8.625791e+01
8.625791e+01
8.625791e+01
8.625791e+01
8.625791e+01
8.625791e+01
8.625791e+01
8.625791e+01
8.625791e+01
8.625791e+01
8.625791e+01
8.625791e+01
8.625791e+01
8.625791e+01
8.625791e+01
8.625791e+01
8.625791e+01
8.625791e+01
8.625791e+01
8.625791e+01
8.625791e+01
8.625791e+01
8.625791e+01
8.625791e+01
8.625791e+01
8.625791e+01
8.625791e+01
8.625791e+01
8.625791e+01
8.625791e+01
8.625791e+01
8.625791e+01
8.625791e+01
8.625791e+01
8.625791e+01
8.625791e+01
8.625791e+01
8.625791e+01
8.625791e+01
8.625791e+01
8.625791e+01
8.625791e+01
8.625791e+01
8.625791e+01
8.625791e+01
8.625791e+01
8.625791e+01
8.625791e+01
8.625791e+01
8.625791e+01
8.625791e+01
8.625791e+01
8.625791e+01
8.625791e+01
8.625791e+01
8.625791e+01
8.625791e+01
8.625791e+01
8.625791e+01
8.625791e+01
8.625791e+01
8.625791e+01
8.625791e+01
8.625791e+01
8.625791e+01
8.625791e+01
8.625791e+01
8.625791e+01
8.625791e+01
8.625791e+01
8.625791e+01
8.625791e+01
8.625791e+01
8.625791e+01
8.625791e+01
8.625791e+01
8.625791e+01
8.625791e+01
8.625791e+01
8.625791e+01
8.625791e+01
8.625791e+01
8.625791e+01
8.625791e+01
8.625791e+01
8.625791e+01
8.625791e+01
8.625791e+01
8.625791e+01
8.625791e+01
8.625791e+01
8.625791e+01
8.625791e+01
8.625791e+01
8.625791e+01
8.625791e+01
8.619811e+01
8.619811e+01
8.619811e+01
8.619811e+01
8.619811e+01
8.619811e+01
8.619811e+01
8.619811e+01
8.619811e+01
8.619811e+01
8.619811e+01
8.619811e+01
8.619811e+01
8.619811e+01
8.619811e+01
8.619811e+01
8.619811e+01
8.619811e+01
8.619811e+01
8.619811e+01
8.619811e+01
8.619811e+01
8.619811e+01
8.619811e+01
8.619811e+01
8.619811e+01
8.619811e+01
8.619811e+01
8.619811e+01
8.619811e+01
8.619811e+01
8.619811e+01
8.619811e+01
8.619811e+01
8.619811e+01
8.619811e+01
8.619811e+01
8.619811e+01
8.619811e+01
8.619811e+01
8.619811e+01
8.619811e+01
8.619811e+01
8.619811e+01
8.619811e+01
8.619811e+01
8.619811e+01
8.619811e+01
8.619811e+01
