6.474442e+02  1.986312e+01
5.900287e+02  1.935323e+01
5.523748e+02  1.172919e+01
5.274593e+02  9.938143e+00
5.047866e+02  1.003976e+01
4.755752e+02  1.381548e+01
4.512119e+02  6.352918e+00
4.344465e+02  9.342048e+00
4.144860e+02  6.120430e+00
4.020825e+02  4.795363e+00
3.898779e+02  7.136666e+00
3.774422e+02  3.608999e+00
3.671830e+02  6.447073e+00
3.535257e+02  4.801004e+00
3.433997e+02  4.019608e+00
3.352378e+02  2.725509e+00
3.308421e+02  1.428440e+00
3.276666e+02  1.404167e+00
3.236861e+02  2.532317e+00
3.181532e+02  2.379083e+00
3.127840e+02  2.666319e+00
3.079939e+02  1.342374e+00
3.054974e+02  1.408410e+00
3.010919e+02  2.976476e+00
2.951406e+02  2.140651e+00
2.918519e+02  1.683656e+00
2.876553e+02  2.403249e+00
2.818671e+02  2.856388e+00
2.774366e+02  1.927047e+00
2.743401e+02  2.198561e+00
2.718561e+02  1.831445e+00
2.686109e+02  2.366998e+00
2.644459e+02  1.811198e+00
2.610362e+02  2.291679e+00
2.559863e+02  2.018075e+00
2.531987e+02  6.729025e-01
2.511703e+02  1.208329e+00
2.490472e+02  9.332694e-01
2.472871e+02  1.230204e+00
2.452860e+02  1.480436e+00
2.426025e+02  1.808541e+00
2.396764e+02  1.659730e+00
2.372223e+02  1.146508e+00
2.353087e+02  7.162170e-01
2.343183e+02  6.479650e-01
2.330196e+02  1.045888e+00
2.312970e+02  1.098665e+00
2.296080e+02  9.814260e-01
2.286217e+02  3.265036e-01
2.280403e+02  4.084696e-01
2.272910e+02  5.111772e-01
2.263235e+02  5.046571e-01
2.255487e+02  6.566258e-01
2.243774e+02  8.591739e-01
2.227038e+02  1.079953e+00
2.209124e+02  7.188887e-01
2.193061e+02  8.478358e-01
2.168111e+02  1.381264e+00
2.141481e+02  9.555030e-01
2.116817e+02  1.396941e+00
2.096881e+02  8.571871e-01
2.086826e+02  3.955327e-01
2.078108e+02  7.755509e-01
2.063693e+02  6.638454e-01
2.055107e+02  2.456914e-01
2.052401e+02  3.553921e-01
2.040663e+02  8.237892e-01
2.030448e+02  4.566936e-02
2.026716e+02  5.110336e-01
2.011687e+02  7.967918e-01
1.991497e+02  1.215358e+00
1.973101e+02  1.515933e-01
1.969136e+02  2.787842e-01
1.963892e+02  2.052936e-01
1.954145e+02  1.116193e+00
1.926056e+02  1.137288e+00
1.912207e+02  1.565812e-01
1.908363e+02  2.636110e-01
1.902895e+02  2.207925e-01
1.898111e+02  3.893345e-01
1.889130e+02  4.340349e-01
1.875727e+02  1.363118e+00
1.847785e+02  5.860270e-01
1.842224e+02  4.756755e-01
1.834542e+02  5.881128e-01
1.830600e+02  6.151052e-02
1.828534e+02  3.027576e-01
1.823315e+02  2.841832e-01
1.818633e+02  5.025878e-01
1.809548e+02  6.450172e-01
1.800371e+02  4.495850e-01
1.796738e+02  3.405838e-01
1.790607e+02  5.052760e-01
1.785092e+02  1.140071e-01
1.779334e+02  9.550164e-01
1.763160e+02  1.092726e+00
1.751258e+02  4.750494e-01
1.742212e+02  6.989600e-01
1.730430e+02  9.353515e-02
1.724844e+02  8.466095e-01
1.707255e+02  1.235346e+00
1.688472e+02  9.498929e-01
1.668349e+02  1.131157e+00
1.653376e+02  3.008656e-01
1.652046e+02  1.657024e-02
1.650438e+02  2.616058e-01
1.646188e+02  7.807889e-03
1.645399e+02  1.248465e-01
1.643414e+02  3.799309e-02
1.640271e+02  5.050596e-01
1.630869e+02  6.033037e-01
1.622797e+02  1.901823e-01
1.621195e+02  2.165416e-01
1.617499e+02  3.563929e-01
1.612916e+02  2.817953e-01
1.609785e+02  1.881309e-01
1.606376e+02  8.241165e-02
1.603585e+02  2.366313e-01
1.599634e+02  1.287332e-01
1.595974e+02  2.853894e-01
1.591278e+02  2.759632e-01
1.587098e+02  2.550963e-01
1.583812e+02  4.235193e-01
1.576934e+02  4.791114e-01
1.574206e+02  4.035929e-12
1.574206e+02  4.053065e-12
1.574202e+02  1.348362e-02
1.572868e+02  2.167634e-01
1.566809e+02  3.902552e-01
1.560763e+02  1.123134e-12
1.560760e+02  1.194621e-02
1.559375e+02  2.565176e-01
1.547880e+02  9.590993e-01
1.533451e+02  5.036768e-01
1.525610e+02  7.651167e-03
1.525600e+02  8.810730e-13
1.525597e+02  1.199711e-02
1.524301e+02  1.993205e-01
1.519603e+02  5.158683e-01
1.509982e+02  6.199461e-01
1.503732e+02  1.696718e-01
1.500686e+02  1.729151e-01
1.497869e+02  6.821210e-13
1.497867e+02  6.293394e-03
1.497263e+02  9.905214e-02
1.495643e+02  1.932676e-12
1.495639e+02  7.743516e-03
1.495169e+02  7.524515e-02
1.494067e+02  4.431572e-02
1.493934e+02  3.268497e-12
1.493933e+02  4.143853e-03
1.493418e+02  3.467941e-01
1.474775e+02  4.214459e+00
1.406518e+02  5.169354e+00
1.373113e+02  2.277026e-03
1.372936e+02  4.060675e-02
1.370640e+02  2.191451e-01
1.367979e+02  1.444490e-02
1.366719e+02  2.203284e-01
1.363323e+02  1.447295e-01
1.361948e+02  1.463112e-01
1.359632e+02  2.927436e-12
1.359632e+02  6.543012e-04
1.359582e+02  1.858851e-02
1.357899e+02  2.440922e-01
1.353945e+02  3.609557e-12
1.353944e+02  3.464460e-03
1.353585e+02  5.808375e-02
1.352040e+02  2.096773e-01
1.347990e+02  2.721663e-01
1.336671e+02  1.219628e+00
1.318404e+02  3.546195e-02
1.318014e+02  1.344525e-01
1.309895e+02  1.015643e+00
1.296042e+02  1.477929e-12
1.296042e+02  1.477929e-12
1.296042e+02  1.477929e-12
1.296042e+02  1.477929e-12
1.296042e+02  1.477929e-12
1.296042e+02  1.477929e-12
1.296038e+02  1.357177e-02
1.295004e+02  1.975180e-01
1.291763e+02  1.493233e-01
1.291240e+02  5.586761e-03
1.290692e+02  9.374943e-02
1.287332e+02  2.244123e-01
1.284068e+02  1.038905e-01
1.282419e+02  1.563194e-12
1.282419e+02  1.563194e-12
1.282419e+02  1.563194e-12
1.282415e+02  1.034712e-02
1.281376e+02  1.476640e-01
1.278517e+02  9.500405e-02
1.274938e+02  4.749153e-01
1.267072e+02  3.442881e-01
1.265893e+02  6.394885e-13
1.265893e+02  6.394885e-13
1.265893e+02  6.394885e-13
1.265893e+02  6.394885e-13
1.265893e+02  6.394885e-13
1.265892e+02  5.697409e-03
1.265360e+02  8.891354e-02
1.263869e+02  3.150254e-02
1.261528e+02  4.528137e-01
1.253592e+02  2.909163e-01
1.252736e+02  1.179501e-12
1.252736e+02  6.543012e-04
1.252666e+02  1.060513e-02
1.252504e+02  1.051603e-12
1.252504e+02  1.051603e-12
1.252504e+02  1.051603e-12
1.252504e+02  1.051603e-12
1.252504e+02  1.051603e-12
1.252504e+02  1.051603e-12
1.252504e+02  1.051603e-12
1.252504e+02  1.051603e-12
1.252503e+02  6.062451e-03
1.251901e+02  9.644429e-02
1.250360e+02  8.810730e-13
1.250360e+02  8.810730e-13
1.250360e+02  8.810730e-13
1.250360e+02  8.810730e-13
1.250360e+02  8.810730e-13
1.250358e+02  8.884689e-03
1.249445e+02  1.427672e-01
1.247218e+02  4.831691e-13
1.247184e+02  1.194271e-01
1.234960e+02  1.919626e+00
1.200282e+02  5.327363e-01
1.191237e+02  3.323457e-01
1.186463e+02  3.979039e-13
1.186462e+02  8.542051e-04
1.186375e+02  1.680697e-02
1.185162e+02  1.513599e-01
1.182867e+02  1.605827e-12
1.182867e+02  1.605827e-12
1.182867e+02  1.605827e-12
1.182867e+02  1.605827e-12
1.182867e+02  1.605827e-12
1.182867e+02  1.605827e-12
1.182867e+02  1.605827e-12
1.182867e+02  2.711226e-03
1.182591e+02  4.476281e-02
1.180954e+02  1.497155e-01
1.178559e+02  1.260942e-02
1.178542e+02  1.449507e-12
1.178542e+02  1.449507e-12
1.178542e+02  1.449507e-12
1.178542e+02  1.449507e-12
1.178542e+02  1.449507e-12
1.178542e+02  1.449507e-12
1.178542e+02  1.449507e-12
1.178542e+02  1.449507e-12
1.178542e+02  1.449507e-12
1.178542e+02  1.449507e-12
1.178542e+02  1.449507e-12
1.178542e+02  1.449507e-12
1.178542e+02  1.449507e-12
1.178542e+02  1.449507e-12
1.178542e+02  1.449507e-12
1.178542e+02  1.449507e-12
1.178542e+02  1.449507e-12
1.178542e+02  1.449507e-12
1.178542e+02  1.449507e-12
1.178542e+02  1.449507e-12
1.178542e+02  1.449507e-12
1.178542e+02  1.449507e-12
1.178542e+02  1.449507e-12
1.178542e+02  1.449507e-12
1.178542e+02  1.449507e-12
1.178542e+02  1.449507e-12
1.178542e+02  1.449507e-12
1.178542e+02  1.449507e-12
1.178542e+02  1.449507e-12
1.178542e+02  1.449507e-12
1.178538e+02  1.675835e-02
1.176853e+02  2.673489e-01
1.172615e+02  9.521273e-13
1.172615e+02  9.521273e-13
1.172615e+02  9.521273e-13
1.172615e+02  9.521273e-13
1.172615e+02  9.521273e-13
1.172615e+02  9.521273e-13
1.172615e+02  9.521273e-13
1.172615e+02  9.521273e-13
1.172615e+02  9.521273e-13
1.172615e+02  9.521273e-13
1.172615e+02  9.521049e-13
1.172615e+02  1.228330e-03
1.172499e+02  1.920617e-02
1.172189e+02  5.961902e-03
1.172181e+02  6.963319e-13
1.172177e+02  1.325222e-02
1.170946e+02  2.066727e-01
1.166873e+02  1.493884e-01
1.160143e+02  5.464233e-01
1.149489e+02  2.072117e-01
1.148241e+02  3.595346e-12
1.148241e+02  3.595346e-12
1.148241e+02  3.595346e-12
1.148241e+02  3.595346e-12
1.148241e+02  3.595346e-12
1.148241e+02  3.595346e-12
1.148241e+02  3.595346e-12
1.148241e+02  3.595346e-12
1.148241e+02  3.595346e-12
1.148241e+02  3.595346e-12
1.148241e+02  3.595346e-12
1.148241e+02  3.595346e-12
1.148241e+02  3.595346e-12
1.148241e+02  3.595346e-12
1.148241e+02  3.595346e-12
1.148241e+02  3.595346e-12
1.148241e+02  3.595346e-12
1.148241e+02  3.595346e-12
1.148238e+02  9.447495e-03
1.147306e+02  1.499642e-01
1.144899e+02  2.046363e-12
1.144899e+02  2.046363e-12
1.144899e+02  2.046363e-12
1.144899e+02  2.046363e-12
1.144899e+02  2.046363e-12
1.144899e+02  2.046363e-12
1.144899e+02  2.046363e-12
1.144899e+02  2.046363e-12
1.144899e+02  2.046363e-12
1.144899e+02  2.046363e-12
1.144890e+02  3.382829e-02
1.141643e+02  5.318039e-01
1.132934e+02  1.648459e-12
1.132934e+02  1.648459e-12
1.132934e+02  1.648459e-12
1.132934e+02  1.648459e-12
1.132934e+02  1.648459e-12
1.132931e+02  9.891789e-03
1.131929e+02  1.582996e-01
1.129436e+02  1.165290e-12
1.129436e+02  1.165290e-12
1.129436e+02  1.165290e-12
1.129436e+02  1.165290e-12
1.129428e+02  1.936259e-02
1.127469e+02  2.699613e-01
1.123527e+02  2.287948e-12
1.123527e+02  2.287948e-12
1.123527e+02  2.287948e-12
1.123527e+02  2.287948e-12
1.123527e+02  1.230994e-03
1.123451e+02  1.652124e-02
1.123192e+02  1.831170e-02
1.123092e+02  4.263256e-14
1.123092e+02  4.263256e-14
1.123092e+02  4.263256e-14
1.123092e+02  4.263256e-14
1.123092e+02  4.263256e-14
1.123092e+02  4.263256e-14
1.123089e+02  9.803738e-03
1.122212e+02  1.508624e-01
1.119630e+02  1.385903e-02
1.119624e+02  2.401634e-12
1.119624e+02  2.401634e-12
1.119624e+02  2.401634e-12
1.119624e+02  2.401634e-12
1.119624e+02  2.401634e-12
1.119624e+02  2.401634e-12
1.119624e+02  2.401634e-12
1.119624e+02  2.401634e-12
1.119624e+02  1.948961e-03
1.119450e+02  2.992836e-02
1.118935e+02  1.948961e-03
1.118935e+02  6.679102e-13
1.118935e+02  6.679102e-13
1.118935e+02  6.679102e-13
1.118935e+02  6.679102e-13
1.118935e+02  6.679102e-13
1.118935e+02  6.679102e-13
1.118935e+02  6.679102e-13
1.118934e+02  4.505304e-03
1.118607e+02  6.439973e-02
1.117566e+02  5.542444e-02
1.117339e+02  9.887233e-03
1.116339e+02  1.579188e-01
1.113844e+02  7.958079e-13
1.113844e+02  7.958079e-13
1.113844e+02  7.958079e-13
1.113844e+02  7.958079e-13
1.113844e+02  7.958079e-13
1.113844e+02  7.958079e-13
1.113844e+02  7.958079e-13
1.113844e+02  7.958079e-13
1.113844e+02  7.958079e-13
1.113844e+02  7.958079e-13
1.113844e+02  7.958079e-13
1.113844e+02  7.958079e-13
1.113844e+02  7.958079e-13
1.113844e+02  7.958079e-13
1.113844e+02  7.958079e-13
1.113844e+02  7.958079e-13
1.113844e+02  7.958079e-13
1.113844e+02  7.958079e-13
1.113844e+02  7.958079e-13
1.113844e+02  7.958079e-13
1.113844e+02  7.958079e-13
1.113844e+02  7.958079e-13
1.113844e+02  7.958079e-13
1.113844e+02  7.958079e-13
1.113844e+02  7.958079e-13
1.113844e+02  7.958079e-13
1.113844e+02  7.958079e-13
1.113844e+02  2.468488e-03
1.113647e+02  3.649320e-02
1.113084e+02  2.924668e-02
1.112971e+02  1.591616e-12
1.112971e+02  1.591616e-12
1.112971e+02  1.591616e-12
1.112971e+02  1.591616e-12
1.112971e+02  1.591616e-12
1.112971e+02  1.591616e-12
1.112971e+02  1.591616e-12
1.112971e+02  1.591616e-12
1.112971e+02  1.591616e-12
1.112970e+02  4.501090e-03
1.112617e+02  8.099760e-02
1.108926e+02  3.771999e-01
1.103442e+02  7.954642e-02
1.102204e+02  1.106954e-02
1.102197e+02  1.563194e-13
1.102197e+02  1.563194e-13
1.102197e+02  1.562987e-13
1.102197e+02  1.489525e-13
1.102197e+02  1.278977e-13
1.102195e+02  5.569844e-03
1.101623e+02  8.950131e-02
1.100227e+02  3.268497e-13
1.100227e+02  3.268497e-13
1.100227e+02  3.268497e-13
1.100227e+02  3.268497e-13
1.100227e+02  3.268497e-13
1.100227e+02  3.268497e-13
1.100227e+02  3.268497e-13
1.100227e+02  3.268497e-13
1.100227e+02  3.268497e-13
1.100227e+02  3.268497e-13
1.100227e+02  3.268497e-13
1.100227e+02  3.268497e-13
1.100227e+02  3.268497e-13
1.100226e+02  2.373872e-04
1.100193e+02  2.323822e-02
1.098136e+02  3.081775e-01
1.093116e+02  6.673196e-02
1.090272e+02  4.178790e-01
1.083901e+02  7.958079e-13
1.083870e+02  1.096747e-01
1.077800e+02  1.401509e+00
1.055073e+02  1.668331e+00
1.045110e+02  2.302158e-12
1.045110e+02  2.302158e-12
1.045110e+02  2.302158e-12
1.045110e+02  2.302158e-12
1.045110e+02  2.302158e-12
1.045110e+02  2.302158e-12
1.045110e+02  2.302158e-12
1.045110e+02  2.302158e-12
1.045110e+02  2.302158e-12
1.045110e+02  2.302158e-12
1.045110e+02  2.302158e-12
1.045110e+02  2.302158e-12
1.045110e+02  2.302158e-12
1.045110e+02  2.302158e-12
1.045110e+02  2.302158e-12
1.045110e+02  2.302158e-12
1.045110e+02  2.302158e-12
1.045110e+02  2.302158e-12
1.045110e+02  2.302158e-12
1.045110e+02  2.302158e-12
1.045110e+02  2.302158e-12
1.045110e+02  2.302158e-12
1.045110e+02  2.302158e-12
1.045110e+02  2.302158e-12
1.045110e+02  2.302158e-12
1.045110e+02  2.302158e-12
1.045110e+02  2.302158e-12
1.045110e+02  2.302158e-12
1.045110e+02  2.302158e-12
1.045110e+02  2.302158e-12
1.045110e+02  2.302158e-12
1.045110e+02  2.302158e-12
1.045110e+02  2.302158e-12
1.045110e+02  2.302158e-12
1.045110e+02  2.302158e-12
1.045110e+02  2.302158e-12
1.045110e+02  2.302158e-12
1.045110e+02  2.302158e-12
1.045110e+02  2.302158e-12
1.045110e+02  2.302158e-12
1.045110e+02  2.302158e-12
1.045110e+02  2.302158e-12
1.045110e+02  2.302158e-12
1.045110e+02  2.302158e-12
1.045110e+02  2.302158e-12
1.045110e+02  2.302158e-12
1.045110e+02  2.302158e-12
1.045106e+02  1.333643e-02
1.043706e+02  2.156637e-01
1.040393e+02  1.932676e-12
1.040393e+02  1.932676e-12
1.040393e+02  1.932676e-12
1.040393e+02  1.932676e-12
1.040393e+02  1.932676e-12
1.040393e+02  1.932676e-12
1.040393e+02  1.932676e-12
1.040392e+02  3.379663e-03
1.040032e+02  5.490303e-02
1.039198e+02  1.108447e-12
1.039198e+02  1.108447e-12
1.039198e+02  1.108447e-12
1.039198e+02  1.108447e-12
1.039198e+02  1.108447e-12
1.039198e+02  1.108447e-12
1.039198e+02  1.108447e-12
1.039198e+02  1.108447e-12
1.039198e+02  1.108447e-12
1.039198e+02  1.108447e-12
1.039198e+02  1.108447e-12
1.039195e+02  8.133917e-03
1.038323e+02  1.322393e-01
1.036321e+02  2.231104e-12
1.036321e+02  2.231104e-12
1.036321e+02  2.231104e-12
1.036321e+02  2.231104e-12
1.036321e+02  2.231104e-12
1.036321e+02  2.231104e-12
1.036321e+02  2.231104e-12
1.036321e+02  2.231104e-12
1.036321e+02  2.231104e-12
1.036321e+02  2.231104e-12
1.036319e+02  5.262727e-03
1.035822e+02  8.244466e-02
1.034459e+02  7.105427e-14
1.034459e+02  7.105427e-14
1.034459e+02  7.105427e-14
1.034459e+02  7.105427e-14
1.034459e+02  7.105427e-14
1.034459e+02  7.105427e-14
1.034459e+02  7.105427e-14
1.034459e+02  7.105427e-14
1.034459e+02  7.105427e-14
1.034459e+02  7.105427e-14
1.034459e+02  7.105427e-14
1.034459e+02  7.105427e-14
1.034459e+02  7.105427e-14
1.034459e+02  7.105427e-14
1.034459e+02  7.105427e-14
1.034459e+02  7.105427e-14
1.034459e+02  7.105427e-14
1.034459e+02  7.105427e-14
1.034459e+02  7.105427e-14
1.034459e+02  7.105427e-14
1.034459e+02  7.105427e-14
1.034459e+02  7.105427e-14
1.034459e+02  7.105427e-14
1.034459e+02  7.105427e-14
1.034459e+02  7.105427e-14
1.034459e+02  7.105427e-14
1.034459e+02  7.105427e-14
1.034459e+02  7.105427e-14
1.034459e+02  7.105427e-14
1.034459e+02  7.105427e-14
1.034459e+02  7.105427e-14
1.034459e+02  7.105427e-14
1.034459e+02  7.105427e-14
1.034459e+02  7.105427e-14
1.034459e+02  7.105427e-14
1.034459e+02  7.105427e-14
1.034459e+02  7.105427e-14
1.034459e+02  7.105427e-14
1.034459e+02  7.105427e-14
1.034459e+02  7.105427e-14
1.034459e+02  7.105427e-14
1.034459e+02  7.105427e-14
1.034459e+02  7.105427e-14
1.034459e+02  7.105427e-14
1.034459e+02  7.105427e-14
1.034459e+02  7.105427e-14
1.034459e+02  7.105427e-14
1.034459e+02  7.105427e-14
1.034459e+02  7.105427e-14
1.034459e+02  7.105427e-14
1.034459e+02  7.105427e-14
1.034459e+02  7.105427e-14
1.034459e+02  7.105427e-14
1.034459e+02  7.105427e-14
1.034459e+02  7.105427e-14
1.034459e+02  7.105427e-14
1.034459e+02  7.105427e-14
1.034459e+02  7.105427e-14
1.034459e+02  7.105427e-14
1.034459e+02  7.105427e-14
1.034459e+02  7.105427e-14
1.034459e+02  7.105427e-14
1.034459e+02  7.105427e-14
1.034459e+02  7.105427e-14
1.034459e+02  7.105427e-14
1.034459e+02  7.105427e-14
1.034459e+02  7.105427e-14
1.034459e+02  7.105427e-14
1.034459e+02  7.105427e-14
1.034459e+02  7.105427e-14
1.034459e+02  7.105427e-14
1.034459e+02  7.105427e-14
1.034459e+02  7.105427e-14
1.034459e+02  7.105427e-14
1.034459e+02  7.105427e-14
1.034459e+02  7.105427e-14
1.034459e+02  7.105427e-14
1.034459e+02  7.105427e-14
1.034459e+02  7.105427e-14
1.034459e+02  7.105427e-14
1.034459e+02  7.105427e-14
1.034459e+02  7.105427e-14
1.034459e+02  7.105427e-14
1.034459e+02  7.105427e-14
1.034459e+02  7.105427e-14
1.034459e+02  7.105427e-14
1.034459e+02  7.105427e-14
1.034459e+02  7.105427e-14
1.034459e+02  7.105427e-14
1.034459e+02  7.105427e-14
1.034459e+02  7.105427e-14
1.034459e+02  7.105427e-14
1.034459e+02  7.105427e-14
1.034459e+02  7.105427e-14
1.034459e+02  7.105427e-14
1.034459e+02  7.105427e-14
1.034459e+02  7.105427e-14
1.034459e+02  7.105427e-14
1.034459e+02  7.105427e-14
1.034459e+02  7.105427e-14
1.034459e+02  7.105427e-14
1.034459e+02  7.105427e-14
1.034459e+02  7.105427e-14
1.034459e+02  7.105427e-14
1.034459e+02  7.105427e-14
1.034459e+02  7.105427e-14
1.034459e+02  7.105427e-14
1.034459e+02  7.105427e-14
1.034459e+02  7.105427e-14
1.034459e+02  7.105427e-14
1.034459e+02  7.105427e-14
1.034459e+02  7.105427e-14
1.034459e+02  7.105427e-14
1.034459e+02  7.105427e-14
1.034459e+02  7.105427e-14
1.034459e+02  7.105427e-14
1.034459e+02  7.105427e-14
1.034459e+02  7.105427e-14
1.034459e+02  7.105427e-14
1.034459e+02  7.105427e-14
1.034459e+02  7.105427e-14
1.034459e+02  7.105427e-14
1.034459e+02  7.105427e-14
1.034459e+02  7.105427e-14
1.034459e+02  7.105427e-14
1.034459e+02  7.105427e-14
1.034459e+02  7.105427e-14
1.034459e+02  7.105427e-14
1.034459e+02  7.105427e-14
1.034459e+02  7.105427e-14
1.034459e+02  7.105427e-14
1.034459e+02  7.105427e-14
1.034459e+02  7.105427e-14
1.034459e+02  7.105427e-14
1.034459e+02  7.105427e-14
1.034459e+02  7.105427e-14
1.034459e+02  7.105427e-14
1.034459e+02  7.105427e-14
1.034459e+02  7.105427e-14
1.034459e+02  7.105427e-14
1.034459e+02  7.105427e-14
1.034459e+02  7.105427e-14
1.034459e+02  7.105427e-14
1.034459e+02  7.105427e-14
1.034459e+02  7.105427e-14
1.034459e+02  7.105427e-14
1.034459e+02  7.105427e-14
1.034459e+02  7.105427e-14
1.034459e+02  7.105427e-14
1.034459e+02  7.105427e-14
1.034459e+02  7.105427e-14
1.034459e+02  7.105427e-14
1.034459e+02  7.105427e-14
1.034459e+02  7.105427e-14
1.034459e+02  7.105427e-14
1.034459e+02  7.105427e-14
1.034459e+02  7.105427e-14
1.034459e+02  7.105427e-14
1.034459e+02  7.105427e-14
1.034459e+02  7.105427e-14
1.034459e+02  7.105427e-14
1.034459e+02  7.105427e-14
1.034459e+02  7.105427e-14
1.034459e+02  7.105427e-14
1.034459e+02  7.105427e-14
1.034459e+02  7.105427e-14
1.034459e+02  7.105427e-14
1.034459e+02  7.105427e-14
1.034459e+02  7.105427e-14
1.034459e+02  7.105427e-14
1.034459e+02  7.105427e-14
1.034459e+02  7.105427e-14
1.034459e+02  7.105427e-14
1.034459e+02  7.105427e-14
1.034459e+02  7.105427e-14
1.034459e+02  7.105427e-14
1.034459e+02  7.105427e-14
1.034459e+02  7.105427e-14
1.034459e+02  7.105427e-14
1.034459e+02  7.105427e-14
1.034459e+02  7.105427e-14
1.034459e+02  7.105427e-14
1.034459e+02  7.105427e-14
1.034459e+02  7.105427e-14
1.034459e+02  7.105427e-14
1.034459e+02  7.105427e-14
1.034459e+02  7.105427e-14
1.034459e+02  7.105427e-14
1.034459e+02  7.105427e-14
1.034459e+02  7.105427e-14
1.034459e+02  7.105427e-14
1.034459e+02  7.105427e-14
1.034459e+02  7.105427e-14
1.034459e+02  7.105427e-14
1.034459e+02  7.105427e-14
1.034459e+02  7.105427e-14
1.034459e+02  7.105427e-14
1.034459e+02  7.105427e-14
1.034459e+02  7.105427e-14
1.034459e+02  7.105427e-14
1.034459e+02  7.105427e-14
1.034459e+02  7.105427e-14
1.034459e+02  7.105427e-14
1.034459e+02  7.105427e-14
1.034459e+02  7.105427e-14
1.034459e+02  7.105427e-14
1.034459e+02  7.105427e-14
1.034459e+02  7.105427e-14
1.034459e+02  7.105427e-14
1.034459e+02  7.105427e-14
1.034459e+02  7.105427e-14
1.034459e+02  7.105427e-14
1.034459e+02  7.105427e-14
1.034459e+02  7.105427e-14
1.034459e+02  7.105427e-14
1.034459e+02  7.105427e-14
1.034459e+02  7.105427e-14
1.034459e+02  7.105427e-14
1.034459e+02  7.105427e-14
1.034459e+02  7.105427e-14
1.034459e+02  7.105427e-14
1.034459e+02  7.105427e-14
1.034459e+02  7.105427e-14
1.034459e+02  7.105427e-14
1.034459e+02  7.105427e-14
1.034459e+02  7.105427e-14
1.034459e+02  7.105427e-14
1.034459e+02  7.105427e-14
1.034459e+02  7.105427e-14
1.034459e+02  7.105427e-14
1.034459e+02  7.105427e-14
1.034459e+02  7.105427e-14
1.034459e+02  7.105427e-14
1.034459e+02  7.105427e-14
1.034459e+02  7.105427e-14
1.034459e+02  7.105427e-14
1.034459e+02  7.105427e-14
1.034459e+02  7.105427e-14
1.034459e+02  7.105427e-14
1.034459e+02  7.105427e-14
1.034459e+02  7.105427e-14
1.034459e+02  7.105427e-14
1.034459e+02  7.105427e-14
1.034459e+02  7.105427e-14
1.034459e+02  7.105427e-14
1.034459e+02  7.105427e-14
1.034459e+02  7.105427e-14
1.034459e+02  7.105427e-14
1.034459e+02  7.105427e-14
1.034459e+02  7.105427e-14
1.034459e+02  7.105427e-14
1.034459e+02  7.105427e-14
1.034459e+02  7.105427e-14
1.034459e+02  7.105427e-14
1.034459e+02  7.105427e-14
1.034459e+02  7.105427e-14
1.034459e+02  7.105427e-14
1.034459e+02  7.105427e-14
1.034459e+02  7.105427e-14
1.034459e+02  7.105427e-14
1.034459e+02  7.105427e-14
1.034459e+02  7.105427e-14
1.034459e+02  7.105427e-14
1.034459e+02  7.105427e-14
1.034459e+02  7.105427e-14
1.034459e+02  7.105427e-14
1.034459e+02  7.105427e-14
1.034459e+02  7.105427e-14
1.034459e+02  7.105427e-14
1.034459e+02  7.105427e-14
1.034459e+02  7.105427e-14
1.034459e+02  7.105427e-14
1.034459e+02  7.105427e-14
1.034459e+02  7.105427e-14
1.034459e+02  7.105427e-14
1.034459e+02  7.105427e-14
1.034459e+02  7.105427e-14
1.034459e+02  7.105427e-14
1.034459e+02  7.105427e-14
1.034459e+02  7.105427e-14
1.034459e+02  7.105427e-14
1.034459e+02  7.105427e-14
1.034459e+02  7.105427e-14
1.034459e+02  7.105427e-14
1.034459e+02  7.105427e-14
1.034459e+02  7.105427e-14
1.034459e+02  7.105427e-14
1.034459e+02  7.105427e-14
1.034459e+02  7.105427e-14
1.034459e+02  7.105427e-14
1.034459e+02  7.105427e-14
1.034459e+02  7.105427e-14
1.034459e+02  7.105427e-14
1.034459e+02  7.105427e-14
1.034459e+02  7.105427e-14
1.034459e+02  7.105427e-14
1.034459e+02  7.105427e-14
1.034459e+02  7.105427e-14
1.034459e+02  7.105427e-14
1.034459e+02  7.105427e-14
1.034459e+02  7.105427e-14
1.034459e+02  7.105427e-14
1.034459e+02  7.105427e-14
1.034459e+02  7.105427e-14
1.034459e+02  7.105427e-14
1.034459e+02  7.105427e-14
1.034459e+02  7.105427e-14
1.034459e+02  7.105427e-14
1.034459e+02  7.105427e-14
1.034459e+02  7.105427e-14
1.034459e+02  7.105427e-14
1.034459e+02  7.105427e-14
1.034459e+02  7.105427e-14
1.034459e+02  7.105427e-14
1.034459e+02  7.105427e-14
1.034459e+02  7.105427e-14
1.034459e+02  7.105427e-14
1.034459e+02  7.105427e-14
1.034459e+02  7.105427e-14
1.034459e+02  7.105427e-14
1.034459e+02  7.105427e-14
1.034459e+02  7.105427e-14
1.034459e+02  7.105427e-14
1.034459e+02  7.105427e-14
1.034459e+02  7.105427e-14
1.034459e+02  7.105427e-14
1.034459e+02  7.105427e-14
1.034459e+02  7.105427e-14
1.034459e+02  7.105427e-14
1.034459e+02  7.105427e-14
1.034459e+02  7.105427e-14
1.034459e+02  7.105427e-14
1.034459e+02  7.105427e-14
1.034459e+02  7.105427e-14
1.034459e+02  7.105427e-14
1.034459e+02  7.105427e-14
1.034459e+02  7.105427e-14
1.034459e+02  7.105427e-14
1.034459e+02  7.105427e-14
1.034459e+02  7.105427e-14
1.034459e+02  7.105427e-14
1.034459e+02  7.105427e-14
1.034459e+02  7.105427e-14
1.034459e+02  7.105427e-14
1.034459e+02  7.105427e-14
1.034459e+02  7.105427e-14
1.034459e+02  7.105427e-14
1.034459e+02  7.105427e-14
1.034459e+02  7.105427e-14
1.034459e+02  7.105427e-14
1.034459e+02  7.105427e-14
1.034459e+02  7.105427e-14
1.034459e+02  7.105427e-14
1.034459e+02  7.105427e-14
1.034459e+02  7.105427e-14
1.034459e+02  7.105427e-14
1.034459e+02  7.105427e-14
1.034459e+02  7.105427e-14
1.034459e+02  7.105427e-14
1.034459e+02  7.105427e-14
1.034459e+02  7.105427e-14
1.034459e+02  7.105427e-14
1.034459e+02  7.105427e-14
1.034459e+02  7.105427e-14
1.034450e+02  3.321971e-02
1.030911e+02  5.391889e-01
1.022710e+02  1.676881e-12
1.022710e+02  1.676881e-12
1.022710e+02  1.676881e-12
1.022710e+02  1.676881e-12
1.022710e+02  1.676881e-12
1.022710e+02  1.676881e-12
1.022710e+02  1.676881e-12
1.022710e+02  1.676881e-12
1.022710e+02  1.676881e-12
1.022710e+02  1.676881e-12
1.022710e+02  1.676881e-12
1.022710e+02  1.676881e-12
1.022710e+02  1.676881e-12
1.022710e+02  1.676881e-12
1.022710e+02  1.676881e-12
1.022710e+02  1.676881e-12
1.022710e+02  1.676881e-12
1.022710e+02  1.676881e-12
1.022710e+02  1.676881e-12
1.022710e+02  1.676881e-12
1.022710e+02  1.676881e-12
1.022710e+02  1.676881e-12
1.022710e+02  1.676881e-12
1.022710e+02  1.676881e-12
1.022710e+02  1.676881e-12
1.022710e+02  1.676881e-12
1.022710e+02  1.676881e-12
1.022710e+02  1.676881e-12
1.022710e+02  1.676881e-12
1.022710e+02  1.676881e-12
1.022710e+02  1.676881e-12
1.022710e+02  1.676881e-12
1.022710e+02  1.676881e-12
1.022710e+02  1.676881e-12
1.022710e+02  1.676881e-12
1.022710e+02  1.676881e-12
1.022710e+02  1.676881e-12
1.022710e+02  1.676881e-12
1.022710e+02  1.676881e-12
1.022710e+02  1.676881e-12
1.022710e+02  1.676881e-12
1.022710e+02  1.676881e-12
1.022710e+02  1.676881e-12
1.022710e+02  1.676881e-12
1.022710e+02  1.676881e-12
1.022710e+02  1.676881e-12
1.022710e+02  1.676881e-12
1.022710e+02  1.676881e-12
1.022710e+02  1.676881e-12
1.022710e+02  1.676881e-12
1.022710e+02  1.676881e-12
1.022710e+02  1.676881e-12
1.022710e+02  1.676881e-12
1.022710e+02  1.676881e-12
1.022710e+02  1.676881e-12
1.022710e+02  1.676881e-12
1.022710e+02  1.676881e-12
1.022710e+02  1.676881e-12
1.022710e+02  1.676881e-12
1.022710e+02  1.676881e-12
1.022710e+02  1.676881e-12
1.022710e+02  1.676881e-12
1.022710e+02  1.676881e-12
1.022710e+02  1.676881e-12
1.022710e+02  1.676881e-12
1.022710e+02  1.676881e-12
1.022710e+02  1.676881e-12
1.022710e+02  1.676881e-12
1.022710e+02  1.676881e-12
1.022710e+02  1.676881e-12
1.022710e+02  1.676881e-12
1.022710e+02  1.676881e-12
1.022710e+02  1.676881e-12
1.022710e+02  1.676881e-12
1.022710e+02  1.676881e-12
1.022710e+02  1.676881e-12
1.022710e+02  1.676881e-12
1.022710e+02  1.676881e-12
1.022710e+02  1.676881e-12
1.022710e+02  1.676881e-12
1.022710e+02  1.676881e-12
1.022710e+02  1.676881e-12
1.022710e+02  1.676881e-12
1.022710e+02  1.676881e-12
1.022710e+02  1.676881e-12
1.022710e+02  1.676881e-12
1.022710e+02  1.676881e-12
1.022710e+02  1.676881e-12
1.022710e+02  1.676881e-12
1.022710e+02  1.676881e-12
1.022710e+02  1.676881e-12
1.022710e+02  1.676881e-12
1.022710e+02  1.676881e-12
1.022710e+02  1.676881e-12
1.022710e+02  1.676881e-12
1.022710e+02  1.676881e-12
1.022710e+02  1.676881e-12
1.022710e+02  1.676881e-12
1.022710e+02  1.676881e-12
1.022710e+02  1.676881e-12
1.022710e+02  1.676881e-12
1.022710e+02  1.676881e-12
1.022710e+02  1.676881e-12
1.022710e+02  1.676881e-12
1.022710e+02  1.676881e-12
1.022710e+02  1.676881e-12
1.022710e+02  1.676881e-12
1.022710e+02  1.676881e-12
1.022710e+02  1.676881e-12
1.022710e+02  1.676881e-12
1.022710e+02  1.676881e-12
1.022710e+02  1.676881e-12
1.022710e+02  1.676881e-12
1.022710e+02  1.676881e-12
1.022710e+02  1.676881e-12
1.022710e+02  1.676881e-12
1.022710e+02  1.676881e-12
1.022710e+02  1.676881e-12
1.022710e+02  1.676881e-12
1.022710e+02  1.676881e-12
1.022710e+02  1.676881e-12
1.022710e+02  1.676881e-12
1.022710e+02  1.676881e-12
1.022710e+02  1.676881e-12
1.022710e+02  1.676881e-12
1.022710e+02  1.676881e-12
1.022710e+02  1.676881e-12
1.022710e+02  1.676881e-12
1.022710e+02  1.676881e-12
1.022710e+02  1.676881e-12
1.022710e+02  1.676881e-12
1.022710e+02  1.676881e-12
1.022710e+02  1.676881e-12
1.022710e+02  1.676881e-12
1.022710e+02  1.676881e-12
1.022710e+02  1.676881e-12
1.022710e+02  1.676881e-12
1.022710e+02  1.676881e-12
1.022710e+02  1.676881e-12
1.022710e+02  1.676881e-12
1.022710e+02  1.676881e-12
1.022710e+02  1.676881e-12
1.022710e+02  1.676881e-12
1.022710e+02  1.676881e-12
1.022710e+02  1.676881e-12
1.022710e+02  1.676881e-12
1.022710e+02  1.676881e-12
1.022710e+02  1.676881e-12
1.022710e+02  1.676881e-12
1.022710e+02  1.676881e-12
1.022710e+02  1.676881e-12
1.022710e+02  1.676881e-12
1.022710e+02  1.676881e-12
1.022710e+02  1.676881e-12
1.022710e+02  1.676881e-12
1.022710e+02  1.676881e-12
1.022710e+02  1.676881e-12
1.022710e+02  1.676881e-12
1.022710e+02  1.676881e-12
1.022710e+02  1.676881e-12
1.022710e+02  1.676881e-12
1.022710e+02  1.676881e-12
1.022710e+02  1.676881e-12
1.022710e+02  1.676881e-12
1.022710e+02  1.676881e-12
1.022710e+02  1.676881e-12
1.022710e+02  1.676881e-12
1.022710e+02  1.676881e-12
1.022710e+02  1.676881e-12
1.022710e+02  1.676881e-12
1.022710e+02  1.676881e-12
1.022710e+02  1.676881e-12
1.022710e+02  1.676881e-12
1.022710e+02  1.676881e-12
1.022710e+02  1.676881e-12
1.022710e+02  1.676881e-12
1.022710e+02  1.676881e-12
1.022710e+02  1.676881e-12
1.022710e+02  1.676881e-12
1.022710e+02  1.676881e-12
1.022710e+02  1.676881e-12
1.022710e+02  1.676881e-12
1.022710e+02  1.676881e-12
1.022710e+02  1.676881e-12
1.022710e+02  1.676881e-12
1.022710e+02  1.676881e-12
1.022710e+02  1.676881e-12
1.022710e+02  1.676881e-12
1.022710e+02  1.676881e-12
1.022710e+02  1.676881e-12
1.022710e+02  1.676881e-12
1.022710e+02  1.676881e-12
1.022710e+02  1.676881e-12
1.022710e+02  1.676881e-12
1.022710e+02  1.676881e-12
1.022710e+02  1.676881e-12
1.022710e+02  1.676881e-12
1.022710e+02  1.676881e-12
1.022710e+02  1.676881e-12
1.022710e+02  1.676881e-12
1.022710e+02  1.676881e-12
1.022710e+02  1.676881e-12
1.022710e+02  1.676881e-12
1.022710e+02  1.676881e-12
1.022710e+02  1.676881e-12
1.022710e+02  1.676881e-12
1.022710e+02  1.676881e-12
1.022710e+02  1.676881e-12
1.022710e+02  1.676881e-12
1.022710e+02  1.676881e-12
1.022710e+02  1.676881e-12
1.022710e+02  1.676881e-12
1.022710e+02  1.676881e-12
1.022710e+02  1.676881e-12
1.022710e+02  1.676881e-12
1.022710e+02  1.676881e-12
1.022710e+02  1.676881e-12
1.022710e+02  1.676881e-12
1.022710e+02  1.676881e-12
1.022710e+02  1.676881e-12
1.022710e+02  1.676881e-12
1.022710e+02  1.676881e-12
1.022710e+02  1.676881e-12
1.022710e+02  1.676881e-12
1.022710e+02  1.676881e-12
1.022710e+02  1.676881e-12
1.022710e+02  1.676881e-12
1.022710e+02  1.676881e-12
1.022710e+02  1.676881e-12
1.022710e+02  1.676881e-12
1.022710e+02  1.676881e-12
1.022710e+02  1.676881e-12
1.022710e+02  1.676881e-12
1.022710e+02  1.676881e-12
1.022710e+02  1.676881e-12
1.022710e+02  1.676881e-12
1.022710e+02  1.676881e-12
1.022710e+02  1.676881e-12
1.022710e+02  1.676881e-12
1.022710e+02  1.676881e-12
1.022710e+02  1.676881e-12
1.022710e+02  1.676881e-12
1.022710e+02  1.676881e-12
1.022710e+02  1.676881e-12
1.022710e+02  1.676881e-12
1.022710e+02  1.676881e-12
1.022710e+02  1.676881e-12
1.022710e+02  1.676881e-12
1.022710e+02  1.676881e-12
1.022710e+02  1.676881e-12
1.022710e+02  1.676881e-12
1.022710e+02  1.676881e-12
1.022710e+02  1.676881e-12
1.022710e+02  1.676881e-12
1.022710e+02  1.676881e-12
1.022710e+02  1.676881e-12
1.022710e+02  1.676881e-12
1.022710e+02  1.676881e-12
1.022710e+02  1.676881e-12
1.022710e+02  1.676881e-12
1.022710e+02  1.676881e-12
1.022710e+02  1.676881e-12
1.022710e+02  1.676881e-12
1.022710e+02  1.676881e-12
1.022710e+02  1.676881e-12
1.022710e+02  1.676881e-12
1.022710e+02  1.676881e-12
1.022710e+02  1.676881e-12
1.022710e+02  1.676881e-12
1.022710e+02  1.676881e-12
1.022710e+02  1.676881e-12
1.022710e+02  1.676881e-12
1.022710e+02  1.676881e-12
1.022710e+02  1.676881e-12
1.022710e+02  1.676881e-12
1.022710e+02  1.676881e-12
1.022710e+02  1.676881e-12
1.022710e+02  1.676881e-12
1.022710e+02  1.676881e-12
1.022710e+02  1.676881e-12
1.022710e+02  1.676881e-12
1.022710e+02  1.676881e-12
1.022710e+02  1.676881e-12
1.022710e+02  1.676881e-12
1.022710e+02  1.676881e-12
1.022710e+02  1.676881e-12
1.022710e+02  1.676881e-12
1.022710e+02  1.676881e-12
1.022710e+02  1.676881e-12
1.022710e+02  1.676881e-12
1.022710e+02  1.676881e-12
1.022710e+02  1.676881e-12
1.022710e+02  1.676881e-12
1.022710e+02  1.676881e-12
1.022710e+02  1.676881e-12
1.022710e+02  1.676881e-12
1.022710e+02  1.676881e-12
1.022710e+02  1.676881e-12
1.022710e+02  1.676881e-12
1.022710e+02  1.676881e-12
1.022710e+02  1.676881e-12
1.022710e+02  1.676881e-12
1.022710e+02  1.676881e-12
1.022710e+02  1.676881e-12
1.022710e+02  1.676881e-12
1.022710e+02  1.676881e-12
1.022710e+02  1.676881e-12
1.022710e+02  1.676881e-12
1.022710e+02  1.676881e-12
1.022710e+02  1.676881e-12
1.022710e+02  1.676881e-12
1.022710e+02  1.676881e-12
1.022710e+02  1.676881e-12
1.022710e+02  1.676881e-12
1.022710e+02  1.676881e-12
1.022710e+02  1.676881e-12
1.022710e+02  1.676881e-12
1.022710e+02  1.676881e-12
1.022710e+02  1.676881e-12
1.022710e+02  1.676881e-12
1.022710e+02  1.676881e-12
1.022710e+02  1.676881e-12
1.022710e+02  1.676881e-12
1.022710e+02  1.676881e-12
1.022710e+02  1.676881e-12
1.022710e+02  1.676881e-12
1.022710e+02  1.676881e-12
1.022710e+02  1.676881e-12
1.022710e+02  1.676881e-12
1.022710e+02  1.676881e-12
1.022710e+02  1.676881e-12
1.022710e+02  1.676881e-12
1.022710e+02  1.676881e-12
1.022710e+02  1.676881e-12
1.022710e+02  1.676881e-12
1.022710e+02  1.676881e-12
1.022710e+02  1.676881e-12
1.022710e+02  1.676881e-12
1.022710e+02  1.676881e-12
1.022710e+02  1.676881e-12
1.022710e+02  1.676881e-12
1.022710e+02  1.676881e-12
1.022710e+02  1.676881e-12
1.022710e+02  1.676881e-12
1.022710e+02  1.676881e-12
1.022710e+02  1.676881e-12
1.022710e+02  1.676881e-12
1.022710e+02  1.676881e-12
1.022710e+02  1.676881e-12
1.022710e+02  1.676881e-12
1.022710e+02  1.676881e-12
1.022710e+02  1.676881e-12
1.022710e+02  1.676881e-12
1.022710e+02  1.676881e-12
1.022710e+02  1.676881e-12
1.022710e+02  1.676881e-12
1.022710e+02  1.676881e-12
1.022710e+02  1.676881e-12
1.022710e+02  1.676881e-12
1.022710e+02  1.676881e-12
1.022710e+02  1.676881e-12
1.022710e+02  1.676881e-12
1.022710e+02  1.676881e-12
1.022710e+02  1.676881e-12
1.022710e+02  1.676881e-12
1.022710e+02  1.676881e-12
1.022710e+02  1.676881e-12
1.022710e+02  1.676881e-12
1.022710e+02  1.676881e-12
1.022710e+02  1.676881e-12
1.022710e+02  1.676881e-12
1.022710e+02  1.676881e-12
1.022710e+02  1.676881e-12
1.022710e+02  1.676881e-12
1.022710e+02  1.676881e-12
1.022710e+02  1.676881e-12
1.022710e+02  1.676881e-12
1.022710e+02  1.676881e-12
1.022710e+02  1.676881e-12
1.022710e+02  1.676881e-12
1.022710e+02  1.676881e-12
1.022710e+02  1.676881e-12
1.022710e+02  1.676881e-12
1.022710e+02  1.676881e-12
1.022710e+02  1.676881e-12
1.022710e+02  1.676881e-12
1.022710e+02  1.676881e-12
1.022710e+02  1.676881e-12
1.022710e+02  1.676881e-12
1.022710e+02  1.676881e-12
1.022710e+02  1.676881e-12
1.022710e+02  1.676881e-12
1.022710e+02  1.676881e-12
1.022710e+02  1.676881e-12
1.022710e+02  1.676881e-12
1.022710e+02  1.676881e-12
1.022710e+02  1.676881e-12
1.022710e+02  1.676881e-12
1.022710e+02  1.676881e-12
1.022710e+02  1.676881e-12
1.022710e+02  1.676881e-12
1.022710e+02  1.676881e-12
1.022710e+02  1.676881e-12
1.022710e+02  1.676881e-12
1.022710e+02  1.676881e-12
1.022710e+02  1.676881e-12
1.022710e+02  1.676881e-12
1.022710e+02  1.676881e-12
1.022710e+02  1.676881e-12
1.022710e+02  1.676881e-12
1.022710e+02  1.676881e-12
1.022710e+02  1.676881e-12
1.022710e+02  1.676881e-12
1.022710e+02  1.676881e-12
1.022710e+02  1.676881e-12
1.022710e+02  1.676881e-12
1.022710e+02  1.676881e-12
1.022710e+02  1.676881e-12
1.022710e+02  1.676881e-12
1.022710e+02  1.676881e-12
1.022710e+02  1.676881e-12
1.022710e+02  1.676881e-12
1.022710e+02  1.676881e-12
1.022710e+02  1.676881e-12
1.022710e+02  1.676881e-12
1.022710e+02  1.676881e-12
1.022710e+02  1.676881e-12
1.022710e+02  1.676881e-12
1.022710e+02  1.676881e-12
1.022710e+02  1.676881e-12
1.022710e+02  1.676881e-12
1.022710e+02  1.676881e-12
1.022710e+02  1.676881e-12
1.022710e+02  1.676881e-12
1.022710e+02  1.676881e-12
1.022710e+02  1.676881e-12
1.022710e+02  1.676881e-12
1.022710e+02  1.676881e-12
1.022710e+02  1.676881e-12
1.022710e+02  1.676881e-12
1.022710e+02  1.676881e-12
1.022710e+02  1.676881e-12
1.022710e+02  1.676881e-12
1.022710e+02  1.676881e-12
1.022710e+02  1.676881e-12
1.022710e+02  1.676881e-12
1.022710e+02  1.676881e-12
1.022710e+02  1.676881e-12
1.022710e+02  1.676881e-12
1.022710e+02  1.676881e-12
1.022710e+02  1.676881e-12
1.022710e+02  1.676881e-12
1.022710e+02  1.676881e-12
1.022710e+02  1.676881e-12
1.022710e+02  1.676881e-12
1.022710e+02  1.676881e-12
1.022710e+02  1.676881e-12
1.022710e+02  1.676881e-12
1.022710e+02  1.676881e-12
1.022710e+02  1.676881e-12
1.022710e+02  1.676881e-12
1.022710e+02  1.676881e-12
1.022710e+02  1.676881e-12
1.022710e+02  1.676881e-12
1.022710e+02  1.676881e-12
1.022710e+02  1.676881e-12
1.022710e+02  1.676881e-12
1.022710e+02  1.676881e-12
1.022710e+02  1.676881e-12
1.022710e+02  1.676881e-12
1.022710e+02  1.676881e-12
1.022710e+02  1.676881e-12
1.022710e+02  1.676881e-12
1.022710e+02  1.676881e-12
1.022710e+02  1.676881e-12
1.022710e+02  1.676881e-12
1.022710e+02  1.676881e-12
1.022710e+02  1.676881e-12
1.022710e+02  1.676881e-12
1.022710e+02  1.676881e-12
1.022710e+02  1.676881e-12
1.022710e+02  1.676881e-12
1.022710e+02  1.676881e-12
1.022710e+02  1.676881e-12
1.022710e+02  1.676881e-12
1.022710e+02  1.676881e-12
1.022710e+02  1.676881e-12
1.022710e+02  1.676881e-12
1.022710e+02  1.676881e-12
1.022710e+02  1.676881e-12
1.022710e+02  1.676881e-12
1.022710e+02  1.676881e-12
1.022710e+02  1.676881e-12
1.022710e+02  1.676881e-12
1.022710e+02  1.676881e-12
1.022710e+02  1.676881e-12
1.022710e+02  1.676881e-12
1.022710e+02  1.676881e-12
1.022710e+02  1.676881e-12
1.022710e+02  1.676881e-12
1.022710e+02  1.676881e-12
1.022710e+02  1.676881e-12
1.022710e+02  1.676881e-12
1.022710e+02  1.676881e-12
1.022710e+02  1.676881e-12
1.022710e+02  1.676881e-12
1.022710e+02  1.676881e-12
1.022710e+02  1.676881e-12
1.022710e+02  1.676881e-12
1.022710e+02  1.676881e-12
1.022710e+02  1.676881e-12
1.022710e+02  1.676881e-12
1.022710e+02  1.676881e-12
1.022710e+02  1.676881e-12
1.022710e+02  1.676881e-12
1.022710e+02  1.676881e-12
1.022710e+02  1.676881e-12
1.022710e+02  1.676881e-12
1.022710e+02  1.676881e-12
1.022710e+02  1.676881e-12
1.022710e+02  1.676881e-12
1.022710e+02  1.676881e-12
1.022710e+02  1.676881e-12
1.022710e+02  1.676881e-12
1.022710e+02  1.676881e-12
1.022710e+02  1.676881e-12
1.022710e+02  1.676881e-12
1.022710e+02  1.676881e-12
1.022710e+02  1.676881e-12
1.022710e+02  1.676881e-12
1.022710e+02  1.676881e-12
1.022710e+02  1.676881e-12
1.022710e+02  1.676881e-12
1.022710e+02  1.676881e-12
1.022710e+02  1.676881e-12
1.022710e+02  1.676881e-12
1.022710e+02  1.676881e-12
1.022710e+02  1.676881e-12
1.022710e+02  1.676881e-12
1.022710e+02  1.676881e-12
1.022710e+02  1.676881e-12
1.022710e+02  1.676881e-12
1.022710e+02  1.676881e-12
1.022710e+02  1.676881e-12
1.022710e+02  1.676881e-12
1.022710e+02  1.676881e-12
1.022710e+02  1.676881e-12
1.022710e+02  1.676881e-12
1.022710e+02  1.676881e-12
1.022710e+02  1.676881e-12
1.022710e+02  1.676881e-12
1.022710e+02  1.676881e-12
1.022710e+02  1.676881e-12
1.022710e+02  1.676881e-12
1.022710e+02  1.676881e-12
1.022710e+02  1.676881e-12
1.022710e+02  1.676881e-12
1.022710e+02  1.676881e-12
1.022710e+02  1.676881e-12
1.022710e+02  1.676881e-12
1.022710e+02  1.676881e-12
1.022710e+02  1.676881e-12
1.022710e+02  1.676881e-12
1.022710e+02  1.676881e-12
1.022710e+02  1.676881e-12
1.022710e+02  1.676881e-12
1.022710e+02  1.676881e-12
1.022710e+02  1.676881e-12
1.022710e+02  1.676881e-12
1.022710e+02  1.676881e-12
1.022710e+02  1.676881e-12
1.022710e+02  1.676881e-12
1.022710e+02  1.676881e-12
1.022710e+02  1.676881e-12
1.022710e+02  1.676881e-12
1.022710e+02  1.676881e-12
1.022710e+02  1.676881e-12
1.022710e+02  1.676881e-12
1.022710e+02  1.676881e-12
1.022710e+02  1.676881e-12
1.022710e+02  1.676881e-12
1.022710e+02  1.676881e-12
1.022710e+02  1.676881e-12
1.022710e+02  1.676881e-12
1.022710e+02  1.676881e-12
1.022710e+02  1.676881e-12
1.022710e+02  1.676881e-12
1.022710e+02  1.676881e-12
1.022710e+02  1.676881e-12
1.022710e+02  1.676881e-12
1.022710e+02  1.676881e-12
1.022710e+02  1.676881e-12
1.022710e+02  1.676881e-12
1.022710e+02  1.676881e-12
1.022710e+02  1.676881e-12
1.022710e+02  1.676881e-12
1.022710e+02  1.676881e-12
1.022710e+02  1.676881e-12
1.022702e+02  2.682846e-02
1.021419e+02  3.234437e-01
1.015926e+02  4.255452e-01
1.013221e+02  7.105427e-14
1.013221e+02  7.105427e-14
1.013221e+02  7.105427e-14
1.013221e+02  7.105427e-14
1.013221e+02  7.105427e-14
1.013221e+02  7.105427e-14
1.013221e+02  7.105427e-14
1.013221e+02  7.105427e-14
1.013221e+02  7.105427e-14
1.013221e+02  7.105427e-14
1.013221e+02  7.105427e-14
1.013221e+02  7.105427e-14
1.013221e+02  7.105427e-14
1.013221e+02  7.105427e-14
1.013221e+02  7.105427e-14
1.013221e+02  7.105427e-14
1.013221e+02  7.105427e-14
1.013221e+02  7.105427e-14
1.013221e+02  7.105427e-14
1.013221e+02  7.105427e-14
1.013221e+02  7.105427e-14
1.013221e+02  7.105427e-14
1.013221e+02  7.105427e-14
1.013221e+02  7.105427e-14
1.013221e+02  7.105427e-14
1.013221e+02  7.105427e-14
1.013221e+02  7.105427e-14
1.013221e+02  7.105427e-14
1.013221e+02  7.105427e-14
1.013221e+02  7.105427e-14
1.013221e+02  7.105427e-14
1.013221e+02  7.105427e-14
1.013221e+02  7.105427e-14
1.013221e+02  7.105427e-14
1.013221e+02  7.105427e-14
1.013221e+02  7.105427e-14
1.013221e+02  7.105427e-14
1.013221e+02  7.105427e-14
1.013221e+02  7.105427e-14
1.013221e+02  7.105427e-14
1.013221e+02  7.105427e-14
1.013221e+02  7.105427e-14
1.013221e+02  7.105427e-14
1.013221e+02  7.105427e-14
1.013221e+02  7.105427e-14
1.013221e+02  7.105427e-14
1.013221e+02  7.105427e-14
1.013221e+02  7.105427e-14
1.013221e+02  7.105427e-14
1.013221e+02  7.105427e-14
1.013221e+02  7.105427e-14
1.013221e+02  7.105427e-14
1.013221e+02  7.105427e-14
1.013221e+02  7.105427e-14
1.013221e+02  7.105427e-14
1.013221e+02  7.105427e-14
1.013221e+02  7.105427e-14
1.013221e+02  7.105427e-14
1.013221e+02  7.105427e-14
1.013221e+02  7.105427e-14
1.013221e+02  7.105427e-14
1.013221e+02  7.105427e-14
1.013221e+02  7.105427e-14
1.013221e+02  7.105427e-14
1.013221e+02  7.105427e-14
1.013221e+02  7.105427e-14
1.013221e+02  7.105427e-14
1.013221e+02  7.105427e-14
1.013221e+02  7.105427e-14
1.013221e+02  7.105427e-14
1.013221e+02  7.105427e-14
1.013221e+02  7.105427e-14
1.013221e+02  7.105427e-14
1.013221e+02  7.105427e-14
1.013221e+02  7.105427e-14
1.013221e+02  7.105427e-14
1.013221e+02  7.105427e-14
1.013221e+02  7.105427e-14
1.013221e+02  7.105427e-14
1.013221e+02  7.105427e-14
1.013221e+02  7.105427e-14
1.013221e+02  7.105427e-14
1.013221e+02  7.105427e-14
1.013221e+02  7.105427e-14
1.013221e+02  7.105427e-14
1.013221e+02  7.105427e-14
1.013221e+02  7.105427e-14
1.013221e+02  7.105427e-14
1.013221e+02  7.105427e-14
1.013221e+02  7.105427e-14
1.013221e+02  7.105427e-14
1.013221e+02  7.105427e-14
1.013221e+02  7.105427e-14
1.013221e+02  7.105427e-14
1.013221e+02  7.105427e-14
1.013221e+02  7.105427e-14
1.013221e+02  7.105427e-14
1.013221e+02  7.105427e-14
1.013221e+02  7.105427e-14
1.013221e+02  7.105427e-14
1.013221e+02  7.105427e-14
1.013221e+02  7.105427e-14
1.013221e+02  7.105427e-14
1.013221e+02  7.105427e-14
1.013221e+02  7.105427e-14
1.013221e+02  7.105427e-14
1.013221e+02  7.105427e-14
1.013221e+02  7.105427e-14
1.013221e+02  7.105427e-14
1.013221e+02  7.105427e-14
1.013221e+02  7.105427e-14
1.013221e+02  7.105427e-14
1.013221e+02  7.105427e-14
1.013221e+02  7.105427e-14
1.013221e+02  7.105427e-14
1.013221e+02  7.105427e-14
1.013221e+02  7.105427e-14
1.013221e+02  7.105427e-14
1.013221e+02  7.105427e-14
1.013221e+02  7.105427e-14
1.013221e+02  7.105427e-14
1.013221e+02  7.105427e-14
1.013221e+02  7.105427e-14
1.013221e+02  7.105427e-14
1.013221e+02  7.105427e-14
1.013221e+02  7.105427e-14
1.013221e+02  7.105427e-14
1.013221e+02  7.105427e-14
1.013221e+02  7.105427e-14
1.013221e+02  7.105427e-14
1.013221e+02  7.105427e-14
1.013221e+02  7.105427e-14
1.013221e+02  7.105427e-14
1.013221e+02  7.105427e-14
1.013221e+02  7.105427e-14
1.013221e+02  7.105427e-14
1.013221e+02  7.105427e-14
1.013221e+02  7.105427e-14
1.013221e+02  7.105427e-14
1.013221e+02  7.105427e-14
1.013221e+02  7.105427e-14
1.013221e+02  7.105427e-14
1.013221e+02  7.105427e-14
1.013221e+02  7.105427e-14
1.013221e+02  7.105427e-14
1.013221e+02  7.105427e-14
1.013221e+02  7.105427e-14
1.013221e+02  7.105427e-14
1.013221e+02  7.105427e-14
1.013221e+02  7.105427e-14
1.013221e+02  7.105427e-14
1.013221e+02  7.105427e-14
1.013221e+02  7.105427e-14
1.013221e+02  7.105427e-14
1.013221e+02  7.105427e-14
1.013221e+02  7.105427e-14
1.013221e+02  7.105427e-14
1.013221e+02  7.105427e-14
1.013221e+02  7.105427e-14
1.013221e+02  7.105427e-14
1.013221e+02  7.105427e-14
1.013221e+02  7.105427e-14
1.013221e+02  7.105427e-14
1.013221e+02  7.105427e-14
1.013221e+02  7.105427e-14
1.013221e+02  7.105427e-14
1.013221e+02  7.105427e-14
1.013221e+02  7.105427e-14
1.013221e+02  7.105427e-14
1.013221e+02  7.105427e-14
1.013221e+02  7.105427e-14
1.013221e+02  7.105427e-14
1.013221e+02  7.105427e-14
1.013221e+02  7.105427e-14
1.013221e+02  7.105427e-14
1.013221e+02  7.105427e-14
1.013221e+02  7.105427e-14
1.013221e+02  7.105427e-14
1.013221e+02  7.105427e-14
1.013221e+02  7.105427e-14
1.013221e+02  7.105427e-14
1.013221e+02  7.105427e-14
1.013221e+02  7.105427e-14
1.013221e+02  7.105427e-14
1.013221e+02  7.105427e-14
1.013221e+02  7.105427e-14
1.013221e+02  7.105427e-14
1.013221e+02  7.105427e-14
1.013221e+02  7.105427e-14
1.013221e+02  7.105427e-14
1.013221e+02  7.105427e-14
1.013221e+02  7.105427e-14
1.013221e+02  7.105427e-14
1.013221e+02  7.105427e-14
1.013221e+02  7.105427e-14
1.013221e+02  7.105427e-14
1.013221e+02  7.105427e-14
1.013221e+02  7.105427e-14
1.013221e+02  7.105427e-14
1.013221e+02  7.105427e-14
1.013221e+02  7.105427e-14
1.013221e+02  7.105427e-14
1.013221e+02  7.105427e-14
1.013221e+02  7.105427e-14
1.013221e+02  7.105427e-14
1.013221e+02  7.105427e-14
1.013221e+02  7.105427e-14
1.013221e+02  7.105427e-14
1.013221e+02  7.105427e-14
1.013221e+02  7.105427e-14
1.013221e+02  7.105427e-14
1.013221e+02  7.105427e-14
1.013221e+02  7.105427e-14
1.013221e+02  7.105427e-14
1.013221e+02  7.105427e-14
1.013221e+02  7.105427e-14
1.013221e+02  7.105427e-14
1.013221e+02  7.105427e-14
1.013221e+02  7.105427e-14
1.013221e+02  7.105427e-14
1.013221e+02  7.105427e-14
1.013221e+02  7.105427e-14
1.013221e+02  7.105427e-14
1.013221e+02  7.105427e-14
1.013221e+02  7.105427e-14
1.013221e+02  7.105427e-14
1.013221e+02  7.105427e-14
1.013221e+02  7.105427e-14
1.013221e+02  7.105427e-14
1.013221e+02  7.105427e-14
1.013221e+02  7.105427e-14
1.013221e+02  7.105427e-14
1.013221e+02  7.105427e-14
1.013221e+02  7.105427e-14
1.013221e+02  7.105427e-14
1.013221e+02  7.105427e-14
1.013221e+02  7.105427e-14
1.013221e+02  7.105427e-14
1.013221e+02  7.105427e-14
1.013221e+02  7.105427e-14
1.013221e+02  7.105427e-14
1.013221e+02  7.105427e-14
1.013221e+02  7.105427e-14
1.013221e+02  7.105427e-14
1.013221e+02  7.105427e-14
1.013221e+02  7.105427e-14
1.013221e+02  7.105427e-14
1.013221e+02  7.105427e-14
1.013221e+02  7.105427e-14
1.013221e+02  7.105427e-14
1.013221e+02  7.105427e-14
1.013221e+02  7.105427e-14
1.013221e+02  7.105427e-14
1.013221e+02  7.105427e-14
1.013221e+02  7.105427e-14
1.013221e+02  7.105427e-14
1.013221e+02  7.105427e-14
1.013221e+02  7.105427e-14
1.013221e+02  7.105427e-14
1.013221e+02  7.105427e-14
1.013221e+02  7.105427e-14
1.013221e+02  7.105427e-14
1.013221e+02  7.105427e-14
1.013221e+02  7.105427e-14
1.013221e+02  7.105427e-14
1.013221e+02  7.105427e-14
1.013221e+02  7.105427e-14
1.013221e+02  7.105427e-14
1.013221e+02  7.105427e-14
1.013221e+02  7.105427e-14
1.013221e+02  7.105427e-14
1.013221e+02  7.105427e-14
1.013221e+02  7.105427e-14
1.013221e+02  7.105427e-14
1.013221e+02  7.105427e-14
1.013221e+02  7.105427e-14
1.013221e+02  7.105427e-14
1.013221e+02  7.105427e-14
1.013221e+02  7.105427e-14
1.013221e+02  7.105427e-14
1.013221e+02  7.105427e-14
1.013221e+02  7.105427e-14
1.013221e+02  7.105427e-14
1.013221e+02  7.105427e-14
1.013221e+02  7.105427e-14
1.013221e+02  7.105427e-14
1.013221e+02  7.105427e-14
1.013221e+02  7.105427e-14
1.013221e+02  7.105427e-14
1.013221e+02  7.105427e-14
1.013221e+02  7.105427e-14
1.013221e+02  7.105427e-14
1.013221e+02  7.105427e-14
1.013221e+02  7.105427e-14
1.013221e+02  7.105427e-14
1.013221e+02  7.105427e-14
1.013221e+02  7.105427e-14
1.013221e+02  7.105427e-14
1.013221e+02  7.105427e-14
1.013221e+02  7.105427e-14
1.013221e+02  7.105427e-14
1.013221e+02  7.105427e-14
1.013221e+02  7.105427e-14
1.013221e+02  7.105427e-14
1.013221e+02  7.105427e-14
1.013221e+02  7.105427e-14
1.013221e+02  7.105427e-14
1.013221e+02  7.105427e-14
1.013221e+02  7.105427e-14
1.013221e+02  7.105427e-14
1.013221e+02  7.105427e-14
1.013221e+02  7.105427e-14
1.013221e+02  7.105427e-14
1.013221e+02  7.105427e-14
1.013221e+02  7.105427e-14
1.013221e+02  7.105427e-14
1.013221e+02  7.105427e-14
1.013221e+02  7.105427e-14
1.013221e+02  7.105427e-14
1.013221e+02  7.105427e-14
1.013221e+02  7.105427e-14
1.013221e+02  7.105427e-14
1.013221e+02  7.105427e-14
1.013221e+02  7.105427e-14
1.013221e+02  7.105427e-14
1.013221e+02  7.105427e-14
1.013221e+02  7.105427e-14
1.013221e+02  7.105427e-14
1.013221e+02  7.105427e-14
1.013221e+02  7.105427e-14
1.013221e+02  7.105427e-14
1.013221e+02  7.105427e-14
1.013221e+02  7.105427e-14
1.013221e+02  7.105427e-14
1.013221e+02  7.105427e-14
1.013221e+02  7.105427e-14
1.013221e+02  7.105427e-14
1.013221e+02  7.105427e-14
1.013221e+02  7.105427e-14
1.013221e+02  7.105427e-14
1.013221e+02  7.105427e-14
1.013221e+02  7.105427e-14
1.013221e+02  7.105427e-14
1.013221e+02  7.105427e-14
1.013221e+02  7.105427e-14
1.013221e+02  7.105427e-14
1.013221e+02  7.105427e-14
1.013221e+02  7.105427e-14
1.013221e+02  7.105427e-14
1.013221e+02  7.105427e-14
1.013221e+02  7.105427e-14
1.013221e+02  7.105427e-14
1.013221e+02  7.105427e-14
1.013221e+02  7.105427e-14
1.013221e+02  7.105427e-14
1.013221e+02  7.105427e-14
1.013221e+02  7.105427e-14
1.013221e+02  7.105427e-14
1.013221e+02  7.105427e-14
1.013221e+02  7.105427e-14
1.013221e+02  7.105427e-14
1.013221e+02  7.105427e-14
1.013221e+02  7.105427e-14
1.013221e+02  7.105427e-14
1.013221e+02  7.105427e-14
1.013221e+02  7.105427e-14
1.013221e+02  7.105427e-14
1.013221e+02  7.105427e-14
1.013221e+02  7.105427e-14
1.013221e+02  7.105427e-14
1.013221e+02  7.105427e-14
1.013221e+02  7.105427e-14
1.013221e+02  7.105427e-14
1.013221e+02  7.105427e-14
1.013221e+02  7.105427e-14
1.013221e+02  7.105427e-14
1.013221e+02  7.105427e-14
1.013221e+02  7.105427e-14
1.013221e+02  7.105427e-14
1.013221e+02  7.105427e-14
1.013221e+02  7.105427e-14
1.013221e+02  7.105427e-14
1.013221e+02  7.105427e-14
1.013221e+02  7.105427e-14
1.013221e+02  7.105427e-14
1.013221e+02  7.105427e-14
1.013221e+02  7.105427e-14
1.013221e+02  7.105427e-14
1.013221e+02  7.105427e-14
1.013221e+02  7.105427e-14
1.013221e+02  7.105427e-14
1.013221e+02  7.105427e-14
1.013221e+02  7.105427e-14
1.013221e+02  7.105427e-14
1.013221e+02  7.105427e-14
1.013221e+02  7.105427e-14
1.013221e+02  7.105427e-14
1.013221e+02  7.105427e-14
1.013221e+02  7.105427e-14
1.013221e+02  7.105427e-14
1.013221e+02  7.105427e-14
1.013221e+02  7.105427e-14
1.013221e+02  7.105427e-14
1.013221e+02  7.105427e-14
1.013221e+02  7.105427e-14
1.013221e+02  7.105427e-14
1.013221e+02  7.105427e-14
1.013221e+02  7.105427e-14
1.013221e+02  7.105427e-14
1.013221e+02  7.105427e-14
1.013221e+02  7.105427e-14
1.013221e+02  7.105427e-14
1.013221e+02  7.105427e-14
1.013221e+02  7.105427e-14
1.013221e+02  7.105427e-14
1.013221e+02  7.105427e-14
1.013221e+02  7.105427e-14
1.013221e+02  7.105427e-14
1.013221e+02  7.105427e-14
1.013221e+02  7.105427e-14
1.013221e+02  7.105427e-14
1.013221e+02  7.105427e-14
1.013221e+02  7.105427e-14
1.013221e+02  7.105427e-14
1.013221e+02  7.105427e-14
1.013221e+02  7.105427e-14
1.013221e+02  7.105427e-14
1.013221e+02  7.105427e-14
1.013221e+02  7.105427e-14
1.013221e+02  7.105427e-14
1.013221e+02  7.105427e-14
1.013221e+02  7.105427e-14
1.013221e+02  7.105427e-14
1.013221e+02  7.105427e-14
1.013221e+02  7.105427e-14
1.013221e+02  7.105427e-14
1.013221e+02  7.105427e-14
1.013221e+02  7.105427e-14
1.013221e+02  7.105427e-14
1.013221e+02  7.105427e-14
1.013221e+02  7.105427e-14
1.013221e+02  7.105427e-14
1.013221e+02  7.105427e-14
1.013221e+02  7.105427e-14
1.013221e+02  7.105427e-14
1.013221e+02  7.105427e-14
1.013221e+02  7.105427e-14
1.013221e+02  7.105427e-14
1.013221e+02  7.105427e-14
1.013221e+02  7.105427e-14
1.013221e+02  7.105427e-14
1.013221e+02  7.105427e-14
1.013221e+02  7.105427e-14
1.013221e+02  7.105427e-14
1.013221e+02  7.105427e-14
1.013221e+02  7.105427e-14
1.013221e+02  7.105427e-14
1.013221e+02  7.105427e-14
1.013221e+02  7.105427e-14
1.013221e+02  7.105427e-14
1.013221e+02  7.105427e-14
1.013221e+02  7.105427e-14
1.013221e+02  7.105427e-14
1.013221e+02  7.105427e-14
1.013221e+02  7.105427e-14
1.013221e+02  7.105427e-14
1.013221e+02  7.105427e-14
1.013221e+02  7.105427e-14
1.013221e+02  7.105427e-14
1.013221e+02  7.105427e-14
1.013221e+02  7.105427e-14
1.013221e+02  7.105427e-14
1.013221e+02  7.105427e-14
1.013221e+02  7.105427e-14
1.013221e+02  7.105427e-14
1.013221e+02  7.105427e-14
1.013221e+02  7.105427e-14
1.013221e+02  7.105427e-14
1.013221e+02  7.105427e-14
1.013221e+02  7.105427e-14
1.013221e+02  7.105427e-14
1.013221e+02  7.105427e-14
1.013221e+02  7.105427e-14
1.013221e+02  7.105427e-14
1.013221e+02  7.105427e-14
1.013221e+02  7.105427e-14
1.013221e+02  7.105427e-14
1.013221e+02  7.105427e-14
1.013221e+02  7.105427e-14
1.013221e+02  7.105427e-14
1.013221e+02  7.105427e-14
1.013221e+02  7.105427e-14
1.013221e+02  7.105427e-14
1.013221e+02  7.105427e-14
1.013221e+02  7.105427e-14
1.013221e+02  7.105427e-14
1.013221e+02  7.105427e-14
1.013221e+02  7.105427e-14
1.013221e+02  7.105427e-14
1.013221e+02  7.105427e-14
1.013221e+02  7.105427e-14
1.013221e+02  7.105427e-14
1.013221e+02  7.105427e-14
1.013221e+02  7.105427e-14
1.013221e+02  7.105427e-14
1.013221e+02  7.105427e-14
1.013221e+02  7.105427e-14
1.013221e+02  7.105427e-14
1.013221e+02  7.105427e-14
1.013221e+02  7.105427e-14
1.013221e+02  7.105427e-14
1.013221e+02  7.105427e-14
1.013221e+02  7.105427e-14
1.013221e+02  7.105427e-14
1.013221e+02  7.105427e-14
1.013221e+02  7.105427e-14
1.013221e+02  7.105427e-14
1.013221e+02  7.105427e-14
1.013221e+02  7.105427e-14
1.013221e+02  7.105427e-14
1.013221e+02  7.105427e-14
1.013221e+02  7.105427e-14
1.013221e+02  7.105427e-14
1.013221e+02  7.105427e-14
1.013221e+02  7.105427e-14
1.013221e+02  7.105427e-14
1.013221e+02  7.105427e-14
1.013221e+02  7.105427e-14
1.013221e+02  7.105427e-14
1.013221e+02  7.105427e-14
1.013221e+02  7.105427e-14
1.013221e+02  7.105427e-14
1.013221e+02  7.105427e-14
1.013221e+02  7.105427e-14
1.013221e+02  7.105427e-14
1.013221e+02  7.105427e-14
1.013221e+02  7.105427e-14
1.013221e+02  7.105427e-14
1.013221e+02  7.105427e-14
1.013221e+02  7.105427e-14
1.013221e+02  7.105427e-14
1.013221e+02  7.105427e-14
1.013221e+02  7.105427e-14
1.013221e+02  7.105427e-14
1.013221e+02  7.105427e-14
1.013221e+02  7.105427e-14
1.013221e+02  7.105427e-14
1.013221e+02  7.105427e-14
1.013221e+02  7.105427e-14
1.013221e+02  7.105427e-14
1.013221e+02  7.105427e-14
1.013221e+02  7.105427e-14
1.013221e+02  7.105427e-14
1.013221e+02  7.105427e-14
1.013221e+02  7.105427e-14
1.013221e+02  7.105427e-14
1.013221e+02  7.105427e-14
1.013221e+02  7.105427e-14
1.013221e+02  7.105427e-14
1.013221e+02  7.105427e-14
1.013221e+02  7.105427e-14
1.013221e+02  7.105427e-14
1.013221e+02  7.105427e-14
1.013221e+02  7.105427e-14
1.013221e+02  7.105427e-14
1.013221e+02  7.105427e-14
1.013221e+02  7.105427e-14
1.013221e+02  7.105427e-14
1.013221e+02  7.105427e-14
1.013221e+02  7.105427e-14
1.013221e+02  7.105427e-14
1.013221e+02  7.105427e-14
1.013221e+02  7.105427e-14
1.013221e+02  7.105427e-14
1.013221e+02  7.105427e-14
1.013221e+02  7.105427e-14
1.013221e+02  7.105427e-14
1.013221e+02  7.105427e-14
1.013221e+02  7.105427e-14
1.013221e+02  7.105427e-14
1.013221e+02  7.105427e-14
1.013221e+02  7.105427e-14
1.013221e+02  7.105427e-14
1.013221e+02  7.105427e-14
1.013221e+02  7.105427e-14
1.013221e+02  7.105427e-14
1.013221e+02  7.105427e-14
1.013221e+02  7.105427e-14
1.013221e+02  7.105427e-14
1.013221e+02  7.105427e-14
1.013221e+02  7.105427e-14
1.013221e+02  7.105427e-14
1.013221e+02  7.105427e-14
1.013221e+02  7.105427e-14
1.013221e+02  7.105427e-14
1.013221e+02  7.105427e-14
1.013221e+02  7.105427e-14
1.013189e+02  1.125907e-01
1.006228e+02  1.474431e+00
9.812088e+01  1.487043e+00
9.733979e+01  2.955858e-12
9.733979e+01  2.955858e-12
9.733979e+01  2.955858e-12
9.733979e+01  2.955858e-12
9.733979e+01  2.955858e-12
9.733979e+01  2.955858e-12
9.733979e+01  2.955858e-12
9.733979e+01  2.955858e-12
9.733979e+01  2.955858e-12
9.733979e+01  2.955858e-12
9.733979e+01  2.955858e-12
9.733979e+01  2.955858e-12
9.733979e+01  2.955858e-12
9.733979e+01  2.955858e-12
9.733979e+01  2.955858e-12
9.733979e+01  2.955858e-12
9.733979e+01  2.955858e-12
9.733979e+01  2.955858e-12
9.733979e+01  2.955858e-12
9.733979e+01  2.955858e-12
9.733979e+01  2.955858e-12
9.733979e+01  2.955858e-12
9.733979e+01  2.955858e-12
9.733979e+01  2.955858e-12
9.733979e+01  2.955858e-12
9.733979e+01  2.955858e-12
9.733979e+01  2.955858e-12
9.733979e+01  2.955858e-12
9.733979e+01  2.955858e-12
9.733979e+01  2.955858e-12
9.733979e+01  2.955858e-12
9.733979e+01  2.955858e-12
9.733979e+01  2.955858e-12
9.733979e+01  2.955858e-12
9.733979e+01  2.955858e-12
9.733979e+01  2.955858e-12
9.733979e+01  2.955858e-12
9.733979e+01  2.955858e-12
9.733979e+01  2.955858e-12
9.733979e+01  2.955858e-12
9.733979e+01  2.955858e-12
9.733979e+01  2.955858e-12
9.733979e+01  2.955858e-12
9.733979e+01  2.955858e-12
9.733979e+01  2.955858e-12
9.733979e+01  2.955858e-12
9.733979e+01  2.955858e-12
9.733979e+01  2.955858e-12
9.733979e+01  2.955858e-12
9.733979e+01  2.955858e-12
9.733979e+01  2.955858e-12
9.733979e+01  2.955858e-12
9.733979e+01  2.955858e-12
9.733979e+01  2.955858e-12
9.733979e+01  2.955858e-12
9.733979e+01  2.955858e-12
9.733979e+01  2.955858e-12
9.733979e+01  2.955858e-12
9.733979e+01  2.955858e-12
9.733979e+01  2.955858e-12
9.733979e+01  2.955858e-12
9.733979e+01  2.955858e-12
9.733979e+01  2.955858e-12
9.733979e+01  2.955858e-12
9.733979e+01  2.955858e-12
9.733979e+01  2.955858e-12
9.733979e+01  2.955858e-12
9.733979e+01  2.955858e-12
9.733979e+01  2.955858e-12
9.733979e+01  2.955858e-12
9.733979e+01  2.955858e-12
9.733979e+01  2.955858e-12
9.733979e+01  2.955858e-12
9.733979e+01  2.955858e-12
9.733979e+01  2.955858e-12
9.733979e+01  2.955858e-12
9.733979e+01  2.955858e-12
9.733979e+01  2.955858e-12
9.733979e+01  2.955858e-12
9.733942e+01  1.294632e-02
9.720901e+01  2.068354e-01
9.688188e+01  1.023182e-12
9.688188e+01  1.023182e-12
9.688188e+01  1.023182e-12
9.688188e+01  1.023182e-12
9.688188e+01  1.023182e-12
9.688188e+01  1.023182e-12
9.688188e+01  1.023182e-12
9.688188e+01  1.023182e-12
9.688188e+01  1.023182e-12
9.688188e+01  1.023182e-12
9.688188e+01  1.023182e-12
9.688188e+01  1.023182e-12
9.688188e+01  1.023182e-12
9.688188e+01  1.023182e-12
9.688188e+01  1.023182e-12
9.688188e+01  1.023182e-12
9.688188e+01  1.023182e-12
9.688188e+01  1.023182e-12
9.688188e+01  1.023182e-12
9.688188e+01  1.023182e-12
9.688188e+01  1.023182e-12
9.688188e+01  1.023182e-12
9.688188e+01  1.023182e-12
9.688188e+01  1.023182e-12
9.688188e+01  1.023182e-12
9.688188e+01  1.023182e-12
9.688188e+01  1.023182e-12
9.688188e+01  1.023182e-12
9.688188e+01  1.023182e-12
9.688188e+01  1.023182e-12
9.688188e+01  1.023182e-12
9.688188e+01  1.023182e-12
9.688188e+01  1.023182e-12
9.688188e+01  1.023182e-12
9.688188e+01  1.023182e-12
9.688188e+01  1.023182e-12
9.688188e+01  1.023182e-12
9.688188e+01  1.023182e-12
9.688188e+01  1.023182e-12
9.688188e+01  1.023182e-12
9.688188e+01  1.023182e-12
9.688188e+01  1.023182e-12
9.688188e+01  1.023182e-12
9.688188e+01  1.023182e-12
9.688188e+01  1.023182e-12
9.688188e+01  1.023182e-12
9.688188e+01  1.023182e-12
9.688188e+01  1.023182e-12
9.688188e+01  1.023182e-12
9.688188e+01  1.023182e-12
9.688188e+01  1.023182e-12
9.688188e+01  1.023182e-12
9.688188e+01  1.023182e-12
9.688188e+01  1.023182e-12
9.688188e+01  1.023182e-12
9.688188e+01  1.023182e-12
9.688188e+01  1.023182e-12
9.688188e+01  1.023182e-12
9.688188e+01  1.023182e-12
9.688188e+01  1.023182e-12
9.688188e+01  1.023182e-12
9.688188e+01  1.023182e-12
9.688188e+01  1.023182e-12
9.688188e+01  1.023182e-12
9.688188e+01  1.023182e-12
9.688188e+01  1.023182e-12
9.688188e+01  1.023182e-12
9.688188e+01  1.023182e-12
9.688188e+01  1.023182e-12
9.688188e+01  1.023182e-12
9.688188e+01  1.023182e-12
9.688188e+01  1.023182e-12
9.688188e+01  1.023182e-12
9.688188e+01  1.023182e-12
9.688188e+01  1.023182e-12
9.688188e+01  1.023182e-12
9.688188e+01  1.023182e-12
9.688188e+01  1.023182e-12
9.688188e+01  1.023182e-12
9.688188e+01  1.023182e-12
9.688188e+01  1.023182e-12
9.688188e+01  1.023182e-12
9.688188e+01  1.023182e-12
9.688188e+01  1.023182e-12
9.688188e+01  1.023182e-12
9.688188e+01  1.023182e-12
9.688188e+01  1.023182e-12
9.688188e+01  1.023182e-12
9.688169e+01  6.750623e-03
9.681083e+01  1.091645e-01
9.664312e+01  1.250555e-12
9.664312e+01  1.250555e-12
9.664312e+01  1.250555e-12
9.664312e+01  1.250555e-12
9.664312e+01  1.250555e-12
9.664312e+01  1.250555e-12
9.664312e+01  1.250555e-12
9.664312e+01  1.250555e-12
9.664312e+01  1.250555e-12
9.664312e+01  1.250555e-12
9.664312e+01  1.250555e-12
9.664312e+01  1.250555e-12
9.664312e+01  1.250555e-12
9.664312e+01  1.250555e-12
9.664312e+01  1.250555e-12
9.664312e+01  1.250555e-12
9.664312e+01  1.250555e-12
9.664312e+01  1.250555e-12
9.664312e+01  1.250555e-12
9.664312e+01  1.250555e-12
9.664312e+01  1.250555e-12
9.664312e+01  1.250555e-12
9.664312e+01  1.250555e-12
9.664312e+01  1.250555e-12
9.664312e+01  1.250555e-12
9.664312e+01  1.250555e-12
9.664312e+01  1.250555e-12
9.664312e+01  1.250555e-12
9.664312e+01  1.250555e-12
9.664312e+01  1.250555e-12
9.664312e+01  1.250555e-12
9.664312e+01  1.250555e-12
9.664312e+01  1.250555e-12
9.664312e+01  1.250555e-12
9.664312e+01  1.250555e-12
9.664312e+01  1.250555e-12
9.664312e+01  1.250555e-12
9.664312e+01  1.250555e-12
9.664312e+01  1.250555e-12
9.664312e+01  1.250555e-12
9.664312e+01  1.250555e-12
9.664312e+01  1.250555e-12
9.664312e+01  1.250555e-12
9.664312e+01  1.250555e-12
9.664312e+01  1.250555e-12
9.664312e+01  1.250555e-12
9.664312e+01  1.250555e-12
9.664312e+01  1.250555e-12
9.664312e+01  1.250555e-12
9.664312e+01  1.250555e-12
9.664312e+01  1.250555e-12
9.664312e+01  1.250555e-12
9.664312e+01  1.250555e-12
9.664312e+01  1.250555e-12
9.664312e+01  1.250555e-12
9.664312e+01  1.250555e-12
9.664312e+01  1.250555e-12
9.664312e+01  1.250555e-12
9.664312e+01  1.250555e-12
9.664312e+01  1.250555e-12
9.664312e+01  1.250555e-12
9.664312e+01  1.250555e-12
9.664312e+01  1.250555e-12
9.664312e+01  1.250555e-12
9.664312e+01  1.250555e-12
9.664312e+01  1.250555e-12
9.664312e+01  1.250555e-12
9.664312e+01  1.250555e-12
9.664312e+01  1.250555e-12
9.664312e+01  1.250555e-12
9.664312e+01  1.250555e-12
9.664312e+01  1.250555e-12
9.664312e+01  1.250555e-12
9.664312e+01  1.250555e-12
9.664312e+01  1.250555e-12
9.664312e+01  1.250555e-12
9.664312e+01  1.250555e-12
9.664312e+01  1.250555e-12
9.664312e+01  1.250555e-12
9.664312e+01  1.250555e-12
9.664312e+01  1.250555e-12
9.664312e+01  1.250555e-12
9.664312e+01  1.250555e-12
9.664312e+01  1.250555e-12
9.664312e+01  1.250555e-12
9.664312e+01  1.250555e-12
9.664312e+01  1.250555e-12
9.664312e+01  1.250555e-12
9.664312e+01  1.250555e-12
9.664312e+01  1.250555e-12
9.664312e+01  1.250555e-12
9.664312e+01  1.250555e-12
9.664312e+01  1.250555e-12
9.664312e+01  1.250555e-12
9.664312e+01  1.250555e-12
9.664312e+01  1.250555e-12
9.664312e+01  1.250555e-12
9.664312e+01  1.250555e-12
9.664312e+01  1.250555e-12
9.664312e+01  1.250555e-12
9.664312e+01  1.250555e-12
9.664312e+01  1.250555e-12
9.664312e+01  1.250555e-12
9.664312e+01  1.250555e-12
9.664312e+01  1.250555e-12
9.664312e+01  1.250555e-12
9.664312e+01  1.250555e-12
9.664312e+01  1.250555e-12
9.664312e+01  1.250555e-12
9.664312e+01  1.250555e-12
9.664312e+01  1.250555e-12
9.664312e+01  1.250555e-12
9.664312e+01  1.250555e-12
9.664312e+01  1.250555e-12
9.664312e+01  1.250555e-12
9.664312e+01  1.250555e-12
9.664312e+01  1.250555e-12
9.664312e+01  1.250555e-12
9.664312e+01  1.250555e-12
9.664312e+01  1.250555e-12
9.664312e+01  1.250555e-12
9.664312e+01  1.250555e-12
9.664312e+01  1.250555e-12
9.664312e+01  1.250555e-12
9.664312e+01  1.250555e-12
9.664312e+01  1.250555e-12
9.664019e+01  1.035183e-01
9.588586e+01  1.478633e+00
9.355154e+01  1.304764e+00
9.298173e+01  1.804779e-12
9.298173e+01  1.804779e-12
9.298173e+01  1.804779e-12
9.298173e+01  1.804779e-12
9.298173e+01  1.804779e-12
9.298173e+01  1.804779e-12
9.298173e+01  1.804779e-12
9.298173e+01  1.804779e-12
9.298173e+01  1.804779e-12
9.298173e+01  1.804779e-12
9.298173e+01  1.804779e-12
9.298173e+01  1.804779e-12
9.298173e+01  1.804779e-12
9.298173e+01  1.804779e-12
9.298173e+01  1.804779e-12
9.298173e+01  1.804779e-12
9.298173e+01  1.804779e-12
9.298173e+01  1.804779e-12
9.298163e+01  3.454633e-03
9.294683e+01  5.519256e-02
9.285954e+01  1.719513e-12
9.285954e+01  1.719513e-12
9.285954e+01  1.719513e-12
9.285954e+01  1.719513e-12
9.285954e+01  1.719513e-12
9.285954e+01  1.719513e-12
9.285954e+01  1.719513e-12
9.285954e+01  1.719513e-12
9.285954e+01  1.719513e-12
9.285954e+01  1.719513e-12
9.285954e+01  1.719513e-12
9.285954e+01  1.719513e-12
9.285954e+01  1.719513e-12
9.285954e+01  1.719513e-12
9.285954e+01  1.719513e-12
9.285954e+01  1.719513e-12
9.285954e+01  1.719513e-12
9.285954e+01  1.719513e-12
9.285954e+01  1.719513e-12
9.285954e+01  1.719513e-12
9.285954e+01  1.719513e-12
9.285954e+01  1.719513e-12
9.285954e+01  1.719513e-12
9.285954e+01  1.719513e-12
9.285954e+01  1.719513e-12
9.285954e+01  1.719513e-12
9.285954e+01  1.719513e-12
9.285954e+01  1.719513e-12
9.285954e+01  1.719513e-12
9.285954e+01  1.719513e-12
9.285954e+01  1.719513e-12
9.285954e+01  1.719513e-12
9.285954e+01  1.719513e-12
9.285954e+01  1.719513e-12
9.285954e+01  1.719513e-12
9.285954e+01  1.719513e-12
9.285954e+01  1.719513e-12
9.285954e+01  1.719513e-12
9.285954e+01  1.719513e-12
9.285954e+01  1.719513e-12
9.285954e+01  1.719513e-12
9.285954e+01  1.719513e-12
9.285954e+01  1.719513e-12
9.285954e+01  1.719513e-12
9.285954e+01  1.719513e-12
9.285954e+01  1.719513e-12
9.285954e+01  1.719513e-12
9.285954e+01  1.719513e-12
9.285954e+01  1.719513e-12
9.285954e+01  1.719513e-12
9.285954e+01  1.719513e-12
9.285954e+01  1.719513e-12
9.285954e+01  1.719513e-12
9.285954e+01  1.719513e-12
9.285954e+01  1.719513e-12
9.285954e+01  1.719513e-12
9.285954e+01  1.719513e-12
9.285954e+01  1.719513e-12
9.285954e+01  1.719513e-12
9.285954e+01  1.719513e-12
9.285954e+01  1.719513e-12
9.285954e+01  1.719513e-12
9.285954e+01  1.719513e-12
9.285954e+01  1.719513e-12
9.285954e+01  1.719513e-12
9.285954e+01  1.719513e-12
9.285954e+01  1.719513e-12
9.285954e+01  1.719513e-12
9.285954e+01  1.719513e-12
9.285954e+01  1.719513e-12
9.285954e+01  1.719513e-12
9.285954e+01  1.719513e-12
9.285954e+01  1.719513e-12
9.285954e+01  1.719513e-12
9.285954e+01  1.719513e-12
9.285954e+01  1.719513e-12
9.285954e+01  1.719513e-12
9.285953e+01  2.764079e-04
9.285668e+01  4.448729e-03
9.284976e+01  6.394885e-13
9.284976e+01  6.394885e-13
9.284976e+01  6.394885e-13
9.284976e+01  6.394885e-13
9.284976e+01  6.394885e-13
9.284976e+01  6.394885e-13
9.284976e+01  6.394885e-13
9.284976e+01  6.394885e-13
9.284976e+01  6.394885e-13
9.284976e+01  6.394885e-13
9.284976e+01  6.394885e-13
9.284976e+01  6.394885e-13
9.284976e+01  6.394885e-13
9.284976e+01  6.394885e-13
9.284976e+01  6.394885e-13
9.284976e+01  6.394885e-13
9.284976e+01  6.394885e-13
9.284976e+01  6.394885e-13
9.284976e+01  6.394885e-13
9.284976e+01  6.394885e-13
9.284976e+01  6.394885e-13
9.284976e+01  6.394885e-13
9.284976e+01  6.394885e-13
9.284976e+01  6.394885e-13
9.284976e+01  6.394885e-13
9.284976e+01  6.394885e-13
9.284976e+01  6.394885e-13
9.284976e+01  6.394885e-13
9.284976e+01  6.394885e-13
9.284976e+01  6.394885e-13
9.284976e+01  6.394885e-13
9.284976e+01  6.394885e-13
9.284976e+01  6.394885e-13
9.284976e+01  6.394885e-13
9.284976e+01  6.394885e-13
9.284976e+01  6.394885e-13
9.284976e+01  6.394885e-13
9.284976e+01  6.394885e-13
9.284976e+01  6.394885e-13
9.284976e+01  6.394885e-13
9.284976e+01  6.394885e-13
9.284976e+01  6.394885e-13
9.284976e+01  6.394885e-13
9.284976e+01  6.394885e-13
9.284976e+01  6.394885e-13
9.284976e+01  6.394885e-13
9.284976e+01  6.394885e-13
9.284976e+01  6.394885e-13
9.284976e+01  6.394885e-13
9.284976e+01  6.394885e-13
9.284976e+01  6.394885e-13
9.284976e+01  6.394885e-13
9.284976e+01  6.394885e-13
9.284976e+01  6.394885e-13
9.284976e+01  6.394885e-13
9.284976e+01  6.394885e-13
9.284976e+01  6.394885e-13
9.284976e+01  6.394885e-13
9.284976e+01  6.394885e-13
9.284976e+01  6.394885e-13
9.284976e+01  6.394885e-13
9.284976e+01  6.394885e-13
9.284976e+01  6.394885e-13
9.284976e+01  6.394885e-13
9.284976e+01  6.394885e-13
9.284976e+01  6.394885e-13
9.284976e+01  6.394885e-13
9.284976e+01  6.394885e-13
9.284976e+01  6.394885e-13
9.284976e+01  6.394885e-13
9.284976e+01  6.394885e-13
9.284976e+01  6.394885e-13
9.284976e+01  6.394885e-13
9.284976e+01  6.394885e-13
9.284976e+01  6.394885e-13
9.284976e+01  6.394885e-13
9.284976e+01  6.394885e-13
9.284976e+01  6.394885e-13
9.284976e+01  6.394885e-13
9.284976e+01  6.394885e-13
9.284976e+01  6.394885e-13
9.284976e+01  6.394885e-13
9.284976e+01  6.394885e-13
9.284976e+01  6.394885e-13
9.284976e+01  6.394885e-13
9.284976e+01  6.394885e-13
9.284976e+01  6.394885e-13
9.284976e+01  6.394885e-13
9.284976e+01  6.394885e-13
9.284976e+01  6.394885e-13
9.284976e+01  6.394885e-13
9.284976e+01  6.394885e-13
9.284976e+01  6.394885e-13
9.284976e+01  6.394885e-13
9.284976e+01  6.394885e-13
9.284976e+01  6.394885e-13
9.284976e+01  6.394885e-13
9.284976e+01  6.394885e-13
9.284976e+01  6.394885e-13
9.284976e+01  6.394885e-13
9.284976e+01  6.394885e-13
9.284976e+01  6.394885e-13
9.284976e+01  6.394885e-13
9.284976e+01  6.394885e-13
9.284976e+01  6.394885e-13
9.284976e+01  6.394885e-13
9.284976e+01  6.394885e-13
9.284976e+01  6.394885e-13
9.284976e+01  6.394885e-13
9.284976e+01  6.394885e-13
9.284976e+01  6.394885e-13
9.284976e+01  6.394885e-13
9.284976e+01  6.394885e-13
9.284976e+01  6.394885e-13
9.284976e+01  6.394885e-13
9.284976e+01  6.394885e-13
9.284976e+01  6.394885e-13
9.284976e+01  6.394885e-13
9.284976e+01  6.394885e-13
9.284976e+01  6.394885e-13
9.284976e+01  6.394885e-13
9.284976e+01  6.394885e-13
9.284976e+01  6.394885e-13
9.284976e+01  6.394885e-13
9.284976e+01  6.394885e-13
9.284976e+01  6.394885e-13
9.284976e+01  6.394885e-13
9.284976e+01  6.394885e-13
9.284976e+01  6.394885e-13
9.284976e+01  6.394885e-13
9.284976e+01  6.394885e-13
9.284976e+01  6.394885e-13
9.284976e+01  6.394885e-13
9.284976e+01  6.394885e-13
9.284976e+01  6.394885e-13
9.284976e+01  6.394885e-13
9.284976e+01  6.394885e-13
9.284976e+01  6.394885e-13
9.284976e+01  6.394885e-13
9.284976e+01  6.394885e-13
9.284976e+01  6.394885e-13
9.284976e+01  6.394885e-13
9.284976e+01  6.394885e-13
9.284976e+01  6.394885e-13
9.284976e+01  6.394885e-13
9.284976e+01  6.394885e-13
9.284976e+01  6.394885e-13
9.284976e+01  6.394885e-13
9.284976e+01  6.394885e-13
9.284976e+01  6.394885e-13
9.284976e+01  6.394885e-13
9.284976e+01  6.394885e-13
9.284976e+01  6.394885e-13
9.284976e+01  6.394885e-13
9.284976e+01  6.394885e-13
9.284976e+01  6.394885e-13
9.284976e+01  6.394885e-13
9.284976e+01  6.394885e-13
9.284976e+01  6.394885e-13
9.284976e+01  6.394885e-13
9.284976e+01  6.394885e-13
9.284976e+01  6.394885e-13
9.284976e+01  6.394885e-13
9.284976e+01  6.394885e-13
9.284976e+01  6.394885e-13
9.284976e+01  6.394885e-13
9.284976e+01  6.394885e-13
9.284976e+01  6.394885e-13
9.284976e+01  6.394885e-13
9.284976e+01  6.394885e-13
9.284976e+01  6.394885e-13
9.284976e+01  6.394885e-13
9.284976e+01  6.394885e-13
9.284976e+01  6.394885e-13
9.284976e+01  6.394885e-13
9.284976e+01  6.394885e-13
9.284976e+01  6.394885e-13
9.284976e+01  6.394885e-13
9.284976e+01  6.394885e-13
9.284976e+01  6.394885e-13
9.284976e+01  6.394885e-13
9.284976e+01  6.394885e-13
9.284976e+01  6.394885e-13
9.284976e+01  6.394885e-13
9.284976e+01  6.394885e-13
9.284976e+01  6.394885e-13
9.284976e+01  6.394885e-13
9.284976e+01  6.394885e-13
9.284976e+01  6.394885e-13
9.284976e+01  6.394885e-13
9.284976e+01  6.394885e-13
9.284976e+01  6.394885e-13
9.284976e+01  6.394885e-13
9.284976e+01  6.394885e-13
9.284976e+01  6.394885e-13
9.284976e+01  6.394885e-13
9.284976e+01  6.394885e-13
9.284976e+01  6.394885e-13
9.284976e+01  6.394885e-13
9.284976e+01  6.394885e-13
9.284976e+01  6.394885e-13
9.284976e+01  6.394885e-13
9.284976e+01  6.394885e-13
9.284976e+01  6.394885e-13
9.284976e+01  6.394885e-13
9.284976e+01  6.394885e-13
9.284976e+01  6.394885e-13
9.284976e+01  6.394885e-13
9.284976e+01  6.394885e-13
9.284976e+01  6.394885e-13
9.284976e+01  6.394885e-13
9.284976e+01  6.394885e-13
9.284976e+01  6.394885e-13
9.284976e+01  6.394885e-13
9.284976e+01  6.394885e-13
9.284976e+01  6.394885e-13
9.284976e+01  6.394885e-13
9.284976e+01  6.394885e-13
9.284976e+01  6.394885e-13
9.284976e+01  6.394885e-13
9.284976e+01  6.394885e-13
9.284976e+01  6.394885e-13
9.284976e+01  6.394885e-13
9.284976e+01  6.394885e-13
9.284976e+01  6.394885e-13
9.284976e+01  6.394885e-13
9.284976e+01  6.394885e-13
9.284976e+01  6.394885e-13
9.284976e+01  6.394885e-13
9.284976e+01  6.394885e-13
9.284976e+01  6.394885e-13
9.284976e+01  6.394885e-13
9.284976e+01  6.394885e-13
9.284976e+01  6.394885e-13
9.284976e+01  6.394885e-13
9.284976e+01  6.394885e-13
9.284976e+01  6.394885e-13
9.284976e+01  6.394885e-13
9.284976e+01  6.394885e-13
9.284976e+01  6.394885e-13
9.284976e+01  6.394885e-13
9.284976e+01  6.394885e-13
9.284976e+01  6.394885e-13
9.284976e+01  6.394885e-13
9.284976e+01  6.394885e-13
9.284976e+01  6.394885e-13
9.284976e+01  6.394885e-13
9.284976e+01  6.394885e-13
9.284976e+01  6.394885e-13
9.284976e+01  6.394885e-13
9.284976e+01  6.394885e-13
9.284976e+01  6.394885e-13
9.284976e+01  6.394885e-13
9.284976e+01  6.394885e-13
9.284976e+01  6.394885e-13
9.284976e+01  6.394885e-13
9.284976e+01  6.394885e-13
9.284976e+01  6.394885e-13
9.284976e+01  6.394885e-13
9.284976e+01  6.394885e-13
9.284976e+01  6.394885e-13
9.284976e+01  6.394885e-13
9.284976e+01  6.394885e-13
9.284976e+01  6.394885e-13
9.284976e+01  6.394885e-13
9.284976e+01  6.394885e-13
9.284976e+01  6.394885e-13
9.284976e+01  6.394885e-13
9.284976e+01  6.394885e-13
9.284976e+01  6.394885e-13
9.284976e+01  6.394885e-13
9.284976e+01  6.394885e-13
9.284976e+01  6.394885e-13
9.284976e+01  6.394885e-13
9.284976e+01  6.394885e-13
9.284976e+01  6.394885e-13
9.284976e+01  6.394885e-13
9.284976e+01  6.394885e-13
9.284976e+01  6.394885e-13
9.284976e+01  6.394885e-13
9.284976e+01  6.394885e-13
9.284976e+01  6.394885e-13
9.284976e+01  6.394885e-13
9.284976e+01  6.394885e-13
9.284976e+01  6.394885e-13
9.284976e+01  6.394885e-13
9.284976e+01  6.394885e-13
9.284976e+01  6.394885e-13
9.284976e+01  6.394885e-13
9.284976e+01  6.394885e-13
9.284976e+01  6.394885e-13
9.284976e+01  6.394885e-13
9.284976e+01  6.394885e-13
9.284976e+01  6.394885e-13
9.284976e+01  6.394885e-13
9.284976e+01  6.394885e-13
9.284976e+01  6.394885e-13
9.284976e+01  6.394885e-13
9.284976e+01  6.394885e-13
9.284976e+01  6.394885e-13
9.284976e+01  6.394885e-13
9.284976e+01  6.394885e-13
9.284976e+01  6.394885e-13
9.284976e+01  6.394885e-13
9.284976e+01  6.394885e-13
9.284976e+01  6.394885e-13
9.284976e+01  6.394885e-13
9.284976e+01  6.394885e-13
9.284976e+01  6.394885e-13
9.284976e+01  6.394885e-13
9.284976e+01  6.394885e-13
9.284976e+01  6.394885e-13
9.284976e+01  6.394885e-13
9.284976e+01  6.394885e-13
9.284976e+01  6.394885e-13
9.284976e+01  6.394885e-13
9.284976e+01  6.394885e-13
9.284976e+01  6.394885e-13
9.284976e+01  6.394885e-13
9.284976e+01  6.394885e-13
9.284976e+01  6.394885e-13
9.284976e+01  6.394885e-13
9.284976e+01  6.394885e-13
9.284976e+01  6.394885e-13
9.284976e+01  6.394885e-13
9.284976e+01  6.394885e-13
9.284976e+01  6.394885e-13
9.284976e+01  6.394885e-13
9.284976e+01  6.394885e-13
9.284976e+01  6.394885e-13
9.284976e+01  6.394885e-13
9.284976e+01  6.394885e-13
9.284976e+01  6.394885e-13
9.284976e+01  6.394885e-13
9.284976e+01  6.394885e-13
9.284976e+01  6.394885e-13
9.284976e+01  6.394885e-13
9.284976e+01  6.394885e-13
9.284976e+01  6.394885e-13
9.284976e+01  6.394885e-13
9.284976e+01  6.394885e-13
9.284976e+01  6.394885e-13
9.284976e+01  6.394885e-13
9.284976e+01  6.394885e-13
9.284976e+01  6.394885e-13
9.284976e+01  6.394885e-13
9.284976e+01  6.394885e-13
9.284976e+01  6.394885e-13
9.284976e+01  6.394885e-13
9.284976e+01  6.394885e-13
9.284976e+01  6.394885e-13
9.284976e+01  6.394885e-13
9.284976e+01  6.394885e-13
9.284976e+01  6.394885e-13
9.284976e+01  6.394885e-13
9.284976e+01  6.394885e-13
9.284976e+01  6.394885e-13
9.284976e+01  6.394885e-13
9.284976e+01  6.394885e-13
9.284976e+01  6.394885e-13
9.284976e+01  6.394885e-13
9.284976e+01  6.394885e-13
9.284976e+01  6.394885e-13
9.284976e+01  6.394885e-13
9.284976e+01  6.394885e-13
9.284976e+01  6.394885e-13
9.284976e+01  6.394885e-13
9.284976e+01  6.394885e-13
9.284976e+01  6.394885e-13
9.284976e+01  6.394885e-13
9.284976e+01  6.394885e-13
9.284976e+01  6.394885e-13
9.284976e+01  6.394885e-13
9.284976e+01  6.394885e-13
9.284976e+01  6.394885e-13
9.284976e+01  6.394885e-13
9.284976e+01  6.394885e-13
9.284976e+01  6.394885e-13
9.284976e+01  6.394885e-13
9.284976e+01  6.394885e-13
9.284976e+01  6.394885e-13
9.284976e+01  6.394885e-13
9.284976e+01  6.394885e-13
9.284976e+01  6.394885e-13
9.284976e+01  6.394885e-13
9.284976e+01  6.394885e-13
9.284976e+01  6.394885e-13
9.284976e+01  6.394885e-13
9.284976e+01  6.394885e-13
9.284976e+01  6.394885e-13
9.284976e+01  6.394885e-13
9.284976e+01  6.394885e-13
9.284976e+01  6.394885e-13
9.284976e+01  6.394885e-13
9.284976e+01  6.394885e-13
9.284976e+01  6.394885e-13
9.284976e+01  6.394885e-13
9.284976e+01  6.394885e-13
9.284976e+01  6.394885e-13
9.284976e+01  6.394885e-13
9.284976e+01  6.394885e-13
9.284976e+01  6.394885e-13
9.284976e+01  6.394885e-13
9.284976e+01  6.394885e-13
9.284976e+01  6.394885e-13
9.284976e+01  6.394885e-13
9.284976e+01  6.394885e-13
9.284976e+01  6.394885e-13
9.284976e+01  6.394885e-13
9.284976e+01  6.394885e-13
9.284976e+01  6.394885e-13
9.284976e+01  6.394885e-13
9.284976e+01  6.394885e-13
9.284976e+01  6.394885e-13
9.284976e+01  6.394885e-13
9.284976e+01  6.394885e-13
9.284976e+01  6.394885e-13
9.284976e+01  6.394885e-13
9.284976e+01  6.394885e-13
9.284976e+01  6.394885e-13
9.284976e+01  6.394885e-13
9.284976e+01  6.394885e-13
9.284976e+01  6.394885e-13
9.284976e+01  6.394885e-13
9.284976e+01  6.394885e-13
9.284976e+01  6.394885e-13
9.284976e+01  6.394885e-13
9.284976e+01  6.394885e-13
9.284976e+01  6.394885e-13
9.284976e+01  6.394885e-13
9.284976e+01  6.394885e-13
9.284976e+01  6.394885e-13
9.284976e+01  6.394885e-13
9.284976e+01  6.394885e-13
9.284976e+01  6.394885e-13
9.284976e+01  6.394885e-13
9.284976e+01  6.394885e-13
9.284976e+01  6.394885e-13
9.284976e+01  6.394885e-13
9.284976e+01  6.394885e-13
9.284976e+01  6.394885e-13
9.284976e+01  6.394885e-13
9.284976e+01  6.394885e-13
9.284976e+01  6.394885e-13
9.284976e+01  6.394885e-13
9.284976e+01  6.394885e-13
9.284976e+01  6.394885e-13
9.284976e+01  6.394885e-13
9.284976e+01  6.394885e-13
9.284976e+01  6.394885e-13
9.284976e+01  6.394885e-13
9.284976e+01  6.394885e-13
9.284976e+01  6.394885e-13
9.284976e+01  6.394885e-13
9.284976e+01  6.394885e-13
9.284976e+01  6.394885e-13
9.284976e+01  6.394885e-13
9.284976e+01  6.394885e-13
9.284976e+01  6.394885e-13
9.284976e+01  6.394885e-13
9.284976e+01  6.394885e-13
9.284976e+01  6.394885e-13
9.284976e+01  6.394885e-13
9.284976e+01  6.394885e-13
9.284976e+01  6.394885e-13
9.284976e+01  6.394885e-13
9.284976e+01  6.394885e-13
9.284976e+01  6.394885e-13
9.284976e+01  6.394885e-13
9.284976e+01  6.394885e-13
9.284976e+01  6.394885e-13
9.284976e+01  6.394885e-13
9.284976e+01  6.394885e-13
9.284976e+01  6.394885e-13
9.284976e+01  6.394885e-13
9.284976e+01  6.394885e-13
9.284976e+01  6.394885e-13
9.284976e+01  6.394885e-13
9.284976e+01  6.394885e-13
9.284976e+01  6.394885e-13
9.284976e+01  6.394885e-13
9.284976e+01  6.394885e-13
9.284976e+01  6.394885e-13
9.284976e+01  6.394885e-13
9.284976e+01  6.394885e-13
9.284976e+01  6.394885e-13
9.284976e+01  6.394885e-13
9.284976e+01  6.394885e-13
9.284976e+01  6.394885e-13
9.284976e+01  6.394885e-13
9.284976e+01  6.394885e-13
9.284976e+01  6.394885e-13
9.284976e+01  6.394885e-13
9.284976e+01  6.394885e-13
9.284976e+01  6.394885e-13
9.284976e+01  6.394885e-13
9.284976e+01  6.394885e-13
