5.654551e+02
5.485266e+02
5.357931e+02
5.224329e+02
5.040212e+02
4.934107e+02
4.768239e+02
4.572920e+02
4.532154e+02
4.382824e+02
4.265562e+02
4.208862e+02
4.152651e+02
4.132222e+02
4.018002e+02
3.970035e+02
3.911157e+02
3.807657e+02
3.772940e+02
3.632102e+02
3.552697e+02
3.527604e+02
3.498348e+02
3.475546e+02
3.429052e+02
3.393249e+02
3.345355e+02
3.303793e+02
3.267881e+02
3.219167e+02
3.171867e+02
3.138126e+02
3.117926e+02
3.088330e+02
3.069103e+02
3.048904e+02
3.043511e+02
2.965886e+02
2.947963e+02
2.903359e+02
2.855686e+02
2.839801e+02
2.799975e+02
2.771197e+02
2.765974e+02
2.733150e+02
2.724697e+02
2.716285e+02
2.682395e+02
2.644917e+02
2.605531e+02
2.556356e+02
2.531114e+02
2.511181e+02
2.496016e+02
2.490994e+02
2.451599e+02
2.443265e+02
2.429598e+02
2.419683e+02
2.408150e+02
2.398235e+02
2.389459e+02
2.376204e+02
2.370828e+02
2.363998e+02
2.356054e+02
2.349521e+02
2.346954e+02
2.328251e+02
2.325749e+02
2.294504e+02
2.268253e+02
2.239880e+02
2.222932e+02
2.215090e+02
2.194331e+02
2.168042e+02
2.136512e+02
2.132306e+02
2.129628e+02
2.128259e+02
2.118606e+02
2.106542e+02
2.104398e+02
2.087870e+02
2.085214e+02
2.084467e+02
2.081812e+02
2.062731e+02
2.057576e+02
2.054004e+02
2.040687e+02
2.032360e+02
2.003829e+02
1.926119e+02
1.923721e+02
1.923721e+02
1.916278e+02
1.881888e+02
1.875680e+02
1.858682e+02
1.858682e+02
1.858682e+02
1.842632e+02
1.826611e+02
1.807759e+02
1.807484e+02
1.807484e+02
1.798592e+02
1.798592e+02
1.798592e+02
1.797734e+02
1.797734e+02
1.797734e+02
1.795490e+02
1.788814e+02
1.787554e+02
1.781230e+02
1.781230e+02
1.775321e+02
1.767696e+02
1.767696e+02
1.767696e+02
1.767696e+02
1.767696e+02
1.767696e+02
1.763681e+02
1.763681e+02
1.763681e+02
1.763681e+02
1.758577e+02
1.757569e+02
1.757569e+02
1.756518e+02
1.727205e+02
1.726153e+02
1.726153e+02
1.726153e+02
1.726153e+02
1.726153e+02
1.722955e+02
1.720453e+02
1.720453e+02
1.720453e+02
1.720453e+02
1.720453e+02
1.715298e+02
1.713548e+02
1.713548e+02
1.705308e+02
1.703557e+02
1.703557e+02
1.700923e+02
1.699210e+02
1.697487e+02
1.697392e+02
1.691212e+02
1.682500e+02
1.682500e+02
1.680925e+02
1.680925e+02
1.680053e+02
1.680053e+02
1.680053e+02
1.680053e+02
1.679015e+02
1.679015e+02
1.679015e+02
1.679015e+02
1.679015e+02
1.679015e+02
1.673967e+02
1.673967e+02
1.673967e+02
1.673967e+02
1.673967e+02
1.667596e+02
1.667596e+02
1.667596e+02
1.665790e+02
1.665790e+02
1.665790e+02
1.665790e+02
1.665790e+02
1.663711e+02
1.657085e+02
1.657085e+02
1.656517e+02
1.654438e+02
1.654438e+02
1.654438e+02
1.637808e+02
1.635729e+02
1.635729e+02
1.634658e+02
1.633158e+02
1.626598e+02
1.625099e+02
1.622719e+02
1.622719e+02
1.546702e+02
1.542517e+02
1.542517e+02
1.542517e+02
1.534487e+02
1.534487e+02
1.534487e+02
1.534487e+02
1.534487e+02
1.534487e+02
1.529890e+02
1.506613e+02
1.506613e+02
1.506613e+02
1.506613e+02
1.506613e+02
1.503969e+02
1.501435e+02
1.498002e+02
1.495468e+02
1.495468e+02
1.495468e+02
1.490873e+02
1.487730e+02
1.484983e+02
1.481841e+02
1.481841e+02
1.481841e+02
1.481841e+02
1.481841e+02
1.481841e+02
1.481841e+02
1.481841e+02
1.481841e+02
1.481841e+02
1.481841e+02
1.479681e+02
1.479681e+02
1.479681e+02
1.479681e+02
1.479681e+02
1.479681e+02
1.479681e+02
1.479356e+02
1.479356e+02
1.479356e+02
1.479356e+02
1.479356e+02
1.479356e+02
1.479356e+02
1.473164e+02
1.464609e+02
1.464609e+02
1.464609e+02
1.464609e+02
1.463545e+02
1.463545e+02
1.463545e+02
1.463545e+02
1.462980e+02
1.462980e+02
1.462980e+02
1.458081e+02
1.458081e+02
1.458081e+02
1.454362e+02
1.454362e+02
1.454362e+02
1.454362e+02
1.454362e+02
1.454362e+02
1.454362e+02
1.451906e+02
1.451906e+02
1.451906e+02
1.451906e+02
1.451906e+02
1.451906e+02
1.451906e+02
1.451906e+02
1.451906e+02
1.446351e+02
1.446351e+02
1.446351e+02
1.446351e+02
1.446351e+02
1.444158e+02
1.444158e+02
1.443285e+02
1.443285e+02
1.443285e+02
1.443285e+02
1.436286e+02
1.429059e+02
1.429059e+02
1.429059e+02
1.429059e+02
1.429059e+02
1.429059e+02
1.429059e+02
1.429059e+02
1.429059e+02
1.429059e+02
1.428370e+02
1.428370e+02
1.428370e+02
1.428370e+02
1.428370e+02
1.428370e+02
1.428370e+02
1.427591e+02
1.427591e+02
1.424338e+02
1.423821e+02
1.420568e+02
1.420568e+02
1.418989e+02
1.418989e+02
1.418989e+02
1.418989e+02
1.418989e+02
1.418989e+02
1.418989e+02
1.418989e+02
1.416678e+02
1.416678e+02
1.415142e+02
1.412961e+02
1.412961e+02
1.412961e+02
1.407313e+02
1.405132e+02
1.405132e+02
1.405132e+02
1.403651e+02
1.391798e+02
1.387990e+02
1.387990e+02
1.380143e+02
1.378695e+02
1.378695e+02
1.378695e+02
1.378695e+02
1.378695e+02
1.378695e+02
1.378695e+02
1.376168e+02
1.376168e+02
1.376168e+02
1.376168e+02
1.376168e+02
1.376168e+02
1.376168e+02
1.376168e+02
1.376168e+02
1.376168e+02
1.376168e+02
1.373636e+02
1.373636e+02
1.373636e+02
1.373636e+02
1.371690e+02
1.371690e+02
1.371690e+02
1.371690e+02
1.371690e+02
1.371690e+02
1.371227e+02
1.371227e+02
1.371227e+02
1.371227e+02
1.371227e+02
1.367479e+02
1.367479e+02
1.367479e+02
1.367479e+02
1.367479e+02
1.367479e+02
1.364714e+02
1.364714e+02
1.364714e+02
1.364714e+02
1.364714e+02
1.364714e+02
1.364714e+02
1.364714e+02
1.364488e+02
1.364488e+02
1.364488e+02
1.364488e+02
1.364488e+02
1.364488e+02
1.364488e+02
1.364488e+02
1.364488e+02
1.364488e+02
1.364488e+02
1.362715e+02
1.362715e+02
1.362715e+02
1.269509e+02
1.269509e+02
1.269509e+02
1.269509e+02
1.269509e+02
1.269509e+02
1.269509e+02
1.269509e+02
1.269509e+02
1.269509e+02
1.269509e+02
1.269509e+02
1.269509e+02
1.269509e+02
1.269509e+02
1.269509e+02
1.269509e+02
1.269509e+02
1.269509e+02
1.269509e+02
1.269509e+02
1.269509e+02
1.269509e+02
1.269509e+02
1.269509e+02
1.269509e+02
1.269509e+02
1.269509e+02
1.269509e+02
1.269509e+02
1.269509e+02
1.269509e+02
1.269509e+02
1.269509e+02
1.269509e+02
1.269509e+02
1.269509e+02
1.269509e+02
1.269509e+02
1.269509e+02
1.269509e+02
1.269509e+02
1.269509e+02
1.269509e+02
1.269509e+02
1.269509e+02
1.269509e+02
1.263820e+02
1.263820e+02
1.263820e+02
1.263820e+02
1.263820e+02
1.263820e+02
1.263820e+02
1.263820e+02
1.260214e+02
1.260214e+02
1.260214e+02
1.260214e+02
1.260214e+02
1.260214e+02
1.260214e+02
1.259387e+02
1.257961e+02
1.257961e+02
1.257961e+02
1.257961e+02
1.257961e+02
1.257961e+02
1.257961e+02
1.257961e+02
1.257961e+02
1.257961e+02
1.257961e+02
1.257961e+02
1.257961e+02
1.257961e+02
1.257961e+02
1.256779e+02
1.255834e+02
1.255834e+02
1.255834e+02
1.255834e+02
1.255834e+02
1.255834e+02
1.255834e+02
1.255834e+02
1.255834e+02
1.255834e+02
1.255834e+02
1.255834e+02
1.253819e+02
1.253819e+02
1.253819e+02
1.253819e+02
1.253819e+02
1.253819e+02
1.253819e+02
1.253819e+02
1.253819e+02
1.201034e+02
1.201034e+02
1.201034e+02
1.201034e+02
1.201034e+02
1.201034e+02
1.201034e+02
1.201034e+02
1.201034e+02
1.201034e+02
1.201034e+02
1.201034e+02
1.201034e+02
1.201034e+02
1.201034e+02
1.201034e+02
1.201034e+02
1.201034e+02
1.201034e+02
1.201034e+02
1.201034e+02
1.201034e+02
1.201034e+02
1.201034e+02
1.201034e+02
1.201034e+02
1.201034e+02
1.201034e+02
1.201034e+02
1.201034e+02
1.201034e+02
1.201034e+02
1.201034e+02
1.201034e+02
1.201034e+02
1.201034e+02
1.201034e+02
1.201034e+02
1.201034e+02
1.201034e+02
1.201034e+02
1.201034e+02
1.201034e+02
1.201034e+02
1.201034e+02
1.201034e+02
1.201034e+02
1.201034e+02
1.201034e+02
1.199689e+02
1.199689e+02
1.199689e+02
1.195969e+02
1.195969e+02
1.195969e+02
1.195969e+02
1.195969e+02
1.195969e+02
1.195969e+02
1.195969e+02
1.195969e+02
1.195969e+02
1.195969e+02
1.195969e+02
1.195969e+02
1.195969e+02
1.195969e+02
1.195969e+02
1.195969e+02
1.195969e+02
1.195969e+02
1.195969e+02
1.195969e+02
1.188557e+02
1.188557e+02
1.186030e+02
1.186030e+02
1.186030e+02
1.186030e+02
1.186030e+02
1.186030e+02
1.186030e+02
1.186030e+02
1.186030e+02
1.186030e+02
1.186030e+02
1.186030e+02
1.186030e+02
1.186030e+02
1.186030e+02
1.186030e+02
1.186030e+02
1.186030e+02
1.186030e+02
1.186030e+02
1.186030e+02
1.186030e+02
1.186030e+02
1.186030e+02
1.186030e+02
1.186030e+02
1.186030e+02
1.186030e+02
1.186030e+02
1.186030e+02
1.186030e+02
1.186030e+02
1.186030e+02
1.186030e+02
1.185942e+02
1.184290e+02
1.184290e+02
1.184290e+02
1.184290e+02
1.184290e+02
1.184290e+02
1.184290e+02
1.184290e+02
1.184290e+02
1.184290e+02
1.184290e+02
1.184290e+02
1.182456e+02
1.182456e+02
1.182456e+02
1.182456e+02
1.182456e+02
1.182456e+02
1.182456e+02
1.182456e+02
1.182456e+02
1.182456e+02
1.182456e+02
1.182456e+02
1.182456e+02
1.181546e+02
1.181546e+02
1.181546e+02
1.181546e+02
1.181546e+02
1.181546e+02
1.181546e+02
1.181453e+02
1.181453e+02
1.181453e+02
1.181453e+02
1.181453e+02
1.181453e+02
1.181453e+02
1.181453e+02
1.181453e+02
1.181453e+02
1.181453e+02
1.181453e+02
1.181453e+02
1.181453e+02
1.181453e+02
1.181453e+02
1.181453e+02
1.181453e+02
1.181453e+02
1.181453e+02
1.181453e+02
1.181453e+02
1.181453e+02
1.181453e+02
1.181453e+02
1.181453e+02
1.181453e+02
1.181453e+02
1.181453e+02
1.181453e+02
1.181453e+02
1.181453e+02
1.181453e+02
1.181453e+02
1.181453e+02
1.181453e+02
1.181453e+02
1.181453e+02
1.181453e+02
1.181453e+02
1.181453e+02
1.181453e+02
1.181453e+02
1.181453e+02
1.181453e+02
1.181453e+02
1.181453e+02
1.181453e+02
1.181453e+02
1.181453e+02
1.181453e+02
1.181453e+02
1.181453e+02
1.181453e+02
1.181453e+02
1.181453e+02
1.181453e+02
1.181453e+02
1.155774e+02
1.151250e+02
1.151145e+02
1.151145e+02
1.151145e+02
1.151145e+02
1.151145e+02
1.151145e+02
1.151145e+02
1.151145e+02
1.150396e+02
1.150396e+02
1.146490e+02
1.146490e+02
1.146490e+02
1.146490e+02
1.146490e+02
1.146490e+02
1.146490e+02
1.146490e+02
1.146490e+02
1.146490e+02
1.146490e+02
1.146490e+02
1.146490e+02
1.146490e+02
1.146490e+02
1.146490e+02
1.146490e+02
1.146490e+02
1.146490e+02
1.146490e+02
1.146490e+02
1.146490e+02
1.146490e+02
1.146490e+02
1.146490e+02
1.146490e+02
1.146490e+02
1.146490e+02
1.146490e+02
1.146490e+02
1.146490e+02
1.146490e+02
1.146490e+02
1.146490e+02
1.146490e+02
1.146490e+02
1.146490e+02
1.146490e+02
1.146490e+02
1.146490e+02
1.146490e+02
1.141948e+02
1.141948e+02
1.140567e+02
1.140567e+02
1.140567e+02
1.138239e+02
1.138239e+02
1.138239e+02
1.138239e+02
1.138239e+02
1.133822e+02
1.133822e+02
1.126692e+02
1.126692e+02
1.126692e+02
1.121553e+02
1.121553e+02
1.121553e+02
1.121553e+02
1.121553e+02
1.121553e+02
1.121553e+02
1.121553e+02
1.121553e+02
1.121553e+02
1.121553e+02
1.121553e+02
1.121553e+02
1.121553e+02
1.121553e+02
1.121553e+02
1.121553e+02
1.117748e+02
1.117748e+02
1.117748e+02
1.117748e+02
1.117748e+02
1.117748e+02
1.117748e+02
1.117748e+02
1.114935e+02
1.114025e+02
1.114025e+02
1.114025e+02
1.114025e+02
1.114025e+02
1.114025e+02
1.114025e+02
1.114025e+02
1.114025e+02
1.114025e+02
1.114025e+02
1.114025e+02
1.114025e+02
1.114025e+02
1.114025e+02
1.114025e+02
1.114025e+02
1.114025e+02
1.114025e+02
1.114025e+02
1.114025e+02
1.110031e+02
1.110031e+02
1.110031e+02
1.110031e+02
1.110031e+02
1.110031e+02
1.110031e+02
1.110031e+02
1.110031e+02
1.110031e+02
1.110031e+02
1.110031e+02
1.110031e+02
1.110031e+02
1.110031e+02
1.110031e+02
1.110031e+02
1.110031e+02
1.110031e+02
1.110031e+02
1.110031e+02
1.110031e+02
1.110031e+02
1.110031e+02
1.110031e+02
1.110031e+02
1.110031e+02
1.110031e+02
1.110031e+02
1.110031e+02
1.110031e+02
1.110031e+02
1.110031e+02
1.110031e+02
1.110031e+02
1.110031e+02
1.110031e+02
1.110031e+02
1.110031e+02
1.110031e+02
1.110031e+02
1.107504e+02
1.107504e+02
1.107504e+02
1.107504e+02
1.107504e+02
1.107504e+02
1.107504e+02
1.107504e+02
1.107504e+02
1.107504e+02
1.107504e+02
1.107504e+02
1.107504e+02
1.104999e+02
1.098405e+02
1.098405e+02
1.098405e+02
1.098405e+02
1.098405e+02
1.098405e+02
1.098405e+02
1.098405e+02
1.098405e+02
1.098405e+02
1.098405e+02
1.098405e+02
1.098405e+02
1.098405e+02
1.095334e+02
1.091567e+02
1.091567e+02
1.091567e+02
1.091567e+02
1.091567e+02
1.091567e+02
1.091567e+02
1.091567e+02
1.091567e+02
1.091567e+02
1.091567e+02
1.091567e+02
1.091567e+02
1.091567e+02
1.091567e+02
1.091567e+02
1.091567e+02
1.091567e+02
1.091567e+02
1.091567e+02
1.091567e+02
1.090469e+02
1.090469e+02
1.090469e+02
1.080992e+02
1.080992e+02
1.080992e+02
1.080992e+02
1.080992e+02
1.080992e+02
1.080992e+02
1.080992e+02
1.080992e+02
1.080992e+02
1.080992e+02
1.080992e+02
1.080992e+02
1.080992e+02
1.080992e+02
1.080992e+02
1.080992e+02
1.080992e+02
1.080992e+02
1.080992e+02
1.080992e+02
1.080992e+02
1.080992e+02
1.080992e+02
1.080992e+02
1.080992e+02
1.080992e+02
1.080992e+02
1.080992e+02
1.080992e+02
1.080992e+02
1.080992e+02
1.080992e+02
1.080992e+02
1.080992e+02
1.080992e+02
1.080992e+02
1.080992e+02
1.080046e+02
1.080046e+02
1.080046e+02
1.080046e+02
1.080046e+02
1.080046e+02
1.080046e+02
1.080046e+02
1.080046e+02
1.080046e+02
1.080046e+02
1.080046e+02
1.080046e+02
1.079164e+02
1.079164e+02
1.079164e+02
1.079164e+02
1.079164e+02
1.079164e+02
1.079164e+02
1.079164e+02
1.079164e+02
1.079164e+02
1.079164e+02
1.079164e+02
1.079164e+02
1.079164e+02
1.079164e+02
1.079164e+02
1.079164e+02
1.079164e+02
1.079164e+02
1.079164e+02
1.079164e+02
1.079164e+02
1.079164e+02
1.079164e+02
1.079164e+02
1.079164e+02
1.077418e+02
1.076362e+02
1.076362e+02
1.076362e+02
1.076362e+02
1.076362e+02
1.076362e+02
1.076362e+02
1.076362e+02
1.076362e+02
1.076362e+02
1.075007e+02
1.075007e+02
