6.494487e+02  1.846441e+01
6.027953e+02  1.522252e+01
5.747408e+02  9.709547e+00
5.459465e+02  1.296414e+01
5.167125e+02  1.110002e+01
4.936830e+02  8.397585e+00
4.785294e+02  5.612964e+00
4.657248e+02  5.436530e+00
4.539790e+02  4.427754e+00
4.462491e+02  3.166526e+00
4.393500e+02  3.213177e+00
4.317411e+02  3.586930e+00
4.255796e+02  2.990693e+00
4.176139e+02  6.074041e+00
4.060750e+02  5.171905e+00
4.004804e+02  2.895773e+00
3.956000e+02  3.241090e+00
3.893706e+02  2.282315e+00
3.856312e+02  2.492622e+00
3.799310e+02  4.006594e+00
3.717984e+02  3.037833e+00
3.650614e+02  3.877937e+00
3.569602e+02  2.955777e+00
3.511752e+02  3.106462e+00
3.451170e+02  2.620732e+00
3.410607e+02  1.490759e+00
3.375838e+02  2.140494e+00
3.331065e+02  1.775975e+00
3.301425e+02  1.569510e+00
3.261374e+02  3.244265e+00
3.202328e+02  2.925546e+00
3.157040e+02  1.952409e+00
3.109770e+02  2.306465e+00
3.063654e+02  2.514405e+00
3.012395e+02  2.602738e+00
2.973524e+02  2.122758e+00
2.944623e+02  1.839854e+00
2.911944e+02  1.741793e+00
2.885129e+02  1.120285e+00
2.863487e+02  1.876368e+00
2.832751e+02  1.299650e+00
2.821298e+02  6.226446e-01
2.813410e+02  9.331441e-01
2.790383e+02  1.292676e+00
2.758269e+02  1.742132e+00
2.726396e+02  1.822888e+00
2.692025e+02  8.989040e-01
2.675369e+02  8.311599e-01
2.656120e+02  7.593912e-01
2.645972e+02  8.026820e-01
2.626694e+02  9.417264e-01
2.608312e+02  1.599335e+00
2.558365e+02  2.327005e+00
2.524039e+02  2.014406e+00
2.490749e+02  2.265722e+00
2.476020e+02  1.825573e+00
2.459986e+02  1.554142e+00
2.448625e+02  1.876862e+00
2.431048e+02  8.726544e-01
2.421945e+02  7.010380e-01
2.411755e+02  6.033317e-01
2.399650e+02  8.139787e-01
2.386044e+02  1.060857e+00
2.361929e+02  1.716230e+00
2.327924e+02  1.162584e+00
2.311213e+02  4.504621e-01
2.303572e+02  6.205721e-01
2.292194e+02  9.249907e-01
2.279891e+02  1.235568e+00
2.258723e+02  1.455135e+00
2.239682e+02  3.196819e-01
2.224120e+02  1.703439e+00
2.194908e+02  6.423624e-01
2.185032e+02  6.445385e-01
2.169706e+02  7.935838e-01
2.158908e+02  4.881137e-01
2.146956e+02  8.330415e-01
2.135727e+02  1.995628e-01
2.119403e+02  2.150336e+00
2.078403e+02  1.083685e+00
2.064546e+02  3.629789e-01
2.059185e+02  1.106828e-01
2.054616e+02  5.426131e-01
2.037911e+02  8.965241e-01
2.023620e+02  6.463991e-01
2.008951e+02  7.674151e-01
1.999008e+02  4.230703e-02
1.996276e+02  4.198707e-01
1.984858e+02  4.217208e-01
1.978721e+02  2.834840e-01
1.974602e+02  4.840082e-02
1.972504e+02  3.480686e-01
1.966618e+02  4.062402e-01
1.960165e+02  4.289557e-01
1.953909e+02  4.913081e-01
1.946444e+02  3.762107e-01
1.941628e+02  3.481803e-01
1.934029e+02  6.344986e-01
1.921826e+02  7.032420e-01
1.914881e+02  7.188713e-02
1.909463e+02  7.521373e-01
1.899009e+02  5.273724e-02
1.896153e+02  4.996598e-01
1.889625e+02  4.661524e-01
1.887139e+02  2.864478e-03
1.887122e+02  1.578947e-02
1.886218e+02  1.546319e-01
1.883595e+02  1.538376e-03
1.883394e+02  7.518197e-02
1.880488e+02  2.425817e-01
1.875615e+02  5.588585e-01
1.858762e+02  1.114861e+00
1.845398e+02  1.948467e-01
1.841312e+02  1.746694e-01
1.839369e+02  2.737797e-01
1.835616e+02  3.084100e-01
1.833619e+02  1.903007e-02
1.832611e+02  1.846658e-01
1.828173e+02  3.326355e-01
1.821992e+02  1.755881e-01
1.820207e+02  2.245315e-12
1.820207e+02  2.245315e-12
1.820207e+02  2.245315e-12
1.820183e+02  4.721127e-02
1.816757e+02  4.843252e-01
1.810432e+02  3.380503e-01
1.808077e+02  6.829286e-02
1.806992e+02  2.188472e-12
1.806964e+02  5.472260e-02
1.803607e+02  5.346596e-01
1.795027e+02  1.269205e-01
1.794831e+02  2.151430e-02
1.793093e+02  2.318226e-01
1.788880e+02  2.003887e-01
1.783919e+02  2.175344e-01
1.782512e+02  3.543734e-02
1.779546e+02  3.835050e-01
1.774595e+02  2.246500e-03
1.774330e+02  1.037110e-01
1.768224e+02  5.961384e-01
1.760847e+02  4.983736e-02
1.757616e+02  4.509242e-01
1.751885e+02  2.503635e-01
1.750853e+02  2.201314e-02
1.750395e+02  2.722083e-02
1.750030e+02  1.167975e-02
1.749434e+02  1.100177e-01
1.747793e+02  9.151335e-02
1.747202e+02  3.060815e-02
1.746774e+02  3.979039e-13
1.746770e+02  7.840533e-03
1.746148e+02  8.976557e-02
1.743714e+02  2.383375e-01
1.740101e+02  9.866947e-02
1.739586e+02  3.576063e-01
1.735356e+02  2.538340e-01
1.733704e+02  3.296698e-02
1.732698e+02  2.070636e-01
1.729689e+02  2.249590e-01
1.725666e+02  4.423701e-01
1.718730e+02  3.901895e-03
1.718518e+02  1.449950e-01
1.710707e+02  1.362694e+00
1.677420e+02  2.062918e+00
1.652304e+02  8.213888e-02
1.646527e+02  6.751760e-01
1.635943e+02  2.837240e-01
1.629825e+02  4.256607e-01
1.623255e+02  5.825702e-02
1.621445e+02  2.480320e-01
1.617891e+02  6.536993e-13
1.617881e+02  2.276867e-02
1.616210e+02  2.441328e-01
1.610720e+02  2.200905e-01
1.608383e+02  7.105427e-13
1.608381e+02  4.216989e-03
1.608103e+02  6.601725e-02
1.604822e+02  3.562321e-01
1.598854e+02  2.464578e-01
1.595113e+02  1.440226e-02
1.594107e+02  1.496158e-01
1.591883e+02  2.807232e-02
1.589591e+02  3.539740e-01
1.573701e+02  1.058280e+00
1.562000e+02  9.315395e-02
1.560596e+02  1.687275e-02
1.559189e+02  1.846480e-01
1.555149e+02  2.483188e-01
1.551458e+02  1.136868e-13
1.551458e+02  1.136868e-13
1.551458e+02  1.136868e-13
1.551458e+02  1.136868e-13
1.551458e+02  1.136868e-13
1.551458e+02  1.136868e-13
1.551458e+02  1.136868e-13
1.551458e+02  1.136868e-13
1.551458e+02  1.136868e-13
1.551449e+02  2.124826e-02
1.550622e+02  1.808729e-01
1.547800e+02  2.000030e-01
1.546702e+02  2.842171e-13
1.546702e+02  2.842171e-13
1.546702e+02  2.842171e-13
1.546697e+02  1.098337e-02
1.545812e+02  1.324703e-01
1.542463e+02  1.566820e-01
1.540174e+02  1.096221e-01
1.538323e+02  8.774885e-02
1.536846e+02  8.514765e-02
1.534816e+02  1.147386e-01
1.533784e+02  5.072752e-02
1.529628e+02  5.457125e-01
1.522453e+02  5.968559e-13
1.522453e+02  5.968559e-13
1.522453e+02  5.968559e-13
1.522453e+02  5.968559e-13
1.522446e+02  1.562370e-02
1.521318e+02  1.639505e-01
1.518349e+02  8.342511e-02
1.517202e+02  1.165290e-12
1.517202e+02  1.165290e-12
1.517202e+02  1.165290e-12
1.517187e+02  2.347414e-02
1.515774e+02  1.808781e-01
1.513433e+02  7.587521e-02
1.508918e+02  6.742976e-01
1.498511e+02  2.409511e-01
1.496802e+02  1.599265e-01
1.492945e+02  3.110550e-01
1.487086e+02  1.493825e-01
1.485931e+02  4.263256e-13
1.485931e+02  4.263256e-13
1.485931e+02  4.263256e-13
1.485931e+02  4.263256e-13
1.485931e+02  4.263256e-13
1.485931e+02  4.263256e-13
1.485931e+02  4.263256e-13
1.485919e+02  2.725711e-02
1.484223e+02  2.739333e-01
1.479854e+02  3.850874e-02
1.479830e+02  0.000000e+00
1.479830e+02  0.000000e+00
1.479829e+02  2.620114e-03
1.479659e+02  2.666539e-02
1.479249e+02  5.835223e-03
1.479242e+02  3.901895e-03
1.478995e+02  3.938320e-02
1.478401e+02  1.626991e-02
1.478357e+02  1.868371e-02
1.476976e+02  1.795038e-01
1.471956e+02  3.726436e-01
1.466558e+02  5.900713e-03
1.466109e+02  6.265420e-02
1.465240e+02  2.557954e-13
1.465240e+02  2.557954e-13
1.465240e+02  2.557954e-13
1.465240e+02  2.557954e-13
1.465239e+02  2.789295e-03
1.465054e+02  2.855557e-02
1.464628e+02  8.740620e-03
1.464605e+02  1.638058e-02
1.463603e+02  1.265805e-01
1.462020e+02  1.421085e-13
1.462009e+02  2.527077e-02
1.460075e+02  2.687011e-01
1.456355e+02  2.039858e-02
1.455244e+02  1.976080e-01
1.451196e+02  2.199632e-01
1.448365e+02  5.791238e-02
1.447589e+02  9.663381e-13
1.447589e+02  9.663381e-13
1.447589e+02  9.663381e-13
1.447587e+02  4.753345e-03
1.447204e+02  5.113093e-02
1.446525e+02  7.105427e-13
1.446525e+02  7.105427e-13
1.446522e+02  6.988839e-03
1.446125e+02  6.827021e-02
1.445183e+02  5.460251e-02
1.444961e+02  6.536993e-13
1.444961e+02  6.536993e-13
1.444961e+02  6.536993e-13
1.444961e+02  6.536993e-13
1.444958e+02  6.967893e-03
1.444434e+02  7.377489e-02
1.443401e+02  6.536993e-13
1.443401e+02  6.536993e-13
1.443384e+02  3.910695e-02
1.440337e+02  4.174746e-01
1.434643e+02  1.151694e-02
1.433872e+02  1.180984e-01
1.432068e+02  2.899356e-03
1.431887e+02  2.299618e-02
1.431394e+02  3.675207e-02
1.430836e+02  2.439725e-02
1.430754e+02  2.842171e-14
1.430754e+02  2.842171e-14
1.430754e+02  2.842171e-14
1.430754e+02  1.811655e-03
1.430613e+02  1.931562e-02
1.430349e+02  1.250555e-12
1.430114e+02  5.237832e-01
1.409630e+02  4.383122e+00
1.346113e+02  5.062483e+00
1.312558e+02  7.932376e-02
1.311418e+02  1.449507e-12
1.311418e+02  1.449507e-12
1.311418e+02  1.449507e-12
1.311418e+02  1.449507e-12
1.311418e+02  1.449507e-12
1.311418e+02  1.449507e-12
1.311418e+02  1.449507e-12
1.311418e+02  1.449507e-12
1.311418e+02  1.449507e-12
1.311418e+02  1.449507e-12
1.311418e+02  1.449507e-12
1.311407e+02  2.437426e-02
1.309454e+02  2.618740e-01
1.305962e+02  1.421085e-12
1.305930e+02  6.245230e-02
1.301406e+02  6.373978e-01
1.292183e+02  1.076897e-02
1.291393e+02  1.133413e-01
1.289778e+02  1.051603e-12
1.289778e+02  1.051603e-12
1.289778e+02  1.051603e-12
1.289778e+02  1.051603e-12
1.289778e+02  1.051603e-12
1.289778e+02  1.051603e-12
1.289778e+02  1.051603e-12
1.289776e+02  2.519783e-03
1.289595e+02  2.639543e-02
1.289214e+02  8.526513e-13
1.289214e+02  8.526513e-13
1.289214e+02  8.526513e-13
1.289214e+02  8.526513e-13
1.289214e+02  8.526513e-13
1.289214e+02  8.526513e-13
1.289214e+02  8.526513e-13
1.289214e+02  8.526513e-13
1.289214e+02  8.526513e-13
1.289214e+02  8.526513e-13
1.289214e+02  8.526513e-13
1.289214e+02  8.526513e-13
1.289214e+02  8.526513e-13
1.289214e+02  8.526513e-13
1.289214e+02  8.526513e-13
1.289214e+02  8.526513e-13
1.289214e+02  8.526513e-13
1.289214e+02  8.526513e-13
1.289214e+02  8.526513e-13
1.289214e+02  8.526513e-13
1.289214e+02  8.526513e-13
1.289214e+02  8.526513e-13
1.289214e+02  8.526513e-13
1.289214e+02  8.526513e-13
1.289214e+02  8.526513e-13
1.289214e+02  8.526513e-13
1.289214e+02  8.526513e-13
1.289214e+02  8.526513e-13
1.289214e+02  8.526513e-13
1.289214e+02  8.526513e-13
1.289214e+02  8.526513e-13
1.289214e+02  8.526513e-13
1.289214e+02  8.526513e-13
1.289214e+02  8.526513e-13
1.289214e+02  8.526513e-13
1.289214e+02  8.526513e-13
1.289214e+02  8.526513e-13
1.289214e+02  8.526513e-13
1.289214e+02  8.526513e-13
1.289214e+02  8.526513e-13
1.289214e+02  8.526513e-13
1.289214e+02  8.526513e-13
1.289201e+02  2.843190e-02
1.287190e+02  2.963680e-01
1.282850e+02  0.000000e+00
1.282847e+02  6.656090e-03
1.282406e+02  6.814212e-02
1.281349e+02  1.343768e-02
1.280699e+02  8.445845e-02
1.279620e+02  1.051603e-12
1.279620e+02  1.051603e-12
1.279620e+02  1.051603e-12
1.279620e+02  1.051603e-12
1.279620e+02  1.051603e-12
1.279609e+02  2.364091e-02
1.277630e+02  2.563127e-01
1.274328e+02  1.193712e-12
1.274328e+02  1.193712e-12
1.274328e+02  1.193712e-12
1.274328e+02  1.193712e-12
1.274311e+02  2.668926e-02
1.272559e+02  2.267872e-01
1.269516e+02  9.886716e-03
1.269509e+02  6.536993e-13
1.269509e+02  6.536993e-13
1.269509e+02  6.536993e-13
1.269509e+02  6.536993e-13
1.269509e+02  6.536993e-13
1.269509e+02  6.536993e-13
1.269509e+02  6.536993e-13
1.269509e+02  6.536993e-13
1.269509e+02  6.536993e-13
1.269509e+02  6.536993e-13
1.269509e+02  6.536993e-13
1.269509e+02  6.536993e-13
1.269505e+02  9.002983e-03
1.268852e+02  9.445934e-02
1.267493e+02  1.961915e-03
1.267185e+02  6.527740e-02
1.265431e+02  7.966913e-02
1.265039e+02  9.947598e-14
1.265039e+02  9.947598e-14
1.265039e+02  9.947598e-14
1.265039e+02  9.947598e-14
1.265039e+02  9.947598e-14
1.265039e+02  9.947598e-14
1.265039e+02  9.947598e-14
1.265039e+02  9.947598e-14
1.265039e+02  9.947598e-14
1.265039e+02  9.947598e-14
1.265039e+02  9.947598e-14
1.265039e+02  9.947598e-14
1.265039e+02  9.947598e-14
1.265039e+02  9.947598e-14
1.265039e+02  9.947598e-14
1.265039e+02  9.947598e-14
1.265039e+02  9.947598e-14
1.265039e+02  9.954093e-14
1.265039e+02  1.114262e-13
1.265039e+02  1.278977e-13
1.265039e+02  1.278977e-13
1.265039e+02  1.278977e-13
1.265039e+02  1.278977e-13
1.265039e+02  1.278977e-13
1.265039e+02  1.278977e-13
1.265039e+02  1.278977e-13
1.265039e+02  1.278977e-13
1.265039e+02  1.278977e-13
1.265039e+02  1.278977e-13
1.265039e+02  1.278977e-13
1.265039e+02  1.278977e-13
1.265039e+02  1.278977e-13
1.265039e+02  1.278977e-13
1.265039e+02  1.278977e-13
1.265039e+02  1.278977e-13
1.265039e+02  1.278977e-13
1.265039e+02  1.278977e-13
1.265039e+02  1.278977e-13
1.265039e+02  1.278977e-13
1.265039e+02  1.278977e-13
1.265039e+02  1.278977e-13
1.265039e+02  1.278977e-13
1.265039e+02  1.278977e-13
1.265039e+02  1.278977e-13
1.265039e+02  1.278977e-13
1.265039e+02  1.278977e-13
1.265039e+02  1.278977e-13
1.265039e+02  1.278977e-13
1.265039e+02  1.278977e-13
1.265039e+02  1.278977e-13
1.265039e+02  1.278977e-13
1.265039e+02  1.278977e-13
1.265039e+02  1.278977e-13
1.265039e+02  1.278977e-13
1.265039e+02  1.278977e-13
1.265039e+02  1.278977e-13
1.265039e+02  1.278977e-13
1.265039e+02  1.278977e-13
1.265039e+02  1.278977e-13
1.265039e+02  1.278977e-13
1.265039e+02  1.278977e-13
1.265039e+02  1.278977e-13
1.265039e+02  1.278977e-13
1.265039e+02  1.278977e-13
1.265039e+02  1.278977e-13
1.265039e+02  1.278977e-13
1.265039e+02  1.278977e-13
1.265039e+02  1.278977e-13
1.265039e+02  1.278977e-13
1.265039e+02  1.278977e-13
1.265039e+02  1.278977e-13
1.265039e+02  1.278977e-13
1.265039e+02  1.278977e-13
1.265039e+02  1.278977e-13
1.265039e+02  1.278977e-13
1.265039e+02  1.278977e-13
1.265039e+02  1.278977e-13
1.265039e+02  1.278977e-13
1.265039e+02  1.278977e-13
1.265039e+02  1.278977e-13
1.265039e+02  1.278977e-13
1.265039e+02  1.278977e-13
1.265039e+02  1.278977e-13
1.265039e+02  1.278977e-13
1.265039e+02  1.278977e-13
1.265039e+02  1.278977e-13
1.265039e+02  1.278977e-13
1.265039e+02  1.278977e-13
1.265039e+02  1.278977e-13
1.265039e+02  1.278977e-13
1.265039e+02  1.278977e-13
1.265039e+02  1.278977e-13
1.265039e+02  1.278977e-13
1.265039e+02  1.278977e-13
1.265039e+02  1.278977e-13
1.265039e+02  1.278977e-13
1.265039e+02  1.278977e-13
1.265039e+02  1.278977e-13
1.265039e+02  1.278977e-13
1.265039e+02  1.278977e-13
1.265039e+02  1.278977e-13
1.265039e+02  1.278977e-13
1.265039e+02  1.278977e-13
1.265039e+02  1.278977e-13
1.265033e+02  1.311725e-02
1.264035e+02  1.392799e-01
1.262103e+02  1.705303e-12
1.262103e+02  1.705303e-12
1.262103e+02  1.705303e-12
1.262103e+02  1.705303e-12
1.262103e+02  1.705303e-12
1.262103e+02  1.705303e-12
1.262103e+02  1.705303e-12
1.262103e+02  1.705303e-12
1.262103e+02  1.705303e-12
1.262103e+02  1.705303e-12
1.262103e+02  1.705303e-12
1.262103e+02  1.705303e-12
1.262103e+02  1.705303e-12
1.262103e+02  1.705303e-12
1.262103e+02  1.705303e-12
1.262103e+02  1.705303e-12
1.262103e+02  1.705303e-12
1.262103e+02  1.705303e-12
1.262103e+02  1.705303e-12
1.262103e+02  1.705303e-12
1.262103e+02  1.705303e-12
1.262103e+02  1.705303e-12
1.262103e+02  1.705303e-12
1.262103e+02  1.705303e-12
1.262103e+02  1.705303e-12
1.262103e+02  1.705303e-12
1.262103e+02  1.705303e-12
1.262103e+02  1.705303e-12
1.262103e+02  1.705303e-12
1.262103e+02  1.705303e-12
1.262103e+02  1.705303e-12
1.262103e+02  1.705303e-12
1.262103e+02  1.705303e-12
1.262103e+02  1.705303e-12
1.262103e+02  1.705303e-12
1.262103e+02  1.705303e-12
1.262103e+02  1.705303e-12
1.262103e+02  1.705303e-12
1.262103e+02  1.705303e-12
1.262103e+02  1.705303e-12
1.262103e+02  1.705303e-12
1.262103e+02  1.705303e-12
1.262103e+02  1.705303e-12
1.262103e+02  1.705303e-12
1.262103e+02  1.705303e-12
1.262103e+02  1.705303e-12
1.262103e+02  1.705303e-12
1.262103e+02  1.705303e-12
1.262103e+02  1.705303e-12
1.262103e+02  1.705303e-12
1.262103e+02  1.705303e-12
1.262103e+02  1.705303e-12
1.262103e+02  1.705303e-12
1.262103e+02  1.705303e-12
1.262103e+02  1.705303e-12
1.262103e+02  1.705303e-12
1.262103e+02  1.705303e-12
1.262103e+02  1.705303e-12
1.262097e+02  1.413698e-02
1.260996e+02  1.509271e-01
1.258939e+02  5.684342e-13
1.258939e+02  5.684342e-13
1.258939e+02  5.684342e-13
1.258939e+02  5.684342e-13
1.258939e+02  5.684342e-13
1.258939e+02  5.684342e-13
1.258939e+02  5.684342e-13
1.258939e+02  5.684342e-13
1.258939e+02  5.684342e-13
1.258939e+02  5.684342e-13
1.258939e+02  5.684342e-13
1.258939e+02  5.684342e-13
1.258939e+02  5.684342e-13
1.258939e+02  5.684342e-13
1.258939e+02  5.684342e-13
1.258939e+02  5.684342e-13
1.258939e+02  5.684342e-13
1.258939e+02  5.684342e-13
1.258939e+02  5.684342e-13
1.258939e+02  5.684342e-13
1.258939e+02  5.684342e-13
1.258939e+02  5.684342e-13
1.258939e+02  5.684342e-13
1.258793e+02  3.259711e-01
1.245494e+02  2.774873e+00
1.198426e+02  2.602519e+00
1.185949e+02  6.050618e-02
1.181210e+02  6.498673e-01
1.170394e+02  2.171658e-01
1.168079e+02  1.018951e-12
1.168079e+02  1.037392e-12
1.168079e+02  1.037392e-12
1.168079e+02  1.037392e-12
1.168079e+02  1.037392e-12
1.168079e+02  1.037392e-12
1.168079e+02  1.037392e-12
1.168079e+02  1.037392e-12
1.168079e+02  1.037392e-12
1.168079e+02  1.037392e-12
1.168079e+02  1.037392e-12
1.168079e+02  1.037392e-12
1.168079e+02  1.037392e-12
1.168079e+02  1.037392e-12
1.168079e+02  1.037392e-12
1.168079e+02  1.037392e-12
1.168079e+02  1.037392e-12
1.168079e+02  1.037392e-12
1.168079e+02  1.037392e-12
1.168079e+02  1.037392e-12
1.168079e+02  1.037392e-12
1.168079e+02  1.037392e-12
1.168079e+02  1.037392e-12
1.168079e+02  1.037392e-12
1.168079e+02  1.037392e-12
1.168079e+02  1.037392e-12
1.168079e+02  1.037392e-12
1.168079e+02  1.037392e-12
1.168079e+02  1.037392e-12
1.168079e+02  1.037392e-12
1.168079e+02  1.037392e-12
1.168079e+02  1.037392e-12
1.168079e+02  1.037392e-12
1.168079e+02  1.037392e-12
1.168079e+02  1.037392e-12
1.168079e+02  1.037392e-12
1.168079e+02  1.037392e-12
1.168079e+02  1.037392e-12
1.168079e+02  1.037392e-12
1.168079e+02  1.037392e-12
1.168079e+02  1.037392e-12
1.168079e+02  1.037392e-12
1.168079e+02  1.037392e-12
1.168079e+02  1.037392e-12
1.168079e+02  1.037392e-12
1.168079e+02  1.037392e-12
1.168079e+02  1.037392e-12
1.168079e+02  1.037392e-12
1.168079e+02  1.037392e-12
1.168079e+02  1.037392e-12
1.168079e+02  1.037392e-12
1.168079e+02  1.037392e-12
1.168079e+02  1.037392e-12
1.168079e+02  1.037392e-12
1.168079e+02  1.037392e-12
1.168079e+02  1.037392e-12
1.168079e+02  1.037392e-12
1.168079e+02  1.037392e-12
1.168079e+02  1.037392e-12
1.168079e+02  1.037392e-12
1.168079e+02  1.037392e-12
1.168079e+02  1.037392e-12
1.168079e+02  1.037392e-12
1.168079e+02  1.037392e-12
1.168079e+02  1.037392e-12
1.168079e+02  1.037392e-12
1.168079e+02  1.037392e-12
1.168079e+02  1.037392e-12
1.168079e+02  1.037392e-12
1.168079e+02  1.037392e-12
1.168079e+02  1.037392e-12
1.168079e+02  1.037392e-12
1.168079e+02  1.037392e-12
1.168079e+02  1.037392e-12
1.168079e+02  1.037392e-12
1.168079e+02  1.037392e-12
1.168079e+02  1.037392e-12
1.168079e+02  1.037392e-12
1.168079e+02  1.037392e-12
1.168079e+02  1.037392e-12
1.168079e+02  1.037392e-12
1.168075e+02  8.517353e-03
1.167358e+02  9.243245e-02
1.166127e+02  6.085814e-02
1.161565e+02  4.819382e-01
1.155774e+02  1.278977e-12
1.155774e+02  1.278977e-12
1.155774e+02  1.278977e-12
1.155774e+02  1.278977e-12
1.155774e+02  1.278977e-12
1.155774e+02  1.278977e-12
1.155774e+02  1.278977e-12
1.155774e+02  1.278977e-12
1.155774e+02  1.278977e-12
1.155774e+02  1.278977e-12
1.155774e+02  1.278977e-12
1.155774e+02  1.278977e-12
1.155774e+02  1.278977e-12
1.155774e+02  1.278977e-12
1.155774e+02  1.278977e-12
1.155774e+02  1.278977e-12
1.155774e+02  1.278977e-12
1.155774e+02  1.278977e-12
1.155774e+02  1.278977e-12
1.155774e+02  1.278977e-12
1.155774e+02  1.278977e-12
1.155774e+02  1.278977e-12
1.155774e+02  1.278977e-12
1.155774e+02  1.278977e-12
1.155774e+02  1.278977e-12
1.155774e+02  1.278977e-12
1.155774e+02  1.278977e-12
1.155774e+02  1.278977e-12
1.155774e+02  1.278977e-12
1.155774e+02  1.278977e-12
1.155774e+02  1.278977e-12
1.155774e+02  1.278977e-12
1.155774e+02  1.278977e-12
1.155774e+02  1.278977e-12
1.155774e+02  1.278977e-12
1.155774e+02  1.278977e-12
1.155774e+02  1.278977e-12
1.155774e+02  1.278977e-12
1.155774e+02  1.278977e-12
1.155774e+02  1.278977e-12
1.155774e+02  1.278977e-12
1.155774e+02  1.278977e-12
1.155774e+02  1.278977e-12
1.155774e+02  1.278977e-12
1.155774e+02  1.278977e-12
1.155774e+02  1.278977e-12
1.155774e+02  1.278977e-12
1.155774e+02  1.278977e-12
1.155774e+02  1.278977e-12
1.155774e+02  1.278977e-12
1.155774e+02  1.278977e-12
1.155774e+02  1.278977e-12
1.155774e+02  1.278977e-12
1.155774e+02  1.278977e-12
1.155774e+02  1.278977e-12
1.155774e+02  1.278977e-12
1.155774e+02  1.278977e-12
1.155772e+02  4.066153e-03
1.155465e+02  4.311366e-02
1.154864e+02  1.108447e-12
1.154864e+02  1.108447e-12
1.154864e+02  1.108447e-12
1.154864e+02  1.108447e-12
1.154864e+02  1.108447e-12
1.154864e+02  1.108447e-12
1.154864e+02  1.108447e-12
1.154864e+02  1.108447e-12
1.154864e+02  1.108447e-12
1.154864e+02  1.108447e-12
1.154864e+02  1.108447e-12
1.154864e+02  1.108447e-12
1.154864e+02  1.108447e-12
1.154862e+02  3.344412e-03
1.154621e+02  3.503365e-02
1.154115e+02  1.563194e-13
1.154115e+02  1.563194e-13
1.154115e+02  1.563194e-13
1.154115e+02  1.563194e-13
1.154115e+02  1.563194e-13
1.154115e+02  1.563194e-13
1.154115e+02  1.563194e-13
1.154115e+02  1.563194e-13
1.154115e+02  1.563194e-13
1.154115e+02  1.563194e-13
1.154115e+02  1.563194e-13
1.154115e+02  1.563194e-13
1.154115e+02  1.563194e-13
1.154115e+02  1.563194e-13
1.154115e+02  1.563194e-13
1.154115e+02  1.563194e-13
1.154115e+02  1.563194e-13
1.154115e+02  1.563194e-13
1.154115e+02  1.563194e-13
1.154115e+02  1.563194e-13
1.154115e+02  1.563194e-13
1.154115e+02  1.563194e-13
1.154115e+02  1.563194e-13
1.154115e+02  1.563194e-13
1.154115e+02  1.563194e-13
1.154115e+02  1.563194e-13
1.154115e+02  1.563194e-13
1.154115e+02  1.563194e-13
1.154115e+02  1.563194e-13
1.154115e+02  1.563194e-13
1.154115e+02  1.563194e-13
1.154115e+02  1.563194e-13
1.154115e+02  1.563194e-13
1.154115e+02  1.563194e-13
1.154115e+02  1.563194e-13
1.154106e+02  2.112495e-02
1.152923e+02  2.428848e-01
1.147071e+02  4.528894e-01
1.142481e+02  5.200220e-03
1.142418e+02  7.958079e-13
1.142415e+02  6.064821e-03
1.142089e+02  5.814067e-02
1.141204e+02  4.178876e-02
1.141060e+02  1.563194e-13
1.141060e+02  1.563194e-13
1.141060e+02  1.563194e-13
1.141060e+02  1.563194e-13
1.141060e+02  1.563194e-13
1.141060e+02  1.563194e-13
1.141060e+02  1.563194e-13
1.141060e+02  1.563194e-13
1.141060e+02  1.563194e-13
1.141060e+02  1.563194e-13
1.141060e+02  1.563194e-13
1.141060e+02  1.563194e-13
1.141060e+02  1.563194e-13
1.141060e+02  1.563194e-13
1.141060e+02  1.563194e-13
1.141060e+02  1.563194e-13
1.141060e+02  1.563194e-13
1.141060e+02  1.563194e-13
1.141060e+02  1.563194e-13
1.141060e+02  1.563194e-13
1.141060e+02  1.563194e-13
1.141055e+02  1.259167e-02
1.140116e+02  1.334481e-01
1.137764e+02  6.486528e-02
1.136884e+02  1.151079e-12
1.136884e+02  1.151079e-12
1.136884e+02  1.151079e-12
1.136884e+02  1.151079e-12
1.136884e+02  1.151079e-12
1.136884e+02  1.151079e-12
1.136884e+02  1.151079e-12
1.136884e+02  1.151079e-12
1.136884e+02  1.151079e-12
1.136884e+02  1.151079e-12
1.136884e+02  1.151079e-12
1.136884e+02  1.151079e-12
1.136884e+02  1.151079e-12
1.136884e+02  1.151079e-12
1.136884e+02  1.151079e-12
1.136884e+02  1.151079e-12
1.136884e+02  1.151079e-12
1.136884e+02  1.151079e-12
1.136884e+02  1.151079e-12
1.136884e+02  1.151079e-12
1.136884e+02  1.151079e-12
1.136884e+02  1.151079e-12
1.136884e+02  1.151079e-12
1.136884e+02  1.151079e-12
1.136884e+02  1.151079e-12
1.136884e+02  1.151079e-12
1.136884e+02  1.151079e-12
1.136884e+02  1.151079e-12
1.136884e+02  1.151079e-12
1.136884e+02  1.151079e-12
1.136884e+02  1.151079e-12
1.136884e+02  1.151079e-12
1.136884e+02  1.151079e-12
1.136884e+02  1.151079e-12
1.136884e+02  1.151079e-12
1.136884e+02  1.151079e-12
1.136884e+02  1.151079e-12
1.136884e+02  1.151079e-12
1.136884e+02  1.151079e-12
1.136884e+02  1.151079e-12
1.136884e+02  1.151079e-12
1.136884e+02  1.151079e-12
1.136884e+02  1.151079e-12
1.136884e+02  1.151079e-12
1.136884e+02  1.151079e-12
1.136884e+02  1.151079e-12
1.136884e+02  1.151079e-12
1.136884e+02  1.151079e-12
1.136884e+02  1.151079e-12
1.136884e+02  1.151079e-12
1.136884e+02  1.151079e-12
1.136884e+02  1.151079e-12
1.136884e+02  1.151079e-12
1.136884e+02  1.151079e-12
1.136884e+02  1.151079e-12
1.136884e+02  1.151079e-12
1.136884e+02  1.151079e-12
1.136884e+02  1.151079e-12
1.136884e+02  1.151079e-12
1.136884e+02  1.151079e-12
1.136884e+02  1.151079e-12
1.136884e+02  1.151079e-12
1.136884e+02  1.151079e-12
1.136884e+02  1.151079e-12
1.136884e+02  1.151079e-12
1.136884e+02  1.151079e-12
1.136884e+02  1.151079e-12
1.136884e+02  1.151079e-12
1.136884e+02  1.151079e-12
1.136884e+02  1.151079e-12
1.136882e+02  3.593425e-03
1.136615e+02  3.848341e-02
1.136008e+02  4.959862e-03
1.135974e+02  1.421085e-14
1.135974e+02  1.421085e-14
1.135974e+02  1.421085e-14
1.135974e+02  1.421085e-14
1.135974e+02  1.421085e-14
1.135974e+02  1.421085e-14
1.135974e+02  1.421085e-14
1.135974e+02  1.421085e-14
1.135974e+02  1.421085e-14
1.135974e+02  1.421085e-14
1.135974e+02  1.421085e-14
1.135974e+02  1.421085e-14
1.135974e+02  1.421085e-14
1.135974e+02  1.421085e-14
1.135974e+02  1.421085e-14
1.135974e+02  1.421085e-14
1.135974e+02  1.421085e-14
1.135974e+02  1.421085e-14
1.135974e+02  1.421085e-14
1.135974e+02  1.421085e-14
1.135974e+02  1.421085e-14
1.135974e+02  1.421085e-14
1.135974e+02  1.421085e-14
1.135974e+02  1.421085e-14
1.135974e+02  1.421085e-14
1.135974e+02  1.421085e-14
1.135974e+02  1.421085e-14
1.135974e+02  1.421085e-14
1.135974e+02  1.421085e-14
1.135974e+02  1.421085e-14
1.135974e+02  1.421085e-14
1.135974e+02  1.421085e-14
1.135974e+02  1.421085e-14
1.135974e+02  1.421085e-14
1.135974e+02  1.421085e-14
1.135974e+02  1.421085e-14
1.135974e+02  1.421085e-14
1.135974e+02  1.421085e-14
1.135974e+02  1.421085e-14
1.135974e+02  1.421085e-14
1.135974e+02  1.421085e-14
1.135974e+02  1.421085e-14
1.135974e+02  1.421085e-14
1.135974e+02  1.421085e-14
1.135974e+02  1.421085e-14
1.135974e+02  1.421085e-14
1.135974e+02  1.421085e-14
1.135974e+02  1.421085e-14
1.135974e+02  1.421085e-14
1.135974e+02  1.421085e-14
1.135974e+02  1.421085e-14
1.135974e+02  1.421085e-14
1.135974e+02  1.421085e-14
1.135974e+02  1.421085e-14
1.135974e+02  1.421085e-14
1.135974e+02  1.421085e-14
1.135974e+02  1.421085e-14
1.135974e+02  1.421085e-14
1.135974e+02  1.421085e-14
1.135974e+02  1.421085e-14
1.135974e+02  1.421085e-14
1.135974e+02  1.421085e-14
1.135974e+02  1.421085e-14
1.135974e+02  1.421085e-14
1.135974e+02  1.421085e-14
1.135974e+02  1.421085e-14
1.135974e+02  1.421085e-14
1.135974e+02  1.421085e-14
1.135974e+02  1.421085e-14
1.135974e+02  1.421085e-14
1.135974e+02  1.421085e-14
1.135974e+02  1.421085e-14
1.135974e+02  1.421085e-14
1.135974e+02  1.421085e-14
1.135974e+02  1.421085e-14
1.135974e+02  1.421085e-14
1.135974e+02  1.421085e-14
1.135974e+02  1.421085e-14
1.135974e+02  1.421085e-14
1.135974e+02  1.421085e-14
1.135974e+02  1.421085e-14
1.135974e+02  1.421085e-14
1.135974e+02  1.421085e-14
1.135974e+02  1.421085e-14
1.135974e+02  1.421085e-14
1.135974e+02  1.421085e-14
1.135974e+02  1.421085e-14
1.135974e+02  1.421085e-14
1.135974e+02  1.421085e-14
1.135974e+02  1.421085e-14
1.135974e+02  1.421085e-14
1.135974e+02  1.421085e-14
1.135974e+02  1.421085e-14
1.135974e+02  1.421085e-14
