5.363676e+02
4.899098e+02
4.656574e+02
4.388071e+02
4.103512e+02
3.989630e+02
3.855097e+02
3.708276e+02
3.581362e+02
3.504538e+02
3.394680e+02
3.330416e+02
3.233469e+02
3.090092e+02
3.036250e+02
2.969607e+02
2.875950e+02
2.776765e+02
2.714139e+02
2.665026e+02
2.576322e+02
2.547343e+02
2.518463e+02
2.472332e+02
2.410999e+02
2.367914e+02
2.313207e+02
2.265218e+02
2.251727e+02
2.229781e+02
2.200180e+02
2.184089e+02
2.155647e+02
2.105240e+02
2.082672e+02
2.071488e+02
2.053860e+02
2.031018e+02
2.014750e+02
1.972750e+02
1.938965e+02
1.922376e+02
1.893567e+02
1.888134e+02
1.875378e+02
1.864720e+02
1.847878e+02
1.824964e+02
1.810541e+02
1.788816e+02
1.783213e+02
1.766490e+02
1.756719e+02
1.752846e+02
1.749921e+02
1.748340e+02
1.741388e+02
1.732797e+02
1.697818e+02
1.688638e+02
1.675884e+02
1.659797e+02
1.650518e+02
1.641096e+02
1.631373e+02
1.628955e+02
1.628230e+02
1.625483e+02
1.613061e+02
1.601698e+02
1.594377e+02
1.583361e+02
1.576040e+02
1.563682e+02
1.550704e+02
1.546048e+02
1.541929e+02
1.540612e+02
1.534722e+02
1.527736e+02
1.520020e+02
1.513273e+02
1.512677e+02
1.510973e+02
1.506838e+02
1.499341e+02
1.497537e+02
1.493941e+02
1.482244e+02
1.476601e+02
1.475781e+02
1.473977e+02
1.464183e+02
1.455255e+02
1.454835e+02
1.450440e+02
1.437101e+02
1.437101e+02
1.437101e+02
1.433701e+02
1.412769e+02
1.412769e+02
1.408440e+02
1.404384e+02
1.400832e+02
1.347237e+02
1.310041e+02
1.300670e+02
1.298031e+02
1.295504e+02
1.295033e+02
1.293556e+02
1.293084e+02
1.291618e+02
1.283426e+02
1.283426e+02
1.283426e+02
1.283426e+02
1.282947e+02
1.259330e+02
1.244134e+02
1.244134e+02
1.241244e+02
1.235867e+02
1.220403e+02
1.220403e+02
1.217818e+02
1.217818e+02
1.211960e+02
1.203645e+02
1.197869e+02
1.197869e+02
1.197869e+02
1.195830e+02
1.195830e+02
1.195830e+02
1.195648e+02
1.194342e+02
1.185755e+02
1.185573e+02
1.175802e+02
1.167780e+02
1.167780e+02
1.167704e+02
1.166889e+02
1.166889e+02
1.163703e+02
1.162888e+02
1.162888e+02
1.162888e+02
1.161352e+02
1.160674e+02
1.160582e+02
1.159598e+02
1.157546e+02
1.155114e+02
1.155114e+02
1.155114e+02
1.155114e+02
1.155114e+02
1.155114e+02
1.153429e+02
1.141193e+02
1.130178e+02
1.128553e+02
1.128077e+02
1.127655e+02
1.127655e+02
1.127655e+02
1.127655e+02
1.120893e+02
1.120632e+02
1.120632e+02
1.120632e+02
1.117402e+02
1.117402e+02
1.117402e+02
1.117402e+02
1.117402e+02
1.114956e+02
1.114151e+02
1.112558e+02
1.112558e+02
1.111210e+02
1.108293e+02
1.106700e+02
1.106700e+02
1.106700e+02
1.101614e+02
1.099204e+02
1.099204e+02
1.099204e+02
1.099204e+02
1.099204e+02
1.098835e+02
1.098835e+02
1.098835e+02
1.098835e+02
1.098835e+02
1.098835e+02
1.098835e+02
1.098835e+02
1.095670e+02
1.095670e+02
1.095670e+02
1.093791e+02
1.081257e+02
1.081257e+02
1.081257e+02
1.081257e+02
1.081257e+02
1.081257e+02
1.081257e+02
1.081257e+02
1.077556e+02
1.077556e+02
1.077556e+02
1.071884e+02
1.071884e+02
1.067260e+02
1.066342e+02
1.066342e+02
1.066342e+02
1.066342e+02
1.066342e+02
1.066342e+02
1.066342e+02
1.066342e+02
1.066342e+02
1.066342e+02
1.066342e+02
1.066342e+02
1.066342e+02
1.066342e+02
1.066342e+02
1.066342e+02
1.066342e+02
1.066342e+02
1.066342e+02
1.066342e+02
1.066342e+02
1.066342e+02
1.066342e+02
1.066342e+02
1.066342e+02
1.066342e+02
1.066342e+02
1.066342e+02
1.066342e+02
1.066342e+02
1.066342e+02
1.066342e+02
1.066342e+02
1.066342e+02
1.066342e+02
1.066342e+02
1.066342e+02
1.066342e+02
1.066342e+02
1.066342e+02
1.066342e+02
1.066342e+02
1.066342e+02
1.066342e+02
1.066342e+02
1.066342e+02
1.065287e+02
1.065287e+02
1.065287e+02
1.065287e+02
1.065287e+02
1.063199e+02
1.063199e+02
1.063199e+02
1.063199e+02
1.063199e+02
1.059319e+02
1.059319e+02
1.059319e+02
1.059319e+02
1.059319e+02
1.059319e+02
1.059319e+02
1.059319e+02
1.059319e+02
1.059319e+02
1.059319e+02
1.059319e+02
1.059319e+02
1.059319e+02
1.059319e+02
1.059319e+02
1.059319e+02
1.059319e+02
1.059319e+02
1.059319e+02
1.059319e+02
1.059319e+02
1.059319e+02
1.059319e+02
1.059319e+02
1.059319e+02
1.059319e+02
1.059319e+02
1.059319e+02
1.059319e+02
1.059319e+02
1.059319e+02
1.059319e+02
1.059319e+02
1.059319e+02
1.059319e+02
1.059319e+02
1.059319e+02
1.059319e+02
1.059319e+02
1.059319e+02
1.059319e+02
1.059319e+02
1.059319e+02
1.059319e+02
1.059319e+02
1.059319e+02
1.059319e+02
1.059319e+02
1.059319e+02
1.059319e+02
1.059319e+02
1.059319e+02
1.059319e+02
1.059319e+02
1.059319e+02
1.059319e+02
1.059319e+02
1.059319e+02
1.059319e+02
1.059319e+02
1.059319e+02
1.059319e+02
1.059319e+02
1.059319e+02
1.059319e+02
1.059319e+02
1.059319e+02
1.059319e+02
1.059319e+02
1.059319e+02
1.059319e+02
1.059319e+02
1.059319e+02
1.059319e+02
1.059319e+02
1.059319e+02
1.059319e+02
1.059319e+02
1.059319e+02
1.059319e+02
1.059319e+02
1.059319e+02
1.059319e+02
1.059319e+02
1.059319e+02
1.059319e+02
1.059319e+02
1.059319e+02
1.059319e+02
1.059319e+02
1.059319e+02
1.059319e+02
1.059319e+02
1.059319e+02
1.059319e+02
1.059319e+02
1.059319e+02
1.059319e+02
1.059319e+02
1.059319e+02
1.059319e+02
1.059319e+02
1.059319e+02
1.059319e+02
1.059319e+02
1.059319e+02
1.059319e+02
1.059319e+02
1.059319e+02
1.059319e+02
1.059319e+02
1.059319e+02
1.059319e+02
1.059319e+02
1.059319e+02
1.059319e+02
1.059319e+02
1.059319e+02
1.059319e+02
1.059319e+02
1.059319e+02
1.059319e+02
1.059319e+02
1.059319e+02
1.059319e+02
1.059319e+02
1.059319e+02
1.059319e+02
1.059319e+02
1.059319e+02
1.059319e+02
1.059319e+02
1.059319e+02
1.059319e+02
1.059319e+02
1.059319e+02
1.059319e+02
1.059319e+02
1.059319e+02
1.059319e+02
1.059319e+02
1.059319e+02
1.059319e+02
1.059319e+02
1.059319e+02
1.059319e+02
1.059319e+02
1.059319e+02
1.059319e+02
1.059319e+02
1.059319e+02
1.059319e+02
1.059319e+02
1.059319e+02
1.059319e+02
1.059319e+02
1.059319e+02
1.059319e+02
1.059319e+02
1.059319e+02
1.059319e+02
1.059319e+02
1.059319e+02
1.059319e+02
1.059319e+02
1.059319e+02
1.059319e+02
1.059319e+02
1.059319e+02
1.059319e+02
1.059319e+02
1.059319e+02
1.059319e+02
1.059319e+02
1.057607e+02
1.057607e+02
1.057607e+02
1.057607e+02
1.057607e+02
1.057607e+02
1.057607e+02
1.057607e+02
1.057607e+02
1.057607e+02
1.057607e+02
1.057607e+02
1.057607e+02
1.057607e+02
1.057607e+02
1.057607e+02
1.057607e+02
1.057607e+02
1.057607e+02
1.057607e+02
1.057607e+02
1.057607e+02
1.057607e+02
1.057607e+02
1.057607e+02
1.057607e+02
1.057607e+02
1.057607e+02
1.057607e+02
1.057607e+02
1.057607e+02
1.057607e+02
1.057607e+02
1.057607e+02
1.057607e+02
1.057607e+02
1.057607e+02
1.057607e+02
1.057607e+02
1.057607e+02
1.057607e+02
1.057607e+02
1.057607e+02
1.057607e+02
1.057607e+02
1.057607e+02
1.057607e+02
1.057607e+02
1.057607e+02
1.057607e+02
1.057607e+02
1.057607e+02
1.057607e+02
1.057607e+02
1.057607e+02
1.057607e+02
1.057607e+02
1.057607e+02
1.057607e+02
1.057607e+02
1.057607e+02
1.057607e+02
1.057607e+02
1.057607e+02
1.057607e+02
1.057607e+02
1.057607e+02
1.057607e+02
1.057607e+02
1.057607e+02
1.057607e+02
1.057607e+02
1.057607e+02
1.057607e+02
1.057607e+02
1.057607e+02
1.057607e+02
1.057607e+02
1.057607e+02
1.057607e+02
1.057607e+02
1.057607e+02
1.057607e+02
1.057607e+02
1.057607e+02
1.057607e+02
1.057607e+02
1.057607e+02
1.057607e+02
1.057607e+02
1.057607e+02
1.057607e+02
1.057607e+02
1.057607e+02
1.057607e+02
1.057607e+02
1.057607e+02
1.057607e+02
1.057607e+02
1.057607e+02
1.057607e+02
1.057607e+02
1.057607e+02
1.057607e+02
1.057607e+02
1.057607e+02
1.057607e+02
1.057607e+02
1.057607e+02
1.057607e+02
1.057607e+02
1.057607e+02
1.057607e+02
1.057607e+02
1.057607e+02
1.057607e+02
1.057607e+02
1.057607e+02
1.057607e+02
1.057607e+02
1.057607e+02
1.057607e+02
1.057607e+02
1.057607e+02
1.057607e+02
1.057607e+02
1.046907e+02
1.046907e+02
1.046907e+02
1.046907e+02
1.046907e+02
1.041587e+02
1.041587e+02
1.041587e+02
1.041587e+02
1.041587e+02
1.041587e+02
1.041587e+02
1.041587e+02
1.041587e+02
1.041587e+02
1.041587e+02
1.041587e+02
1.041409e+02
1.041409e+02
1.041409e+02
1.041409e+02
1.041409e+02
1.041409e+02
1.041409e+02
1.041409e+02
1.041409e+02
1.041409e+02
1.041409e+02
1.041409e+02
1.041409e+02
1.041409e+02
1.041409e+02
1.041409e+02
1.041409e+02
1.041409e+02
1.041409e+02
1.041409e+02
1.041409e+02
1.035734e+02
1.035165e+02
1.035165e+02
1.035165e+02
1.035165e+02
1.035165e+02
1.035165e+02
1.035165e+02
1.034590e+02
1.030363e+02
1.029788e+02
1.029788e+02
1.029788e+02
1.029788e+02
1.029220e+02
1.029220e+02
1.029220e+02
1.029220e+02
1.027396e+02
1.027396e+02
1.025752e+02
1.025752e+02
1.025752e+02
1.025752e+02
1.022586e+02
1.022586e+02
1.022586e+02
1.022586e+02
1.022586e+02
1.022586e+02
1.022586e+02
1.022586e+02
1.022586e+02
1.022586e+02
1.022586e+02
1.022586e+02
1.022586e+02
1.022586e+02
1.022586e+02
1.022586e+02
1.022586e+02
1.020762e+02
1.020762e+02
1.014549e+02
1.014549e+02
1.014549e+02
1.014549e+02
1.014549e+02
1.014549e+02
1.014549e+02
1.014549e+02
1.014549e+02
1.014549e+02
1.014549e+02
1.014549e+02
1.014549e+02
1.014549e+02
1.014549e+02
1.014549e+02
1.014549e+02
1.014549e+02
1.014549e+02
1.006307e+02
1.006307e+02
1.006307e+02
1.006307e+02
1.006307e+02
1.006307e+02
1.006307e+02
1.006307e+02
1.006307e+02
1.006307e+02
1.006307e+02
1.006307e+02
1.006307e+02
1.006307e+02
1.006307e+02
1.006307e+02
1.006307e+02
1.004576e+02
1.004576e+02
1.004576e+02
1.004576e+02
1.004576e+02
1.004576e+02
1.004576e+02
1.004576e+02
1.003720e+02
1.003720e+02
1.003720e+02
1.003720e+02
1.003720e+02
1.003720e+02
1.003720e+02
1.003720e+02
1.003720e+02
1.003720e+02
1.003720e+02
1.003720e+02
1.003720e+02
1.003720e+02
1.003720e+02
1.003720e+02
1.003720e+02
1.003720e+02
1.003720e+02
1.003720e+02
1.000499e+02
1.000499e+02
1.000499e+02
1.000499e+02
1.000499e+02
1.000499e+02
1.000499e+02
1.000499e+02
1.000499e+02
1.000499e+02
1.000499e+02
1.000499e+02
1.000499e+02
1.000499e+02
1.000499e+02
1.000499e+02
1.000499e+02
1.000499e+02
1.000499e+02
1.000499e+02
1.000499e+02
1.000499e+02
1.000499e+02
1.000499e+02
1.000499e+02
1.000499e+02
1.000499e+02
1.000499e+02
1.000499e+02
1.000267e+02
9.507987e+01
9.259389e+01
9.177494e+01
9.112355e+01
9.112355e+01
9.112355e+01
9.094855e+01
8.998120e+01
8.991443e+01
8.991443e+01
8.991443e+01
8.985021e+01
8.985021e+01
8.985021e+01
8.985021e+01
8.985021e+01
8.939414e+01
8.939414e+01
8.939414e+01
8.939414e+01
8.921323e+01
8.901370e+01
8.901370e+01
8.901370e+01
8.901370e+01
8.901370e+01
8.901370e+01
8.868067e+01
8.868067e+01
8.868067e+01
8.868067e+01
8.868067e+01
8.868067e+01
8.868067e+01
8.804353e+01
8.804353e+01
8.804353e+01
8.804353e+01
8.804353e+01
8.804353e+01
8.804353e+01
8.804353e+01
8.804353e+01
8.804353e+01
8.804353e+01
8.804353e+01
8.804353e+01
8.804353e+01
8.804353e+01
8.804353e+01
8.804353e+01
8.804353e+01
8.804353e+01
8.804353e+01
8.804353e+01
8.804353e+01
8.804353e+01
8.804353e+01
8.804353e+01
8.804353e+01
8.804353e+01
8.762452e+01
8.762452e+01
8.762452e+01
8.762452e+01
8.762452e+01
8.762452e+01
8.726501e+01
8.726501e+01
8.726501e+01
8.726501e+01
8.726501e+01
8.726501e+01
8.726501e+01
8.726501e+01
8.726501e+01
8.726501e+01
8.726501e+01
8.726501e+01
8.726501e+01
8.726501e+01
8.726501e+01
8.726501e+01
8.726501e+01
8.726501e+01
8.726501e+01
8.726501e+01
8.726501e+01
8.726501e+01
8.726501e+01
8.726501e+01
8.726501e+01
8.726501e+01
8.726501e+01
8.726501e+01
8.726501e+01
8.726501e+01
8.726501e+01
8.726501e+01
8.726501e+01
8.726501e+01
8.726501e+01
8.726501e+01
8.726501e+01
8.726501e+01
8.726501e+01
8.726501e+01
8.726501e+01
8.726501e+01
8.726501e+01
8.726501e+01
8.726501e+01
8.726501e+01
8.726501e+01
8.726501e+01
8.726501e+01
8.726501e+01
8.726501e+01
8.726501e+01
8.726501e+01
8.726501e+01
8.726501e+01
8.726501e+01
8.726501e+01
8.726501e+01
8.726501e+01
8.726501e+01
8.726501e+01
8.726501e+01
8.726501e+01
8.726501e+01
8.726501e+01
8.726501e+01
8.726501e+01
8.726501e+01
8.726501e+01
8.726501e+01
8.726501e+01
8.726501e+01
8.726501e+01
8.726501e+01
8.726501e+01
8.726501e+01
8.726501e+01
8.726501e+01
8.726501e+01
8.726501e+01
8.726501e+01
8.726501e+01
8.726501e+01
8.726501e+01
8.726501e+01
8.726501e+01
8.726501e+01
8.726501e+01
8.726501e+01
8.726501e+01
8.726501e+01
8.726501e+01
8.726501e+01
8.726501e+01
8.726501e+01
8.726501e+01
8.726501e+01
8.726501e+01
8.726501e+01
8.726501e+01
8.726501e+01
8.726501e+01
8.726501e+01
8.726501e+01
8.726501e+01
8.726501e+01
8.726501e+01
8.726501e+01
8.726501e+01
8.726501e+01
8.726501e+01
8.726501e+01
8.726501e+01
8.726501e+01
8.726501e+01
8.726501e+01
8.726501e+01
8.726501e+01
8.726501e+01
8.726501e+01
8.726501e+01
8.726501e+01
8.726501e+01
8.726501e+01
8.726501e+01
8.726501e+01
8.726501e+01
8.726501e+01
8.726501e+01
8.726501e+01
8.726501e+01
8.726501e+01
8.726501e+01
8.726501e+01
8.726501e+01
8.726501e+01
8.726501e+01
8.726501e+01
8.726501e+01
8.726501e+01
8.726501e+01
8.726501e+01
8.726501e+01
8.726501e+01
8.726501e+01
8.726501e+01
8.726501e+01
8.726501e+01
8.726501e+01
8.726501e+01
8.726501e+01
8.726501e+01
8.726501e+01
8.726501e+01
8.726501e+01
8.726501e+01
8.726501e+01
8.726501e+01
8.726501e+01
8.726501e+01
8.726501e+01
8.726501e+01
8.726501e+01
8.726501e+01
8.726501e+01
8.726501e+01
8.726501e+01
8.726501e+01
8.726501e+01
8.726501e+01
8.726501e+01
8.726501e+01
8.726501e+01
8.726501e+01
8.726501e+01
8.726501e+01
8.726501e+01
8.726501e+01
8.726501e+01
8.726501e+01
8.726501e+01
8.726501e+01
8.726501e+01
8.726501e+01
8.726501e+01
8.726501e+01
8.726501e+01
8.726501e+01
8.726501e+01
8.726501e+01
8.726501e+01
8.726501e+01
8.726501e+01
8.726501e+01
8.726501e+01
8.726501e+01
8.726501e+01
8.726501e+01
8.726501e+01
8.726501e+01
8.726501e+01
8.726501e+01
8.726501e+01
8.726501e+01
8.726501e+01
8.726501e+01
8.726501e+01
8.726501e+01
8.726501e+01
8.726501e+01
8.726501e+01
8.726501e+01
8.726501e+01
8.726501e+01
8.726501e+01
8.726501e+01
8.726501e+01
8.726501e+01
8.726501e+01
8.726501e+01
8.726501e+01
8.726501e+01
8.726501e+01
8.726501e+01
8.726501e+01
8.726501e+01
8.726501e+01
8.726501e+01
8.726501e+01
8.726501e+01
8.726501e+01
8.726501e+01
8.707552e+01
8.707552e+01
8.707552e+01
8.707552e+01
8.707552e+01
8.707552e+01
8.707552e+01
8.707552e+01
8.707552e+01
8.707552e+01
8.707552e+01
8.707552e+01
8.707552e+01
8.707552e+01
8.707552e+01
8.707552e+01
8.707552e+01
8.707552e+01
8.707552e+01
8.707552e+01
8.707552e+01
8.707552e+01
8.707552e+01
8.707552e+01
8.707552e+01
8.707552e+01
8.707552e+01
8.707552e+01
8.707552e+01
8.707552e+01
8.707552e+01
8.707552e+01
8.707552e+01
8.707552e+01
8.707552e+01
8.707552e+01
8.707552e+01
8.707552e+01
8.707552e+01
8.707552e+01
8.707552e+01
8.707552e+01
8.707552e+01
8.707552e+01
8.707552e+01
8.707552e+01
8.707552e+01
8.707552e+01
8.707552e+01
8.707552e+01
8.707552e+01
8.707552e+01
8.707552e+01
8.707552e+01
8.707552e+01
8.707552e+01
8.707552e+01
8.707552e+01
8.707552e+01
8.707552e+01
8.707552e+01
8.707552e+01
8.707552e+01
8.707552e+01
8.707552e+01
8.707552e+01
8.707552e+01
8.707552e+01
8.707552e+01
8.707552e+01
8.707552e+01
8.707552e+01
8.707552e+01
8.707552e+01
8.707552e+01
8.707552e+01
8.707552e+01
8.707552e+01
8.707552e+01
8.707552e+01
8.707552e+01
8.707552e+01
8.707552e+01
8.707552e+01
8.707552e+01
8.707552e+01
8.707552e+01
8.707552e+01
8.707552e+01
8.707552e+01
8.707552e+01
8.707552e+01
8.707552e+01
8.707552e+01
8.707552e+01
8.707552e+01
8.707552e+01
8.707552e+01
8.707552e+01
8.707552e+01
8.707552e+01
8.707552e+01
8.707552e+01
8.707552e+01
8.707552e+01
8.707552e+01
8.707552e+01
8.707552e+01
8.707552e+01
8.707552e+01
8.707552e+01
8.707552e+01
8.707552e+01
8.707552e+01
8.707552e+01
8.707552e+01
8.707552e+01
8.707552e+01
8.707552e+01
8.707552e+01
8.707552e+01
8.707552e+01
8.707552e+01
8.707552e+01
8.707552e+01
8.707552e+01
8.707552e+01
8.707552e+01
8.707552e+01
8.707552e+01
8.707552e+01
8.707552e+01
8.707552e+01
8.707552e+01
8.707552e+01
8.707552e+01
8.707552e+01
8.707552e+01
8.707552e+01
8.707552e+01
8.707552e+01
8.707552e+01
8.707552e+01
8.707552e+01
8.707552e+01
8.707552e+01
8.707552e+01
8.707552e+01
8.707552e+01
8.707552e+01
8.707552e+01
8.707552e+01
8.707552e+01
8.707552e+01
8.707552e+01
8.707552e+01
8.707552e+01
8.707552e+01
8.707552e+01
8.707552e+01
8.707552e+01
8.707552e+01
8.707552e+01
8.707552e+01
8.707552e+01
8.707552e+01
8.707552e+01
8.707552e+01
8.707552e+01
8.707552e+01
8.707552e+01
8.707552e+01
8.707552e+01
8.707552e+01
8.707552e+01
8.707552e+01
8.707552e+01
8.707552e+01
8.707552e+01
8.707552e+01
8.707552e+01
8.707552e+01
8.707552e+01
8.707552e+01
8.707552e+01
8.707552e+01
8.707552e+01
8.707552e+01
8.707552e+01
8.707552e+01
8.707552e+01
8.707552e+01
8.707552e+01
8.700440e+01
8.700440e+01
8.700440e+01
8.700440e+01
8.700440e+01
8.700440e+01
8.700440e+01
8.700440e+01
8.700440e+01
8.700440e+01
8.700440e+01
8.700440e+01
8.700440e+01
8.700440e+01
8.700440e+01
8.700440e+01
8.700440e+01
8.700440e+01
8.700440e+01
8.700440e+01
8.700440e+01
8.700440e+01
8.700440e+01
8.700440e+01
8.700440e+01
8.700440e+01
8.700440e+01
8.700440e+01
8.700440e+01
8.700440e+01
8.700440e+01
8.700440e+01
8.700440e+01
8.700440e+01
8.700440e+01
8.700440e+01
8.700440e+01
8.700440e+01
8.700440e+01
8.700440e+01
8.700440e+01
8.700440e+01
8.700440e+01
8.700440e+01
8.700440e+01
8.700440e+01
8.700440e+01
8.700440e+01
8.700440e+01
8.700440e+01
8.700440e+01
8.700440e+01
8.700440e+01
8.700440e+01
8.700440e+01
8.700440e+01
8.700440e+01
8.700440e+01
8.700440e+01
8.700440e+01
8.700440e+01
8.700440e+01
8.700440e+01
8.700440e+01
8.700440e+01
8.700440e+01
8.700440e+01
8.700440e+01
8.700440e+01
8.700440e+01
8.700440e+01
8.700440e+01
8.700440e+01
8.700440e+01
8.700440e+01
8.700440e+01
8.700440e+01
8.700440e+01
8.700440e+01
8.700440e+01
8.700440e+01
8.700440e+01
8.700440e+01
8.700440e+01
8.700440e+01
8.700440e+01
8.700440e+01
8.700440e+01
8.700440e+01
8.700440e+01
8.700440e+01
8.700440e+01
8.700440e+01
8.700440e+01
8.700440e+01
8.700440e+01
8.700440e+01
8.700440e+01
8.700440e+01
8.700440e+01
8.700440e+01
8.700440e+01
8.700440e+01
8.700440e+01
8.700440e+01
8.700440e+01
8.700440e+01
8.700440e+01
8.700440e+01
8.700440e+01
8.700440e+01
8.700440e+01
8.700440e+01
8.700440e+01
8.700440e+01
8.700440e+01
8.700440e+01
8.700440e+01
8.700440e+01
8.700440e+01
8.700440e+01
8.700440e+01
8.700440e+01
8.700440e+01
8.700440e+01
8.700440e+01
8.700440e+01
8.700440e+01
8.700440e+01
8.700440e+01
8.700440e+01
8.700440e+01
8.700440e+01
8.700440e+01
8.700440e+01
8.700440e+01
8.700440e+01
8.700440e+01
8.700440e+01
8.700440e+01
8.700440e+01
8.700440e+01
8.700440e+01
8.700440e+01
8.700440e+01
8.700440e+01
8.700440e+01
8.700440e+01
8.700440e+01
8.700440e+01
8.700440e+01
8.700440e+01
8.700440e+01
8.700440e+01
8.700440e+01
8.700440e+01
8.700440e+01
8.700440e+01
8.700440e+01
8.700440e+01
8.700440e+01
8.700440e+01
8.700440e+01
8.700440e+01
8.700440e+01
8.700440e+01
8.700440e+01
8.700440e+01
8.700440e+01
8.700440e+01
8.700440e+01
8.700440e+01
8.700440e+01
8.700440e+01
8.700440e+01
8.700440e+01
8.700440e+01
8.700440e+01
8.700440e+01
8.700440e+01
8.700440e+01
8.700440e+01
8.700440e+01
8.700440e+01
8.700440e+01
8.700440e+01
8.700440e+01
8.700440e+01
8.700440e+01
8.700440e+01
8.700440e+01
8.700440e+01
8.700440e+01
8.700440e+01
8.700440e+01
8.700440e+01
8.700440e+01
8.700440e+01
8.700440e+01
8.700440e+01
8.700440e+01
8.700440e+01
8.700440e+01
8.700440e+01
8.700440e+01
8.700440e+01
8.700440e+01
8.700440e+01
8.700440e+01
8.700440e+01
8.700440e+01
8.700440e+01
8.700440e+01
8.700440e+01
8.700440e+01
8.700440e+01
8.700440e+01
8.700440e+01
8.700440e+01
8.700440e+01
8.700440e+01
8.700440e+01
8.700440e+01
8.700440e+01
8.700440e+01
8.700440e+01
8.700440e+01
8.700440e+01
8.700440e+01
8.700440e+01
8.700440e+01
8.700440e+01
8.700440e+01
8.700440e+01
8.700440e+01
8.700440e+01
8.700440e+01
8.700440e+01
8.700440e+01
8.700440e+01
8.700440e+01
8.700440e+01
8.700440e+01
8.700440e+01
8.700440e+01
8.700440e+01
8.700440e+01
8.700440e+01
8.700440e+01
8.700440e+01
8.700440e+01
8.700440e+01
8.700440e+01
8.700440e+01
8.700440e+01
8.700440e+01
8.700440e+01
8.700440e+01
8.700440e+01
8.700440e+01
8.700440e+01
8.700440e+01
8.700440e+01
8.700440e+01
8.700440e+01
8.700440e+01
8.700440e+01
8.700440e+01
8.700440e+01
8.700440e+01
8.700440e+01
8.700440e+01
8.700440e+01
8.700440e+01
8.700440e+01
8.700440e+01
8.700440e+01
8.700440e+01
8.700440e+01
8.700440e+01
8.700440e+01
8.700440e+01
8.700440e+01
8.700440e+01
8.700440e+01
8.700440e+01
8.700440e+01
8.700440e+01
8.700440e+01
8.700440e+01
8.700440e+01
8.700440e+01
8.700440e+01
8.700440e+01
8.700440e+01
8.700440e+01
8.700440e+01
8.700440e+01
8.700440e+01
8.700440e+01
8.700440e+01
8.700440e+01
8.700440e+01
8.700440e+01
8.700440e+01
8.700440e+01
8.700440e+01
8.700440e+01
8.700440e+01
8.700440e+01
8.700440e+01
8.700440e+01
8.700440e+01
8.700440e+01
8.700440e+01
8.700440e+01
8.700440e+01
8.700440e+01
8.700440e+01
8.700440e+01
8.700440e+01
8.700440e+01
8.700440e+01
8.700440e+01
8.700440e+01
8.700440e+01
8.700440e+01
8.700440e+01
8.700440e+01
8.700440e+01
8.700440e+01
8.700440e+01
8.700440e+01
8.700440e+01
8.700440e+01
8.700440e+01
8.700440e+01
8.700440e+01
8.700440e+01
8.700440e+01
8.700440e+01
8.700440e+01
8.700440e+01
8.700440e+01
8.700440e+01
8.700440e+01
8.700440e+01
8.700440e+01
8.700440e+01
8.700440e+01
8.700440e+01
8.700440e+01
8.700440e+01
8.700440e+01
8.700440e+01
8.700440e+01
8.700440e+01
8.700440e+01
8.700440e+01
8.700440e+01
8.700440e+01
8.700440e+01
8.700440e+01
8.700440e+01
8.700440e+01
8.700440e+01
8.700440e+01
8.700440e+01
8.700440e+01
8.700440e+01
8.700440e+01
8.700440e+01
8.700440e+01
8.700440e+01
8.700440e+01
8.700440e+01
8.700440e+01
8.700440e+01
8.700440e+01
8.700440e+01
8.700440e+01
8.700440e+01
8.700440e+01
8.700440e+01
8.700440e+01
8.700440e+01
8.700440e+01
8.700440e+01
8.700440e+01
8.700440e+01
8.700440e+01
8.700440e+01
8.700440e+01
8.700440e+01
8.700440e+01
8.700440e+01
8.700440e+01
8.700440e+01
8.700440e+01
8.700440e+01
8.700440e+01
8.700440e+01
8.700440e+01
8.700440e+01
8.700440e+01
8.700440e+01
8.700440e+01
8.700440e+01
8.700440e+01
8.700440e+01
8.700440e+01
8.700440e+01
8.700440e+01
8.700440e+01
8.700440e+01
8.700440e+01
8.700440e+01
8.700440e+01
8.700440e+01
8.700440e+01
8.700440e+01
8.700440e+01
8.700440e+01
8.700440e+01
8.700440e+01
8.700440e+01
8.700440e+01
8.700440e+01
8.700440e+01
8.700440e+01
8.700440e+01
8.700440e+01
8.700440e+01
8.700440e+01
8.700440e+01
8.700440e+01
8.700440e+01
8.700440e+01
8.700440e+01
8.700440e+01
8.700440e+01
8.700440e+01
8.700440e+01
8.700440e+01
8.700440e+01
8.700440e+01
8.700440e+01
8.700440e+01
8.700440e+01
8.700440e+01
8.700440e+01
8.700440e+01
8.700440e+01
8.700440e+01
8.700440e+01
8.700440e+01
8.700440e+01
8.700440e+01
8.700440e+01
8.700440e+01
8.700440e+01
8.700440e+01
8.700440e+01
8.700440e+01
8.700440e+01
8.700440e+01
8.700440e+01
8.700440e+01
8.700440e+01
8.700440e+01
8.700440e+01
8.700440e+01
8.700440e+01
8.700440e+01
8.700440e+01
8.700440e+01
8.700440e+01
8.700440e+01
8.700440e+01
8.700440e+01
8.700440e+01
8.700440e+01
8.700440e+01
8.700440e+01
8.700440e+01
8.700440e+01
8.700440e+01
8.700440e+01
8.700440e+01
8.700440e+01
8.700440e+01
8.700440e+01
8.700440e+01
8.700440e+01
8.700440e+01
8.700440e+01
8.700440e+01
8.700440e+01
8.700440e+01
8.700440e+01
8.700440e+01
8.700440e+01
8.700440e+01
8.700440e+01
8.700440e+01
8.700440e+01
8.700440e+01
8.700440e+01
8.700440e+01
8.700440e+01
8.700440e+01
8.700440e+01
8.700440e+01
8.700440e+01
8.700440e+01
8.700440e+01
8.700440e+01
8.700440e+01
8.700440e+01
8.700440e+01
8.700440e+01
8.700440e+01
8.700440e+01
8.700440e+01
8.700440e+01
8.700440e+01
8.700440e+01
8.700440e+01
8.700440e+01
8.700440e+01
8.700440e+01
8.700440e+01
8.700440e+01
8.700440e+01
8.700440e+01
8.700440e+01
8.700440e+01
8.700440e+01
8.700440e+01
8.700440e+01
8.700440e+01
8.700440e+01
8.700440e+01
8.700440e+01
8.700440e+01
8.700440e+01
8.700440e+01
8.700440e+01
8.700440e+01
8.700440e+01
8.700440e+01
8.700440e+01
8.700440e+01
8.700440e+01
8.700440e+01
8.700440e+01
8.700440e+01
8.700440e+01
8.700440e+01
8.700440e+01
8.700440e+01
8.700440e+01
8.700440e+01
8.700440e+01
8.700440e+01
8.700440e+01
8.700440e+01
8.700440e+01
8.700440e+01
8.700440e+01
8.700440e+01
8.700440e+01
8.700440e+01
8.700440e+01
8.700440e+01
8.700440e+01
8.700440e+01
8.700440e+01
8.700440e+01
8.700440e+01
8.700440e+01
8.700440e+01
8.700440e+01
8.700440e+01
8.700440e+01
8.700440e+01
8.700440e+01
8.700440e+01
8.700440e+01
8.700440e+01
8.700440e+01
8.700440e+01
8.700440e+01
8.700440e+01
8.700440e+01
8.700440e+01
8.700440e+01
8.700440e+01
8.700440e+01
8.700440e+01
8.700440e+01
8.700440e+01
8.700440e+01
8.700440e+01
8.700440e+01
8.700440e+01
8.700440e+01
8.700440e+01
8.700440e+01
8.700440e+01
8.700440e+01
8.700440e+01
8.700440e+01
8.700440e+01
8.700440e+01
8.700440e+01
8.700440e+01
8.700440e+01
8.700440e+01
8.700440e+01
8.700440e+01
8.700440e+01
8.700440e+01
8.700440e+01
8.700440e+01
8.700440e+01
8.700440e+01
8.700440e+01
8.700440e+01
8.700440e+01
8.700440e+01
8.700440e+01
8.700440e+01
8.700440e+01
8.700440e+01
8.700440e+01
8.700440e+01
8.700440e+01
8.700440e+01
8.700440e+01
8.700440e+01
8.700440e+01
8.700440e+01
8.700440e+01
8.700440e+01
8.700440e+01
8.700440e+01
8.700440e+01
8.700440e+01
8.700440e+01
8.700440e+01
8.700440e+01
8.700440e+01
8.700440e+01
8.700440e+01
8.700440e+01
8.700440e+01
8.700440e+01
8.700440e+01
8.700440e+01
8.700440e+01
8.700440e+01
8.700440e+01
8.700440e+01
8.700440e+01
8.700440e+01
8.700440e+01
8.700440e+01
8.700440e+01
8.700440e+01
8.700440e+01
8.700440e+01
8.700440e+01
8.700440e+01
8.700440e+01
8.700440e+01
8.700440e+01
8.700440e+01
8.700440e+01
8.700440e+01
8.700440e+01
8.700440e+01
8.700440e+01
8.700440e+01
8.700440e+01
8.700440e+01
8.700440e+01
8.700440e+01
8.700440e+01
8.700440e+01
8.700440e+01
8.700440e+01
8.700440e+01
8.700440e+01
8.700440e+01
8.700440e+01
8.700440e+01
8.700440e+01
8.700440e+01
8.700440e+01
8.700440e+01
8.700440e+01
8.700440e+01
8.700440e+01
8.700440e+01
8.700440e+01
8.700440e+01
8.700440e+01
8.700440e+01
8.700440e+01
8.700440e+01
8.700440e+01
8.700440e+01
8.700440e+01
8.700440e+01
8.700440e+01
8.700440e+01
8.700440e+01
8.700440e+01
8.700440e+01
8.700440e+01
8.700440e+01
8.700440e+01
8.700440e+01
8.700440e+01
8.700440e+01
8.700440e+01
8.700440e+01
8.700440e+01
8.700440e+01
8.700440e+01
8.700440e+01
8.700440e+01
8.700440e+01
8.700440e+01
8.700440e+01
8.700440e+01
8.700440e+01
8.700440e+01
8.700440e+01
8.700440e+01
8.700440e+01
8.700440e+01
8.700440e+01
8.700440e+01
8.700440e+01
8.700440e+01
8.700440e+01
8.700440e+01
8.700440e+01
8.700440e+01
8.700440e+01
8.700440e+01
8.700440e+01
8.700440e+01
8.700440e+01
8.700440e+01
8.700440e+01
8.700440e+01
8.700440e+01
8.700440e+01
8.700440e+01
8.700440e+01
8.700440e+01
8.700440e+01
8.700440e+01
8.700440e+01
8.700440e+01
8.700440e+01
8.700440e+01
8.700440e+01
8.700440e+01
8.700440e+01
8.700440e+01
8.700440e+01
8.700440e+01
8.700440e+01
8.700440e+01
8.700440e+01
8.700440e+01
8.700440e+01
8.700440e+01
8.700440e+01
8.700440e+01
8.700440e+01
8.700440e+01
8.700440e+01
8.700440e+01
8.700440e+01
8.700440e+01
8.700440e+01
8.700440e+01
8.700440e+01
8.700440e+01
8.700440e+01
8.700440e+01
8.700440e+01
8.700440e+01
8.700440e+01
8.700440e+01
8.700440e+01
8.700440e+01
8.700440e+01
8.700440e+01
8.700440e+01
8.700440e+01
8.700440e+01
8.700440e+01
8.700440e+01
8.700440e+01
8.700440e+01
8.700440e+01
8.700440e+01
8.700440e+01
8.700440e+01
8.700440e+01
8.700440e+01
8.700440e+01
8.700440e+01
8.700440e+01
8.700440e+01
8.700440e+01
8.700440e+01
8.700440e+01
8.700440e+01
8.700440e+01
8.700440e+01
8.700440e+01
8.700440e+01
8.700440e+01
8.700440e+01
8.700440e+01
8.700440e+01
8.700440e+01
8.700440e+01
8.700440e+01
8.700440e+01
8.700440e+01
8.700440e+01
8.700440e+01
8.700440e+01
8.700440e+01
8.700440e+01
8.700440e+01
8.700440e+01
8.700440e+01
8.700440e+01
8.700440e+01
8.700440e+01
8.700440e+01
8.700440e+01
8.700440e+01
8.700440e+01
8.700440e+01
8.700440e+01
8.700440e+01
8.700440e+01
8.700440e+01
8.700440e+01
8.700440e+01
8.700440e+01
8.700440e+01
8.700440e+01
8.700440e+01
8.700440e+01
8.700440e+01
8.700440e+01
8.700440e+01
8.700440e+01
8.700440e+01
8.700440e+01
8.700440e+01
8.700440e+01
8.700440e+01
8.700440e+01
8.700440e+01
8.700440e+01
8.700440e+01
8.700440e+01
8.700440e+01
8.700440e+01
8.700440e+01
8.700440e+01
8.700440e+01
8.700440e+01
8.700440e+01
8.700440e+01
8.700440e+01
8.700440e+01
8.700440e+01
8.700440e+01
8.700440e+01
8.700440e+01
8.700440e+01
8.700440e+01
8.700440e+01
8.700440e+01
8.700440e+01
8.700440e+01
8.700440e+01
8.700440e+01
8.700440e+01
8.700440e+01
8.700440e+01
8.700440e+01
8.700440e+01
8.700440e+01
8.700440e+01
8.700440e+01
8.700440e+01
8.700440e+01
8.700440e+01
8.700440e+01
8.700440e+01
8.700440e+01
8.700440e+01
8.700440e+01
8.700440e+01
8.700440e+01
8.700440e+01
8.700440e+01
8.700440e+01
8.700440e+01
8.700440e+01
8.700440e+01
8.700440e+01
8.700440e+01
8.700440e+01
8.700440e+01
8.700440e+01
8.700440e+01
8.700440e+01
8.700440e+01
8.700440e+01
8.700440e+01
8.700440e+01
8.700440e+01
8.700440e+01
8.700440e+01
8.700440e+01
8.700440e+01
8.700440e+01
8.700440e+01
8.700440e+01
8.700440e+01
8.700440e+01
8.700440e+01
8.700440e+01
8.700440e+01
8.700440e+01
8.700440e+01
8.700440e+01
8.700440e+01
8.700440e+01
8.700440e+01
8.700440e+01
8.700440e+01
8.700440e+01
8.700440e+01
8.700440e+01
8.700440e+01
8.700440e+01
8.700440e+01
8.700440e+01
8.700440e+01
8.700440e+01
8.700440e+01
8.700440e+01
8.700440e+01
8.700440e+01
8.700440e+01
8.700440e+01
8.700440e+01
8.700440e+01
8.700440e+01
8.700440e+01
8.700440e+01
8.700440e+01
8.700440e+01
8.700440e+01
8.700440e+01
8.700440e+01
8.700440e+01
8.700440e+01
8.700440e+01
8.700440e+01
8.700440e+01
8.700440e+01
8.700440e+01
8.700440e+01
8.700440e+01
8.700440e+01
8.700440e+01
8.700440e+01
8.700440e+01
8.700440e+01
8.700440e+01
8.700440e+01
8.700440e+01
8.700440e+01
8.700440e+01
8.700440e+01
8.700440e+01
8.700440e+01
8.700440e+01
8.700440e+01
8.700440e+01
8.700440e+01
8.700440e+01
8.700440e+01
8.700440e+01
8.700440e+01
8.700440e+01
8.700440e+01
8.700440e+01
8.700440e+01
8.700440e+01
8.700440e+01
8.700440e+01
8.700440e+01
8.700440e+01
8.700440e+01
8.700440e+01
8.700440e+01
8.700440e+01
8.700440e+01
8.700440e+01
8.700440e+01
8.700440e+01
8.700440e+01
8.700440e+01
8.700440e+01
8.700440e+01
8.700440e+01
8.700440e+01
8.700440e+01
8.700440e+01
8.700440e+01
8.700440e+01
8.700440e+01
8.700440e+01
8.700440e+01
8.700440e+01
8.700440e+01
8.700440e+01
8.700440e+01
8.700440e+01
8.700440e+01
8.700440e+01
8.700440e+01
8.700440e+01
8.700440e+01
8.700440e+01
8.700440e+01
8.700440e+01
8.700440e+01
8.700440e+01
8.700440e+01
8.700440e+01
8.700440e+01
8.700440e+01
8.700440e+01
8.700440e+01
8.700440e+01
8.700440e+01
8.700440e+01
8.700440e+01
8.700440e+01
8.700440e+01
8.700440e+01
8.700440e+01
8.700440e+01
8.700440e+01
8.700440e+01
8.700440e+01
8.700440e+01
8.700440e+01
8.700440e+01
8.700440e+01
8.700440e+01
8.700440e+01
8.700440e+01
8.700440e+01
8.700440e+01
8.700440e+01
8.700440e+01
8.700440e+01
8.700440e+01
8.700440e+01
8.700440e+01
8.700440e+01
8.700440e+01
8.700440e+01
8.700440e+01
8.700440e+01
8.700440e+01
8.700440e+01
8.700440e+01
8.700440e+01
8.700440e+01
8.700440e+01
8.700440e+01
8.700440e+01
8.700440e+01
8.700440e+01
8.700440e+01
8.700440e+01
8.700440e+01
8.700440e+01
8.700440e+01
8.700440e+01
8.700440e+01
8.700440e+01
8.700440e+01
8.700440e+01
8.700440e+01
8.700440e+01
8.700440e+01
8.700440e+01
8.700440e+01
8.700440e+01
8.700440e+01
8.700440e+01
8.700440e+01
8.700440e+01
8.700440e+01
8.700440e+01
8.700440e+01
8.700440e+01
8.700440e+01
8.700440e+01
8.700440e+01
8.700440e+01
8.700440e+01
8.700440e+01
8.700440e+01
8.700440e+01
8.700440e+01
8.700440e+01
8.700440e+01
8.700440e+01
8.700440e+01
8.700440e+01
8.700440e+01
8.700440e+01
8.700440e+01
8.700440e+01
8.700440e+01
8.700440e+01
8.700440e+01
8.700440e+01
8.700440e+01
8.700440e+01
8.700440e+01
8.700440e+01
8.700440e+01
8.700440e+01
8.700440e+01
8.700440e+01
8.700440e+01
8.700440e+01
8.700440e+01
8.700440e+01
8.700440e+01
8.700440e+01
8.700440e+01
8.700440e+01
8.700440e+01
8.700440e+01
8.700440e+01
8.700440e+01
8.700440e+01
8.700440e+01
8.700440e+01
8.700440e+01
8.700440e+01
8.700440e+01
8.700440e+01
8.700440e+01
8.700440e+01
8.700440e+01
8.700440e+01
8.700440e+01
8.700440e+01
8.700440e+01
8.700440e+01
8.700440e+01
8.700440e+01
8.700440e+01
8.700440e+01
8.700440e+01
8.700440e+01
8.700440e+01
8.700440e+01
8.700440e+01
8.700440e+01
8.700440e+01
8.700440e+01
8.700440e+01
8.700440e+01
8.700440e+01
8.700440e+01
8.700440e+01
8.700440e+01
8.700440e+01
8.700440e+01
8.700440e+01
8.700440e+01
8.700440e+01
8.700440e+01
8.700440e+01
8.700440e+01
8.700440e+01
8.700440e+01
8.700440e+01
8.700440e+01
8.700440e+01
8.700440e+01
8.700440e+01
8.700440e+01
8.700440e+01
8.700440e+01
8.700440e+01
8.700440e+01
8.700440e+01
8.700440e+01
8.700440e+01
8.700440e+01
8.700440e+01
8.700440e+01
8.700440e+01
8.700440e+01
8.700440e+01
8.700440e+01
8.700440e+01
8.700440e+01
8.700440e+01
8.700440e+01
8.700440e+01
8.700440e+01
8.700440e+01
8.700440e+01
8.700440e+01
8.700440e+01
8.700440e+01
8.700440e+01
8.700440e+01
8.700440e+01
8.700440e+01
8.700440e+01
8.700440e+01
8.700440e+01
8.700440e+01
8.700440e+01
8.700440e+01
8.700440e+01
8.700440e+01
8.700440e+01
8.700440e+01
8.700440e+01
8.700440e+01
8.700440e+01
8.700440e+01
8.700440e+01
8.700440e+01
8.700440e+01
8.700440e+01
8.700440e+01
8.700440e+01
8.700440e+01
8.700440e+01
8.700440e+01
8.700440e+01
8.700440e+01
8.700440e+01
8.700440e+01
8.700440e+01
8.700440e+01
8.700440e+01
8.700440e+01
8.700440e+01
8.700440e+01
8.700440e+01
8.700440e+01
8.700440e+01
8.700440e+01
8.700440e+01
8.700440e+01
8.700440e+01
8.700440e+01
8.700440e+01
8.700440e+01
8.700440e+01
8.700440e+01
8.700440e+01
8.700440e+01
8.700440e+01
8.700440e+01
8.700440e+01
8.700440e+01
8.700440e+01
8.700440e+01
8.700440e+01
8.700440e+01
8.700440e+01
8.700440e+01
8.700440e+01
8.625791e+01
8.625791e+01
8.625791e+01
8.625791e+01
8.625791e+01
8.625791e+01
8.625791e+01
8.625791e+01
8.625791e+01
8.625791e+01
8.625791e+01
8.625791e+01
8.625791e+01
8.625791e+01
8.625791e+01
8.625791e+01
8.625791e+01
8.625791e+01
8.625791e+01
8.625791e+01
8.625791e+01
8.625791e+01
8.625791e+01
8.625791e+01
8.625791e+01
8.625791e+01
8.625791e+01
8.625791e+01
8.625791e+01
8.625791e+01
8.625791e+01
8.625791e+01
8.625791e+01
8.625791e+01
8.625791e+01
8.625791e+01
8.625791e+01
8.625791e+01
8.625791e+01
8.625791e+01
8.625791e+01
8.625791e+01
8.625791e+01
8.625791e+01
8.625791e+01
8.625791e+01
8.625791e+01
8.625791e+01
8.625791e+01
8.625791e+01
8.625791e+01
8.625791e+01
8.625791e+01
8.625791e+01
8.625791e+01
8.625791e+01
8.625791e+01
8.625791e+01
8.625791e+01
8.625791e+01
8.625791e+01
8.625791e+01
8.625791e+01
8.625791e+01
8.625791e+01
8.625791e+01
8.625791e+01
8.625791e+01
8.625791e+01
8.625791e+01
8.625791e+01
8.625791e+01
8.625791e+01
8.625791e+01
8.625791e+01
8.625791e+01
8.625791e+01
8.625791e+01
8.625791e+01
8.625791e+01
8.625791e+01
8.625791e+01
8.625791e+01
8.625791e+01
8.625791e+01
8.625791e+01
8.625791e+01
8.625791e+01
8.625791e+01
8.625791e+01
8.625791e+01
8.625791e+01
8.625791e+01
8.625791e+01
8.625791e+01
8.625791e+01
8.625791e+01
8.625791e+01
8.625791e+01
8.625791e+01
8.625791e+01
8.625791e+01
8.625791e+01
8.625791e+01
8.625791e+01
8.625791e+01
8.625791e+01
8.625791e+01
8.625791e+01
8.625791e+01
8.625791e+01
8.625791e+01
8.625791e+01
8.625791e+01
8.625791e+01
8.625791e+01
8.625791e+01
8.625791e+01
8.625791e+01
8.625791e+01
8.625791e+01
8.625791e+01
8.625791e+01
8.625791e+01
8.625791e+01
8.625791e+01
8.625791e+01
8.625791e+01
8.625791e+01
8.625791e+01
8.625791e+01
8.625791e+01
8.625791e+01
8.625791e+01
8.625791e+01
8.625791e+01
8.625791e+01
8.625791e+01
8.625791e+01
8.625791e+01
8.625791e+01
8.625791e+01
8.625791e+01
8.625791e+01
8.625791e+01
8.625791e+01
8.625791e+01
8.625791e+01
8.625791e+01
8.625791e+01
8.625791e+01
8.625791e+01
8.625791e+01
8.625791e+01
8.625791e+01
8.625791e+01
8.625791e+01
8.625791e+01
8.625791e+01
8.625791e+01
8.625791e+01
8.625791e+01
8.625791e+01
8.625791e+01
8.625791e+01
8.625791e+01
8.625791e+01
8.625791e+01
8.625791e+01
8.625791e+01
8.625791e+01
8.625791e+01
8.625791e+01
8.625791e+01
8.625791e+01
8.625791e+01
8.625791e+01
8.625791e+01
8.625791e+01
8.625791e+01
8.625791e+01
8.625791e+01
8.625791e+01
8.625791e+01
8.625791e+01
8.625791e+01
8.625791e+01
8.625791e+01
8.625791e+01
8.625791e+01
8.625791e+01
8.625791e+01
8.625791e+01
8.625791e+01
8.625791e+01
8.625791e+01
8.625791e+01
8.625791e+01
8.625791e+01
8.625791e+01
8.625791e+01
8.625791e+01
8.625791e+01
8.625791e+01
8.625791e+01
8.625791e+01
8.625791e+01
8.625791e+01
8.625791e+01
8.625791e+01
8.625791e+01
8.625791e+01
8.625791e+01
8.625791e+01
8.625791e+01
8.625791e+01
8.625791e+01
8.625791e+01
8.625791e+01
8.625791e+01
8.625791e+01
8.625791e+01
8.625791e+01
8.625791e+01
8.625791e+01
8.625791e+01
8.625791e+01
8.625791e+01
8.625791e+01
8.625791e+01
8.625791e+01
8.625791e+01
8.625791e+01
8.625791e+01
8.625791e+01
8.625791e+01
8.625791e+01
8.625791e+01
8.625791e+01
8.625791e+01
8.625791e+01
8.625791e+01
8.625791e+01
8.625791e+01
8.625791e+01
8.625791e+01
8.625791e+01
8.625791e+01
8.625791e+01
8.625791e+01
8.625791e+01
8.625791e+01
8.625791e+01
8.625791e+01
8.625791e+01
8.625791e+01
8.625791e+01
8.625791e+01
8.625791e+01
8.625791e+01
8.625791e+01
8.625791e+01
8.625791e+01
8.625791e+01
8.625791e+01
8.625791e+01
8.625791e+01
8.625791e+01
8.625791e+01
8.625791e+01
8.625791e+01
8.625791e+01
8.625791e+01
8.625791e+01
8.625791e+01
8.625791e+01
8.625791e+01
8.625791e+01
8.625791e+01
8.625791e+01
8.625791e+01
8.625791e+01
8.625791e+01
8.625791e+01
8.625791e+01
8.625791e+01
8.625791e+01
8.625791e+01
8.625791e+01
8.625791e+01
8.625791e+01
8.625791e+01
8.625791e+01
8.625791e+01
8.625791e+01
8.625791e+01
8.625791e+01
8.625791e+01
8.625791e+01
8.625791e+01
8.625791e+01
8.625791e+01
8.625791e+01
8.625791e+01
8.625791e+01
8.625791e+01
8.625791e+01
8.625791e+01
8.625791e+01
8.625791e+01
8.625791e+01
8.625791e+01
8.625791e+01
8.625791e+01
8.625791e+01
8.625791e+01
8.625791e+01
8.625791e+01
8.625791e+01
8.625791e+01
8.625791e+01
8.625791e+01
8.625791e+01
8.625791e+01
8.625791e+01
8.625791e+01
8.625791e+01
8.625791e+01
8.625791e+01
8.625791e+01
8.625791e+01
8.625791e+01
8.625791e+01
8.625791e+01
8.625791e+01
8.625791e+01
8.625791e+01
8.625791e+01
8.625791e+01
8.625791e+01
8.625791e+01
8.625791e+01
8.625791e+01
8.625791e+01
8.625791e+01
8.625791e+01
8.625791e+01
8.625791e+01
8.625791e+01
8.625791e+01
8.625791e+01
8.625791e+01
8.625791e+01
8.625791e+01
8.625791e+01
8.625791e+01
8.625791e+01
8.625791e+01
8.625791e+01
8.625791e+01
8.625791e+01
8.625791e+01
8.625791e+01
8.625791e+01
8.625791e+01
8.625791e+01
8.625791e+01
8.625791e+01
8.625791e+01
8.625791e+01
8.625791e+01
8.625791e+01
8.625791e+01
8.625791e+01
8.625791e+01
8.625791e+01
8.625791e+01
8.625791e+01
8.625791e+01
8.625791e+01
8.625791e+01
8.625791e+01
8.625791e+01
8.625791e+01
8.625791e+01
8.625791e+01
8.625791e+01
8.625791e+01
8.625791e+01
8.625791e+01
8.625791e+01
8.625791e+01
8.625791e+01
8.625791e+01
8.625791e+01
8.625791e+01
8.625791e+01
8.625791e+01
8.625791e+01
8.625791e+01
8.625791e+01
8.625791e+01
8.625791e+01
8.625791e+01
8.625791e+01
8.625791e+01
8.625791e+01
8.625791e+01
8.625791e+01
8.625791e+01
8.625791e+01
8.625791e+01
8.625791e+01
8.625791e+01
8.625791e+01
8.625791e+01
8.625791e+01
8.625791e+01
8.625791e+01
8.625791e+01
8.625791e+01
8.625791e+01
8.625791e+01
8.625791e+01
8.625791e+01
8.625791e+01
8.625791e+01
8.625791e+01
8.625791e+01
8.625791e+01
8.625791e+01
8.625791e+01
8.625791e+01
8.625791e+01
8.625791e+01
8.625791e+01
8.625791e+01
8.625791e+01
8.625791e+01
8.625791e+01
8.625791e+01
8.625791e+01
8.625791e+01
8.625791e+01
8.625791e+01
8.625791e+01
8.625791e+01
8.625791e+01
8.625791e+01
8.625791e+01
8.625791e+01
8.625791e+01
8.625791e+01
8.625791e+01
8.625791e+01
8.625791e+01
8.625791e+01
8.625791e+01
8.625791e+01
8.625791e+01
8.625791e+01
8.625791e+01
8.625791e+01
8.625791e+01
8.625791e+01
8.625791e+01
8.625791e+01
8.625791e+01
8.625791e+01
8.625791e+01
8.625791e+01
8.625791e+01
8.625791e+01
8.625791e+01
8.625791e+01
8.625791e+01
8.625791e+01
8.625791e+01
8.625791e+01
8.625791e+01
8.625791e+01
8.625791e+01
8.625791e+01
8.625791e+01
8.625791e+01
8.625791e+01
8.625791e+01
8.625791e+01
8.625791e+01
8.625791e+01
8.625791e+01
8.625791e+01
8.625791e+01
8.625791e+01
8.625791e+01
8.625791e+01
8.625791e+01
8.625791e+01
8.625791e+01
8.625791e+01
8.625791e+01
8.625791e+01
8.625791e+01
8.625791e+01
8.625791e+01
8.625791e+01
8.625791e+01
8.625791e+01
8.625791e+01
8.625791e+01
8.625791e+01
8.625791e+01
8.625791e+01
8.625791e+01
8.625791e+01
8.625791e+01
8.625791e+01
8.625791e+01
8.625791e+01
8.625791e+01
8.625791e+01
8.625791e+01
8.625791e+01
8.625791e+01
8.625791e+01
8.625791e+01
8.625791e+01
8.625791e+01
8.625791e+01
8.625791e+01
8.625791e+01
8.625791e+01
8.625791e+01
8.625791e+01
8.625791e+01
8.625791e+01
8.625791e+01
8.625791e+01
8.625791e+01
8.625791e+01
8.625791e+01
8.625791e+01
8.625791e+01
8.625791e+01
8.625791e+01
8.625791e+01
8.625791e+01
8.625791e+01
8.625791e+01
8.625791e+01
8.625791e+01
8.625791e+01
8.625791e+01
8.625791e+01
8.625791e+01
8.625791e+01
8.625791e+01
8.625791e+01
8.625791e+01
8.625791e+01
8.625791e+01
8.625791e+01
8.625791e+01
8.625791e+01
8.625791e+01
8.625791e+01
8.625791e+01
8.625791e+01
8.625791e+01
8.625791e+01
8.625791e+01
8.625791e+01
8.625791e+01
8.625791e+01
8.625791e+01
8.625791e+01
8.625791e+01
8.625791e+01
8.625791e+01
8.625791e+01
8.625791e+01
8.625791e+01
8.625791e+01
8.625791e+01
8.625791e+01
8.625791e+01
8.625791e+01
8.625791e+01
8.625791e+01
8.625791e+01
8.625791e+01
8.625791e+01
8.625791e+01
8.625791e+01
8.625791e+01
8.625791e+01
8.625791e+01
8.625791e+01
8.625791e+01
8.625791e+01
8.625791e+01
8.625791e+01
8.625791e+01
8.625791e+01
8.625791e+01
8.625791e+01
8.625791e+01
8.625791e+01
8.625791e+01
8.625791e+01
8.625791e+01
8.625791e+01
8.625791e+01
8.625791e+01
8.625791e+01
8.625791e+01
8.625791e+01
8.625791e+01
8.625791e+01
8.625791e+01
8.625791e+01
8.625791e+01
8.625791e+01
8.625791e+01
8.625791e+01
8.625791e+01
8.625791e+01
8.625791e+01
8.625791e+01
8.625791e+01
8.625791e+01
8.625791e+01
8.625791e+01
8.625791e+01
8.625791e+01
8.625791e+01
8.625791e+01
8.625791e+01
8.625791e+01
8.625791e+01
8.625791e+01
8.625791e+01
8.625791e+01
8.625791e+01
8.625791e+01
8.625791e+01
8.625791e+01
8.625791e+01
8.625791e+01
8.625791e+01
8.625791e+01
8.625791e+01
8.625791e+01
8.625791e+01
8.625791e+01
8.625791e+01
8.625791e+01
8.625791e+01
8.625791e+01
8.625791e+01
8.625791e+01
8.625791e+01
8.625791e+01
8.625791e+01
8.625791e+01
8.625791e+01
8.625791e+01
8.625791e+01
8.625791e+01
8.625791e+01
8.625791e+01
8.625791e+01
8.625791e+01
8.625791e+01
8.625791e+01
8.625791e+01
8.625791e+01
8.625791e+01
8.625791e+01
8.625791e+01
8.625791e+01
8.625791e+01
8.625791e+01
8.625791e+01
8.625791e+01
8.625791e+01
8.625791e+01
8.625791e+01
8.625791e+01
8.625791e+01
8.625791e+01
8.625791e+01
8.625791e+01
8.625791e+01
8.625791e+01
8.625791e+01
8.625791e+01
8.625791e+01
8.625791e+01
8.625791e+01
8.625791e+01
8.625791e+01
8.625791e+01
8.625791e+01
8.625791e+01
8.625791e+01
8.625791e+01
8.625791e+01
8.625791e+01
8.625791e+01
8.625791e+01
8.625791e+01
8.625791e+01
8.625791e+01
8.625791e+01
8.625791e+01
8.625791e+01
8.625791e+01
8.625791e+01
8.625791e+01
8.625791e+01
8.625791e+01
8.625791e+01
8.625791e+01
8.625791e+01
8.625791e+01
8.625791e+01
8.625791e+01
8.625791e+01
8.625791e+01
8.625791e+01
8.625791e+01
8.625791e+01
8.625791e+01
8.625791e+01
8.625791e+01
8.625791e+01
8.625791e+01
8.625791e+01
8.625791e+01
8.625791e+01
8.625791e+01
8.625791e+01
8.625791e+01
8.625791e+01
8.625791e+01
8.625791e+01
8.625791e+01
8.625791e+01
8.625791e+01
8.625791e+01
8.625791e+01
8.625791e+01
8.625791e+01
8.625791e+01
8.625791e+01
8.625791e+01
8.625791e+01
8.625791e+01
8.625791e+01
8.625791e+01
8.625791e+01
8.625791e+01
8.625791e+01
8.625791e+01
8.625791e+01
8.625791e+01
8.625791e+01
8.625791e+01
8.625791e+01
8.625791e+01
8.625791e+01
8.625791e+01
8.625791e+01
8.625791e+01
8.625791e+01
8.625791e+01
8.625791e+01
8.625791e+01
8.625791e+01
8.625791e+01
8.625791e+01
8.625791e+01
8.625791e+01
8.625791e+01
8.625791e+01
8.625791e+01
8.625791e+01
8.625791e+01
8.625791e+01
8.625791e+01
8.625791e+01
8.625791e+01
8.625791e+01
8.625791e+01
8.625791e+01
8.625791e+01
8.625791e+01
8.625791e+01
8.625791e+01
8.625791e+01
8.625791e+01
8.625791e+01
8.625791e+01
8.625791e+01
8.625791e+01
8.625791e+01
8.625791e+01
8.625791e+01
8.625791e+01
8.625791e+01
8.625791e+01
8.625791e+01
8.625791e+01
8.625791e+01
8.625791e+01
8.625791e+01
8.625791e+01
8.625791e+01
8.625791e+01
8.625791e+01
8.625791e+01
8.625791e+01
8.625791e+01
8.625791e+01
8.625791e+01
8.625791e+01
8.625791e+01
8.625791e+01
8.625791e+01
8.625791e+01
8.625791e+01
8.625791e+01
8.625791e+01
8.625791e+01
8.625791e+01
8.625791e+01
8.625791e+01
8.625791e+01
8.625791e+01
8.625791e+01
8.625791e+01
8.625791e+01
8.625791e+01
8.625791e+01
8.625791e+01
8.625791e+01
8.625791e+01
8.625791e+01
8.625791e+01
8.625791e+01
8.625791e+01
8.625791e+01
8.625791e+01
8.625791e+01
8.625791e+01
8.625791e+01
8.625791e+01
8.625791e+01
8.625791e+01
8.625791e+01
8.625791e+01
8.625791e+01
8.625791e+01
8.625791e+01
8.625791e+01
8.625791e+01
8.625791e+01
8.625791e+01
8.625791e+01
8.625791e+01
8.625791e+01
8.625791e+01
8.625791e+01
8.625791e+01
8.625791e+01
8.625791e+01
8.625791e+01
8.625791e+01
8.625791e+01
8.625791e+01
8.625791e+01
8.625791e+01
8.625791e+01
8.625791e+01
8.625791e+01
8.625791e+01
8.625791e+01
8.625791e+01
8.625791e+01
8.625791e+01
8.625791e+01
8.625791e+01
8.625791e+01
8.625791e+01
8.625791e+01
8.625791e+01
8.625791e+01
8.625791e+01
8.625791e+01
8.625791e+01
8.625791e+01
8.625791e+01
8.625791e+01
8.625791e+01
8.625791e+01
8.625791e+01
8.625791e+01
8.625791e+01
8.625791e+01
8.625791e+01
8.625791e+01
8.625791e+01
8.625791e+01
8.625791e+01
8.625791e+01
8.625791e+01
8.625791e+01
8.625791e+01
8.625791e+01
8.625791e+01
8.625791e+01
8.625791e+01
8.625791e+01
8.625791e+01
8.625791e+01
8.625791e+01
8.625791e+01
8.625791e+01
8.625791e+01
8.625791e+01
8.625791e+01
8.625791e+01
8.625791e+01
8.625791e+01
8.625791e+01
8.625791e+01
8.625791e+01
8.625791e+01
8.625791e+01
8.625791e+01
8.625791e+01
8.625791e+01
8.625791e+01
8.625791e+01
8.625791e+01
8.625791e+01
8.625791e+01
8.625791e+01
