5.703728e+02
5.329290e+02
5.020592e+02
4.828177e+02
4.736468e+02
4.456899e+02
4.349468e+02
4.205673e+02
4.058266e+02
3.910039e+02
3.814265e+02
3.755721e+02
3.696989e+02
3.594627e+02
3.540848e+02
3.450391e+02
3.377363e+02
3.261098e+02
3.212657e+02
3.143714e+02
3.073509e+02
2.967590e+02
2.859678e+02
2.797840e+02
2.763450e+02
2.738213e+02
2.721193e+02
2.695537e+02
2.661065e+02
2.609390e+02
2.573441e+02
2.542413e+02
2.514514e+02
2.480760e+02
2.451521e+02
2.433498e+02
2.419581e+02
2.410733e+02
2.392147e+02
2.362681e+02
2.352498e+02
2.318441e+02
2.310207e+02
2.298352e+02
2.284606e+02
2.253952e+02
2.244140e+02
2.205275e+02
2.175109e+02
2.166314e+02
2.137706e+02
2.115815e+02
2.106733e+02
2.073221e+02
2.064831e+02
2.049517e+02
2.034000e+02
2.007799e+02
1.992896e+02
1.987647e+02
1.974654e+02
1.929782e+02
1.893611e+02
1.878781e+02
1.863449e+02
1.841075e+02
1.818898e+02
1.813109e+02
1.804875e+02
1.764116e+02
1.750757e+02
1.750597e+02
1.723741e+02
1.713971e+02
1.713971e+02
1.711077e+02
1.705046e+02
1.697919e+02
1.692734e+02
1.691888e+02
1.678247e+02
1.673574e+02
1.663370e+02
1.661177e+02
1.646431e+02
1.639859e+02
1.635792e+02
1.635792e+02
1.635792e+02
1.634803e+02
1.608776e+02
1.608776e+02
1.605556e+02
1.600256e+02
1.595667e+02
1.595667e+02
1.589211e+02
1.584345e+02
1.573486e+02
1.543460e+02
1.539056e+02
1.531353e+02
1.521845e+02
1.506946e+02
1.499243e+02
1.498559e+02
1.498380e+02
1.493148e+02
1.490451e+02
1.483093e+02
1.477600e+02
1.477600e+02
1.477600e+02
1.477600e+02
1.477600e+02
1.477600e+02
1.463111e+02
1.463111e+02
1.461518e+02
1.461518e+02
1.459203e+02
1.459203e+02
1.449036e+02
1.439384e+02
1.439384e+02
1.438846e+02
1.429195e+02
1.429195e+02
1.422997e+02
1.422420e+02
1.422420e+02
1.408090e+02
1.407429e+02
1.406823e+02
1.406739e+02
1.406017e+02
1.405934e+02
1.405934e+02
1.397033e+02
1.392088e+02
1.383187e+02
1.383008e+02
1.383008e+02
1.383008e+02
1.378869e+02
1.377987e+02
1.377987e+02
1.377987e+02
1.373114e+02
1.373114e+02
1.373114e+02
1.373114e+02
1.373114e+02
1.368004e+02
1.368004e+02
1.365887e+02
1.361867e+02
1.350615e+02
1.345506e+02
1.343583e+02
1.335388e+02
1.335388e+02
1.335388e+02
1.334188e+02
1.327596e+02
1.319853e+02
1.319853e+02
1.319853e+02
1.319048e+02
1.316804e+02
1.310804e+02
1.307754e+02
1.307754e+02
1.304859e+02
1.299433e+02
1.283615e+02
1.280720e+02
1.280720e+02
1.280720e+02
1.280720e+02
1.279512e+02
1.278155e+02
1.278155e+02
1.277123e+02
1.249179e+02
1.249179e+02
1.237721e+02
1.237721e+02
1.236912e+02
1.232426e+02
1.232426e+02
1.232426e+02
1.231974e+02
1.206857e+02
1.206405e+02
1.203693e+02
1.198983e+02
1.182156e+02
1.180620e+02
1.180620e+02
1.180620e+02
1.178759e+02
1.178316e+02
1.176276e+02
1.172461e+02
1.172461e+02
1.168607e+02
1.168607e+02
1.168607e+02
1.168607e+02
1.168607e+02
1.168607e+02
1.168607e+02
1.168607e+02
1.165612e+02
1.149572e+02
1.142233e+02
1.142233e+02
1.140428e+02
1.140428e+02
1.137187e+02
1.137187e+02
1.132132e+02
1.132132e+02
1.131611e+02
1.127644e+02
1.125629e+02
1.124325e+02
1.122302e+02
1.117039e+02
1.115015e+02
1.115015e+02
1.115015e+02
1.111830e+02
1.099956e+02
1.096458e+02
1.093272e+02
1.093272e+02
1.093272e+02
1.091578e+02
1.090941e+02
1.090941e+02
1.090941e+02
1.090941e+02
1.090941e+02
1.085877e+02
1.085877e+02
1.085877e+02
1.085877e+02
1.085877e+02
1.085877e+02
1.085877e+02
1.085877e+02
1.085877e+02
1.085877e+02
1.085877e+02
1.085877e+02
1.085877e+02
1.083862e+02
1.083862e+02
1.083862e+02
1.083862e+02
1.083862e+02
1.082080e+02
1.082080e+02
1.082080e+02
1.082080e+02
1.082080e+02
1.082080e+02
1.082080e+02
1.082080e+02
1.082080e+02
1.082080e+02
1.082080e+02
1.082080e+02
1.082080e+02
1.078612e+02
1.078612e+02
1.073347e+02
1.073347e+02
1.073347e+02
1.073347e+02
1.073347e+02
1.073168e+02
1.073168e+02
1.073168e+02
1.073168e+02
1.073168e+02
1.073168e+02
1.073168e+02
1.073168e+02
1.073168e+02
1.073168e+02
1.073168e+02
1.073168e+02
1.073168e+02
1.073168e+02
1.073168e+02
1.073168e+02
1.073168e+02
1.073168e+02
1.073168e+02
1.073168e+02
1.073168e+02
1.073168e+02
1.073168e+02
1.073168e+02
1.073168e+02
1.073168e+02
1.073168e+02
1.073168e+02
1.073168e+02
1.072492e+02
1.072244e+02
1.072244e+02
1.072244e+02
1.072244e+02
1.072244e+02
1.072244e+02
1.071062e+02
1.071062e+02
1.070550e+02
1.069368e+02
1.069368e+02
1.069368e+02
1.068528e+02
1.068528e+02
1.068528e+02
1.068528e+02
1.068528e+02
1.068528e+02
1.068528e+02
1.068528e+02
1.068528e+02
1.068528e+02
1.068528e+02
1.058463e+02
1.058463e+02
1.057168e+02
1.057168e+02
1.057168e+02
1.057168e+02
1.057168e+02
1.057168e+02
1.057168e+02
1.057168e+02
1.057168e+02
1.057168e+02
1.057168e+02
1.053392e+02
1.053392e+02
1.053392e+02
1.053392e+02
1.053392e+02
1.053392e+02
1.053392e+02
1.053392e+02
1.053392e+02
1.053392e+02
1.053392e+02
1.053392e+02
1.053392e+02
1.053392e+02
1.053392e+02
1.053392e+02
1.053392e+02
1.053392e+02
1.053392e+02
1.053392e+02
1.053392e+02
1.053392e+02
1.053392e+02
1.053392e+02
1.053392e+02
1.053392e+02
1.053392e+02
1.053392e+02
1.053392e+02
1.053392e+02
1.053392e+02
1.053392e+02
1.053392e+02
1.053392e+02
1.053392e+02
1.053392e+02
1.053392e+02
1.053392e+02
1.053392e+02
1.053392e+02
1.053392e+02
1.053392e+02
1.053392e+02
1.053392e+02
1.053392e+02
1.053392e+02
1.053392e+02
1.053392e+02
1.053392e+02
1.053392e+02
1.053392e+02
1.053392e+02
1.053392e+02
1.053392e+02
1.053392e+02
1.053392e+02
1.053392e+02
1.053392e+02
1.053392e+02
1.053392e+02
1.053392e+02
1.053392e+02
1.053392e+02
1.053392e+02
1.053392e+02
1.053392e+02
1.053392e+02
1.053392e+02
1.053392e+02
1.053392e+02
1.053392e+02
1.053392e+02
1.053392e+02
1.053392e+02
1.053392e+02
1.053392e+02
1.053392e+02
1.053392e+02
1.053392e+02
1.053392e+02
1.053392e+02
1.053392e+02
1.053392e+02
1.053392e+02
1.053392e+02
1.053392e+02
1.053392e+02
1.053392e+02
1.053392e+02
1.053392e+02
1.053392e+02
1.053392e+02
1.053392e+02
1.053392e+02
1.053392e+02
1.053392e+02
1.053392e+02
1.053392e+02
1.053392e+02
1.053392e+02
1.053392e+02
1.053392e+02
1.053392e+02
1.053392e+02
1.053392e+02
1.053392e+02
1.053392e+02
1.053392e+02
1.053392e+02
1.053392e+02
1.053392e+02
1.052945e+02
1.052945e+02
1.052945e+02
1.052945e+02
1.052945e+02
1.052945e+02
1.052945e+02
1.052945e+02
1.052945e+02
1.052945e+02
1.052945e+02
1.052945e+02
1.052945e+02
1.052945e+02
1.052945e+02
1.052945e+02
1.052945e+02
1.052945e+02
1.052945e+02
1.052611e+02
1.052611e+02
1.052611e+02
1.052611e+02
1.052611e+02
1.052611e+02
1.051713e+02
1.047100e+02
1.047100e+02
1.047100e+02
1.047100e+02
1.046838e+02
1.046838e+02
1.046838e+02
1.046838e+02
1.046838e+02
1.046838e+02
1.046838e+02
1.046838e+02
1.046838e+02
1.046838e+02
1.046838e+02
1.046838e+02
1.046838e+02
1.046838e+02
1.046838e+02
1.046838e+02
1.046838e+02
1.046838e+02
1.046838e+02
1.046838e+02
1.046838e+02
1.046838e+02
1.046838e+02
1.046838e+02
1.046838e+02
1.041560e+02
1.041560e+02
1.041560e+02
1.041560e+02
1.041560e+02
1.041560e+02
1.041560e+02
1.041560e+02
1.041560e+02
1.041560e+02
1.041560e+02
1.038056e+02
1.038056e+02
1.038056e+02
1.038056e+02
1.038056e+02
1.038056e+02
1.038056e+02
1.038056e+02
1.038056e+02
1.038056e+02
1.038056e+02
1.038056e+02
1.038056e+02
1.038056e+02
1.038056e+02
1.038056e+02
1.038056e+02
1.038056e+02
1.038056e+02
1.038056e+02
1.038056e+02
1.038056e+02
1.038056e+02
1.038056e+02
1.038056e+02
1.038056e+02
1.038056e+02
1.038056e+02
1.038056e+02
1.038056e+02
1.038056e+02
1.038056e+02
1.038056e+02
1.038056e+02
1.038056e+02
1.038056e+02
1.038056e+02
1.038056e+02
1.038056e+02
1.038056e+02
1.038056e+02
1.038056e+02
1.038056e+02
1.038056e+02
1.038056e+02
1.038056e+02
1.038056e+02
1.038056e+02
1.038056e+02
1.038056e+02
1.038056e+02
1.038056e+02
1.038056e+02
1.038056e+02
1.038056e+02
1.038056e+02
1.038056e+02
1.038056e+02
1.038056e+02
1.038056e+02
1.038056e+02
1.038056e+02
1.038056e+02
1.038056e+02
1.038056e+02
1.038056e+02
1.038056e+02
1.038056e+02
1.038056e+02
1.038056e+02
1.038056e+02
1.038056e+02
1.038056e+02
1.038056e+02
1.038056e+02
1.038056e+02
1.038056e+02
1.038056e+02
1.038056e+02
1.038056e+02
1.038056e+02
1.038056e+02
1.038056e+02
1.038056e+02
1.038056e+02
1.038056e+02
1.038056e+02
1.038056e+02
1.038056e+02
1.038056e+02
1.038056e+02
1.038056e+02
1.038056e+02
1.038056e+02
1.038056e+02
1.038056e+02
1.038056e+02
1.038056e+02
1.038056e+02
1.038056e+02
1.038056e+02
1.038056e+02
1.038056e+02
1.038056e+02
1.031585e+02
1.031585e+02
1.031585e+02
1.031585e+02
1.031585e+02
1.031585e+02
1.031585e+02
1.031585e+02
1.031585e+02
1.031585e+02
1.031585e+02
1.031585e+02
1.031585e+02
1.031585e+02
1.031585e+02
1.031585e+02
1.030729e+02
1.030729e+02
1.030729e+02
1.030729e+02
1.030729e+02
1.030729e+02
1.030729e+02
1.030729e+02
1.030729e+02
1.030729e+02
1.030729e+02
1.030729e+02
1.030729e+02
1.030729e+02
1.030729e+02
1.030729e+02
1.030729e+02
1.030729e+02
1.030729e+02
1.030729e+02
1.030729e+02
1.030729e+02
1.030729e+02
1.030729e+02
1.030729e+02
1.030729e+02
1.030729e+02
1.030729e+02
1.030729e+02
1.030729e+02
1.030729e+02
1.030729e+02
1.030729e+02
1.030729e+02
1.030729e+02
1.030729e+02
1.030729e+02
1.030729e+02
1.030729e+02
1.030729e+02
1.030729e+02
1.030729e+02
1.030729e+02
1.030729e+02
1.030729e+02
1.030729e+02
1.030729e+02
1.030729e+02
1.030729e+02
1.030729e+02
1.030729e+02
1.030729e+02
1.030729e+02
1.030729e+02
1.030729e+02
1.030729e+02
1.030729e+02
1.030729e+02
1.030729e+02
1.030729e+02
1.030729e+02
1.030729e+02
1.030729e+02
1.030729e+02
1.030729e+02
1.030729e+02
1.030729e+02
1.030729e+02
1.030729e+02
1.030729e+02
1.030729e+02
1.030729e+02
1.030729e+02
1.030729e+02
1.030729e+02
1.030729e+02
1.030729e+02
1.030729e+02
1.030729e+02
1.030729e+02
1.030729e+02
1.030729e+02
1.030729e+02
1.030729e+02
1.030729e+02
1.030729e+02
1.030729e+02
1.030729e+02
1.030729e+02
1.030729e+02
1.030729e+02
1.030729e+02
1.030729e+02
1.030729e+02
1.030729e+02
1.030729e+02
1.030729e+02
1.030729e+02
1.030729e+02
1.030729e+02
1.030729e+02
1.030729e+02
1.030729e+02
1.030729e+02
1.030729e+02
1.030729e+02
1.030729e+02
1.030729e+02
1.030729e+02
1.030729e+02
1.030729e+02
1.030729e+02
1.030729e+02
1.030729e+02
1.030729e+02
1.030729e+02
1.030729e+02
1.030729e+02
1.030729e+02
1.030729e+02
1.030729e+02
1.030729e+02
1.030729e+02
1.030729e+02
1.030729e+02
1.030729e+02
1.030729e+02
1.030729e+02
1.030729e+02
1.030729e+02
1.030729e+02
1.030729e+02
1.030729e+02
1.030729e+02
1.030729e+02
1.030729e+02
1.030729e+02
1.030729e+02
1.030729e+02
1.030729e+02
1.030729e+02
1.030729e+02
1.030729e+02
1.030729e+02
1.030729e+02
1.030729e+02
1.030729e+02
1.030729e+02
1.030729e+02
1.030729e+02
1.030729e+02
1.030729e+02
1.030729e+02
1.030729e+02
1.030729e+02
1.030729e+02
1.030729e+02
1.030729e+02
1.030729e+02
1.030729e+02
1.030729e+02
1.030729e+02
1.030729e+02
1.030729e+02
1.030729e+02
1.030729e+02
1.030729e+02
1.030729e+02
1.030729e+02
1.030729e+02
1.030729e+02
1.030729e+02
1.030729e+02
1.030729e+02
1.030729e+02
1.030729e+02
1.030729e+02
1.030729e+02
1.030729e+02
1.030729e+02
1.030729e+02
1.030729e+02
1.027583e+02
1.027583e+02
1.027583e+02
1.027583e+02
1.027583e+02
1.027583e+02
1.027583e+02
1.027583e+02
1.027583e+02
1.027583e+02
1.027583e+02
1.027583e+02
1.027583e+02
1.027583e+02
1.027583e+02
1.027583e+02
1.027583e+02
1.027583e+02
1.027583e+02
1.027583e+02
1.027583e+02
1.027583e+02
1.027583e+02
1.027583e+02
1.027583e+02
1.027583e+02
1.027583e+02
1.027583e+02
1.027583e+02
1.027583e+02
1.027583e+02
1.027583e+02
1.027583e+02
1.027583e+02
1.027583e+02
1.027583e+02
1.027583e+02
1.027583e+02
1.027583e+02
1.027583e+02
1.027583e+02
1.027583e+02
1.027583e+02
1.027583e+02
1.027583e+02
1.027583e+02
1.027583e+02
1.027583e+02
1.027583e+02
1.027583e+02
1.027583e+02
1.027583e+02
1.027583e+02
1.027583e+02
1.027583e+02
1.027583e+02
1.027583e+02
1.027583e+02
1.027583e+02
1.027583e+02
1.027583e+02
1.027583e+02
1.027583e+02
1.027583e+02
1.027583e+02
1.027583e+02
1.027583e+02
1.027583e+02
1.027583e+02
1.027583e+02
1.027583e+02
1.027583e+02
1.027583e+02
1.027583e+02
1.027583e+02
1.027583e+02
1.027583e+02
1.027583e+02
1.027583e+02
1.027583e+02
1.027583e+02
1.027583e+02
1.027583e+02
1.027583e+02
1.027583e+02
1.027583e+02
1.027583e+02
1.027583e+02
1.027583e+02
1.027583e+02
1.027583e+02
1.027583e+02
1.027583e+02
1.027583e+02
1.027583e+02
1.027583e+02
1.027583e+02
1.027583e+02
1.027583e+02
1.027583e+02
1.027583e+02
1.027583e+02
1.027583e+02
1.027583e+02
1.027583e+02
1.027583e+02
1.027583e+02
1.027583e+02
1.027583e+02
1.027583e+02
1.027583e+02
1.027583e+02
1.027583e+02
1.027583e+02
1.027583e+02
1.027583e+02
1.027583e+02
1.027583e+02
1.027583e+02
1.027583e+02
1.027583e+02
1.027583e+02
1.027583e+02
1.027583e+02
1.027583e+02
1.027583e+02
1.027583e+02
1.027583e+02
1.027583e+02
1.027583e+02
1.027583e+02
1.027583e+02
1.027583e+02
1.027583e+02
1.027583e+02
1.027583e+02
1.027583e+02
1.027583e+02
1.027583e+02
1.027583e+02
1.027583e+02
1.027583e+02
1.027583e+02
1.027583e+02
1.027583e+02
1.027583e+02
1.027583e+02
1.027583e+02
1.027583e+02
1.027583e+02
1.027583e+02
1.027583e+02
1.027583e+02
1.027583e+02
1.027583e+02
1.027583e+02
1.027583e+02
1.027583e+02
1.027583e+02
1.027583e+02
1.027583e+02
1.027583e+02
1.027583e+02
1.027583e+02
1.027583e+02
1.027583e+02
1.027583e+02
1.027583e+02
1.027583e+02
1.027583e+02
1.027583e+02
1.027583e+02
1.027583e+02
1.027583e+02
1.027583e+02
1.027583e+02
1.027583e+02
1.027583e+02
1.027583e+02
1.027583e+02
1.027583e+02
1.027583e+02
1.027583e+02
1.027583e+02
1.027583e+02
1.027583e+02
1.027583e+02
1.027583e+02
1.027583e+02
1.027583e+02
1.027583e+02
1.027583e+02
1.027583e+02
1.027583e+02
1.027583e+02
1.027583e+02
1.027583e+02
1.027583e+02
1.027583e+02
1.027583e+02
1.027583e+02
1.027583e+02
1.027583e+02
1.027583e+02
1.027583e+02
1.027583e+02
1.027583e+02
1.027583e+02
1.027583e+02
1.027583e+02
1.027583e+02
1.027583e+02
1.027583e+02
1.027583e+02
1.027583e+02
1.027583e+02
1.027583e+02
1.027583e+02
1.027583e+02
1.027583e+02
1.027583e+02
1.027583e+02
1.027583e+02
1.027583e+02
1.027583e+02
1.027583e+02
1.027583e+02
1.027583e+02
1.027583e+02
1.027583e+02
1.027583e+02
1.027583e+02
1.027583e+02
1.027583e+02
1.027583e+02
1.027583e+02
1.027583e+02
1.027583e+02
1.027583e+02
1.027583e+02
1.027583e+02
1.027583e+02
1.027583e+02
1.027583e+02
1.027583e+02
1.027583e+02
1.027583e+02
1.027583e+02
1.027583e+02
1.027583e+02
1.027583e+02
1.027583e+02
1.027583e+02
1.027583e+02
1.027583e+02
1.027583e+02
1.027583e+02
1.027583e+02
1.027583e+02
1.027583e+02
1.027583e+02
1.027583e+02
1.027583e+02
1.027583e+02
1.027583e+02
1.027583e+02
1.027583e+02
1.027583e+02
1.027583e+02
1.027583e+02
1.027583e+02
1.027583e+02
1.027583e+02
1.027583e+02
1.027583e+02
1.027583e+02
1.027583e+02
1.027583e+02
1.027583e+02
1.027583e+02
1.027583e+02
1.027583e+02
1.027583e+02
1.027583e+02
1.027583e+02
1.027583e+02
1.027583e+02
1.027583e+02
1.027583e+02
1.027583e+02
1.027583e+02
1.027583e+02
1.027583e+02
1.027583e+02
1.027583e+02
1.027583e+02
1.027583e+02
1.027583e+02
1.027583e+02
1.027583e+02
1.027583e+02
1.027583e+02
1.027583e+02
1.027583e+02
1.027583e+02
1.027583e+02
1.027583e+02
1.027583e+02
1.027583e+02
1.027583e+02
1.027583e+02
1.027583e+02
1.027583e+02
1.027583e+02
1.027433e+02
1.027433e+02
1.027433e+02
1.027433e+02
1.027433e+02
1.027433e+02
1.027433e+02
1.027433e+02
1.027433e+02
1.027433e+02
1.027433e+02
1.027433e+02
1.027433e+02
1.027433e+02
1.027433e+02
1.027433e+02
1.027433e+02
1.027433e+02
1.027433e+02
1.027433e+02
1.027433e+02
1.027433e+02
1.027433e+02
1.027433e+02
1.027433e+02
1.027433e+02
1.027433e+02
1.027433e+02
1.027433e+02
1.027433e+02
1.027433e+02
1.027433e+02
1.027433e+02
1.027433e+02
1.027433e+02
1.027433e+02
1.027433e+02
1.027433e+02
1.027433e+02
1.027433e+02
1.027433e+02
1.027433e+02
1.027433e+02
1.027433e+02
1.027433e+02
1.027433e+02
1.027433e+02
1.027433e+02
1.027433e+02
1.027433e+02
1.027433e+02
1.027433e+02
1.027433e+02
1.027433e+02
1.027433e+02
1.027433e+02
1.027433e+02
1.027433e+02
1.027433e+02
1.013370e+02
1.013370e+02
1.013370e+02
1.013370e+02
1.013370e+02
1.013370e+02
1.013370e+02
1.013370e+02
1.013370e+02
1.013370e+02
1.013370e+02
1.013370e+02
1.013370e+02
1.013370e+02
1.013370e+02
1.013370e+02
1.013370e+02
1.013370e+02
1.013370e+02
1.013370e+02
1.013370e+02
1.013370e+02
1.013370e+02
1.013370e+02
1.013370e+02
1.013370e+02
1.013370e+02
1.013370e+02
1.013370e+02
1.013370e+02
1.013370e+02
1.013370e+02
1.013370e+02
1.013370e+02
1.013370e+02
1.013370e+02
1.013370e+02
1.013370e+02
1.013370e+02
1.013370e+02
1.013370e+02
1.013370e+02
1.013370e+02
1.013370e+02
1.013370e+02
1.013370e+02
1.013370e+02
1.013370e+02
1.013370e+02
1.013370e+02
1.013370e+02
1.013370e+02
1.013370e+02
1.013370e+02
1.013370e+02
1.013370e+02
1.013370e+02
1.013370e+02
1.013370e+02
1.013370e+02
1.013370e+02
1.013370e+02
1.013370e+02
1.013370e+02
1.013370e+02
1.013370e+02
1.013370e+02
1.013370e+02
1.013370e+02
1.013370e+02
1.013370e+02
1.013370e+02
1.013370e+02
1.013370e+02
1.013370e+02
1.013370e+02
1.013370e+02
1.013370e+02
1.013370e+02
1.013370e+02
1.013370e+02
1.013370e+02
1.013370e+02
1.013370e+02
1.013370e+02
1.013370e+02
1.013370e+02
1.013370e+02
1.013370e+02
1.013370e+02
1.013370e+02
1.013370e+02
1.013370e+02
1.013370e+02
1.013370e+02
1.013370e+02
1.013370e+02
1.013370e+02
1.013370e+02
1.013370e+02
1.013370e+02
1.013370e+02
1.013370e+02
1.013370e+02
1.013370e+02
1.013370e+02
1.013370e+02
1.013370e+02
1.013370e+02
1.013370e+02
1.013370e+02
1.013370e+02
1.013370e+02
1.013370e+02
1.013370e+02
1.013370e+02
1.013370e+02
1.013370e+02
1.013370e+02
1.013370e+02
1.013370e+02
1.013370e+02
1.013370e+02
1.013370e+02
1.013370e+02
1.013370e+02
1.013370e+02
1.013370e+02
1.013370e+02
1.013370e+02
1.013370e+02
1.013370e+02
1.013370e+02
1.013370e+02
1.013370e+02
1.013370e+02
1.013370e+02
1.013370e+02
1.013370e+02
1.013370e+02
1.013370e+02
1.013370e+02
1.013370e+02
1.013370e+02
1.013370e+02
1.013370e+02
1.013370e+02
1.013370e+02
1.013370e+02
1.013370e+02
1.013370e+02
1.013370e+02
1.013370e+02
1.013370e+02
1.013221e+02
1.013221e+02
1.013221e+02
1.013221e+02
1.013221e+02
1.013221e+02
1.013221e+02
1.013221e+02
1.013221e+02
1.013221e+02
1.013221e+02
1.013221e+02
1.013221e+02
1.013221e+02
1.013221e+02
1.013221e+02
1.013221e+02
1.013221e+02
1.013221e+02
1.013221e+02
1.013221e+02
1.013221e+02
1.013221e+02
1.013221e+02
1.013221e+02
1.013221e+02
1.013221e+02
1.013221e+02
1.013221e+02
1.013221e+02
1.013221e+02
1.013221e+02
1.013221e+02
1.013221e+02
1.013221e+02
1.013221e+02
1.013221e+02
1.013221e+02
1.013221e+02
1.013221e+02
1.013221e+02
1.013221e+02
1.013221e+02
1.013221e+02
1.013221e+02
1.013221e+02
1.013221e+02
1.013221e+02
1.013221e+02
1.013221e+02
1.013221e+02
1.013221e+02
1.013221e+02
1.013221e+02
1.013221e+02
1.013221e+02
1.013221e+02
1.013221e+02
1.013221e+02
1.013221e+02
1.013221e+02
1.013221e+02
1.013221e+02
1.013221e+02
1.013221e+02
1.013221e+02
1.013221e+02
1.013221e+02
1.013221e+02
1.013221e+02
1.013221e+02
1.013221e+02
1.013221e+02
1.013221e+02
1.013221e+02
1.013221e+02
1.013221e+02
1.013221e+02
1.013221e+02
1.013221e+02
1.013221e+02
1.013221e+02
1.013221e+02
1.013221e+02
1.013221e+02
1.013221e+02
1.013221e+02
1.013221e+02
1.013221e+02
1.013221e+02
1.013221e+02
1.013221e+02
1.013221e+02
1.013221e+02
1.013221e+02
1.013221e+02
1.013221e+02
1.013221e+02
1.013221e+02
1.013221e+02
1.013221e+02
1.013221e+02
1.013221e+02
1.013221e+02
1.013221e+02
1.013221e+02
1.013221e+02
1.013221e+02
1.013221e+02
1.013221e+02
1.013221e+02
1.013221e+02
1.013221e+02
1.013221e+02
1.013221e+02
1.013221e+02
1.013221e+02
1.013221e+02
1.013221e+02
1.013221e+02
1.013221e+02
1.013221e+02
1.013221e+02
1.013221e+02
1.013221e+02
1.013221e+02
1.013221e+02
1.013221e+02
1.013221e+02
1.013221e+02
1.013221e+02
1.013221e+02
1.013221e+02
1.013221e+02
1.013221e+02
1.013221e+02
1.013221e+02
1.013221e+02
1.013221e+02
1.013221e+02
1.013221e+02
1.013221e+02
1.013221e+02
1.013221e+02
1.013221e+02
1.013221e+02
1.013221e+02
1.013221e+02
1.013221e+02
1.013221e+02
1.013221e+02
1.013221e+02
1.013221e+02
1.013221e+02
1.013221e+02
1.013221e+02
1.013221e+02
1.013221e+02
1.013221e+02
1.013221e+02
1.013221e+02
1.013221e+02
1.013221e+02
1.013221e+02
1.013221e+02
1.013221e+02
1.013221e+02
1.013221e+02
1.013221e+02
1.013221e+02
1.013221e+02
1.013221e+02
1.013221e+02
1.013221e+02
1.013221e+02
1.013221e+02
1.013221e+02
1.013221e+02
1.013221e+02
1.013221e+02
1.013221e+02
1.013221e+02
1.013221e+02
1.013221e+02
1.013221e+02
1.013221e+02
1.013221e+02
1.013221e+02
1.013221e+02
1.013221e+02
1.013221e+02
1.013221e+02
1.013221e+02
1.013221e+02
1.013221e+02
1.013221e+02
1.013221e+02
1.013221e+02
1.013221e+02
1.013221e+02
1.013221e+02
1.013221e+02
1.013221e+02
1.013221e+02
1.013221e+02
1.013221e+02
1.013221e+02
1.013221e+02
1.013221e+02
1.013221e+02
1.013221e+02
1.013221e+02
1.013221e+02
1.013221e+02
1.013221e+02
1.013221e+02
1.013221e+02
1.013221e+02
1.013221e+02
1.013221e+02
1.013221e+02
1.013221e+02
1.013221e+02
1.013221e+02
1.013221e+02
1.013221e+02
1.013221e+02
1.013221e+02
1.013221e+02
1.013221e+02
1.013221e+02
1.013221e+02
1.013221e+02
1.013221e+02
1.013221e+02
1.013221e+02
1.013221e+02
1.013221e+02
1.013221e+02
1.013221e+02
1.013221e+02
1.013221e+02
1.013221e+02
1.013221e+02
1.013221e+02
1.013221e+02
1.013221e+02
1.013221e+02
1.013221e+02
1.013221e+02
1.013221e+02
1.013221e+02
1.013221e+02
1.013221e+02
1.013221e+02
1.013221e+02
1.013221e+02
1.013221e+02
1.013221e+02
1.013221e+02
1.013221e+02
1.013221e+02
1.013221e+02
1.013221e+02
1.013221e+02
1.013221e+02
1.013221e+02
1.013221e+02
1.013221e+02
1.013221e+02
1.013221e+02
1.013221e+02
1.013221e+02
1.013221e+02
1.013221e+02
1.013221e+02
1.013221e+02
1.013221e+02
1.013221e+02
1.013221e+02
1.013221e+02
1.013221e+02
1.013221e+02
1.013221e+02
1.013221e+02
1.013221e+02
1.013221e+02
1.013221e+02
1.013221e+02
1.013221e+02
1.013221e+02
1.013221e+02
1.013221e+02
1.013221e+02
1.013221e+02
1.013221e+02
1.013221e+02
1.013221e+02
1.013221e+02
1.013221e+02
1.013221e+02
1.013221e+02
1.013221e+02
1.013221e+02
1.013221e+02
1.013221e+02
1.013221e+02
1.013221e+02
1.013221e+02
1.013221e+02
1.013221e+02
1.013221e+02
1.013221e+02
1.013221e+02
1.013221e+02
1.013221e+02
1.013221e+02
1.013221e+02
1.013221e+02
1.013221e+02
1.013221e+02
1.013221e+02
1.013221e+02
1.013221e+02
1.013221e+02
1.013221e+02
1.013221e+02
1.013221e+02
1.013221e+02
1.013221e+02
1.013221e+02
1.013221e+02
1.013221e+02
1.013221e+02
1.013221e+02
1.013221e+02
1.013221e+02
1.013221e+02
1.013221e+02
1.013221e+02
1.013221e+02
1.013221e+02
1.013221e+02
1.013221e+02
1.013221e+02
1.013221e+02
1.013221e+02
1.013221e+02
1.013221e+02
1.013221e+02
1.013221e+02
1.013221e+02
1.013221e+02
1.013221e+02
1.013221e+02
1.013221e+02
1.013221e+02
1.013221e+02
1.013221e+02
1.013221e+02
1.013221e+02
1.013221e+02
1.013221e+02
1.013221e+02
1.013221e+02
1.013221e+02
1.013221e+02
1.013221e+02
1.013221e+02
1.013221e+02
1.013221e+02
1.013221e+02
1.013221e+02
1.013221e+02
1.013221e+02
1.013221e+02
1.013221e+02
1.013221e+02
1.013221e+02
1.013221e+02
1.013221e+02
1.013221e+02
1.013221e+02
1.013221e+02
1.013221e+02
1.013221e+02
1.013221e+02
1.013221e+02
1.013221e+02
1.013221e+02
1.013221e+02
1.013221e+02
1.013221e+02
1.013221e+02
1.013221e+02
1.013221e+02
1.013221e+02
1.013221e+02
1.013221e+02
1.013221e+02
1.013221e+02
1.013221e+02
1.013221e+02
1.013221e+02
1.013221e+02
1.013221e+02
1.013221e+02
1.013221e+02
1.013221e+02
1.013221e+02
1.013221e+02
1.013221e+02
1.013221e+02
1.013221e+02
1.013221e+02
1.013221e+02
1.013221e+02
1.013221e+02
1.013221e+02
1.013221e+02
1.013221e+02
1.013221e+02
1.013221e+02
1.013221e+02
1.013221e+02
1.013221e+02
1.013221e+02
1.013221e+02
1.013221e+02
1.013221e+02
1.013221e+02
1.013221e+02
1.013221e+02
1.013221e+02
1.013221e+02
1.013221e+02
1.013221e+02
1.013221e+02
1.013221e+02
1.013221e+02
1.013221e+02
1.013221e+02
1.013221e+02
1.013221e+02
1.013221e+02
1.013221e+02
9.733979e+01
9.733979e+01
9.733979e+01
9.733979e+01
9.733979e+01
9.733979e+01
9.733979e+01
9.733979e+01
9.733979e+01
9.733979e+01
9.733979e+01
9.733979e+01
9.733979e+01
9.733979e+01
9.733979e+01
9.733979e+01
9.733979e+01
9.733979e+01
9.733979e+01
9.733979e+01
9.733979e+01
9.733979e+01
9.733979e+01
9.733979e+01
9.733979e+01
9.733979e+01
9.733979e+01
9.733979e+01
9.733979e+01
9.733979e+01
9.733979e+01
9.733979e+01
9.733979e+01
9.733979e+01
9.733979e+01
9.733979e+01
9.733979e+01
9.733979e+01
9.733979e+01
9.733979e+01
9.733979e+01
9.733979e+01
9.733979e+01
9.733979e+01
9.733979e+01
9.733979e+01
9.733979e+01
9.733979e+01
9.733979e+01
9.733979e+01
9.733979e+01
9.733979e+01
9.733979e+01
9.733979e+01
9.733979e+01
9.733979e+01
9.733979e+01
9.733979e+01
9.733979e+01
9.733979e+01
9.733979e+01
9.733979e+01
9.733979e+01
9.733979e+01
9.733979e+01
9.733979e+01
9.733979e+01
9.733979e+01
9.733979e+01
9.688188e+01
9.688188e+01
9.688188e+01
9.688188e+01
9.688188e+01
9.688188e+01
9.688188e+01
9.688188e+01
9.688188e+01
9.688188e+01
9.688188e+01
9.688188e+01
9.688188e+01
9.688188e+01
9.688188e+01
9.688188e+01
9.688188e+01
9.688188e+01
9.688188e+01
9.688188e+01
9.688188e+01
9.688188e+01
9.688188e+01
9.688188e+01
9.688188e+01
9.688188e+01
9.688188e+01
9.688188e+01
9.688188e+01
9.688188e+01
9.688188e+01
9.688188e+01
9.688188e+01
9.688188e+01
9.688188e+01
9.688188e+01
9.688188e+01
9.688188e+01
9.688188e+01
9.688188e+01
9.688188e+01
9.688188e+01
9.688188e+01
9.688188e+01
9.688188e+01
9.688188e+01
9.688188e+01
9.688188e+01
9.688188e+01
9.688188e+01
9.688188e+01
9.688188e+01
9.688188e+01
9.688188e+01
9.688188e+01
9.688188e+01
9.688188e+01
9.688188e+01
9.688188e+01
9.688188e+01
9.688188e+01
9.688188e+01
9.688188e+01
9.688188e+01
9.688188e+01
9.688188e+01
9.688188e+01
9.664312e+01
9.664312e+01
9.664312e+01
9.664312e+01
9.664312e+01
9.664312e+01
9.664312e+01
9.664312e+01
9.664312e+01
9.664312e+01
9.664312e+01
9.664312e+01
9.664312e+01
9.664312e+01
9.664312e+01
9.664312e+01
9.664312e+01
9.664312e+01
9.664312e+01
9.664312e+01
9.664312e+01
9.664312e+01
9.664312e+01
9.664312e+01
9.664312e+01
9.664312e+01
9.664312e+01
9.664312e+01
9.664312e+01
9.664312e+01
9.664312e+01
9.664312e+01
9.664312e+01
9.664312e+01
9.664312e+01
9.664312e+01
9.664312e+01
9.664312e+01
9.664312e+01
9.664312e+01
9.664312e+01
9.664312e+01
9.664312e+01
9.664312e+01
9.664312e+01
9.664312e+01
9.664312e+01
9.664312e+01
9.664312e+01
9.664312e+01
9.664312e+01
9.664312e+01
9.664312e+01
9.664312e+01
9.664312e+01
9.664312e+01
9.664312e+01
9.664312e+01
9.664312e+01
9.664312e+01
9.664312e+01
9.664312e+01
9.664312e+01
9.664312e+01
9.664312e+01
9.664312e+01
9.664312e+01
9.664312e+01
9.664312e+01
9.664312e+01
9.664312e+01
9.664312e+01
9.664312e+01
9.664312e+01
9.664312e+01
9.664312e+01
9.664312e+01
9.664312e+01
9.664312e+01
9.664312e+01
9.664312e+01
9.664312e+01
9.664312e+01
9.664312e+01
9.664312e+01
9.664312e+01
9.664312e+01
9.664312e+01
9.664312e+01
9.664312e+01
9.664312e+01
9.664312e+01
9.664312e+01
9.664312e+01
9.664312e+01
9.664312e+01
9.664312e+01
9.664312e+01
9.664312e+01
9.664312e+01
9.664312e+01
9.664312e+01
9.664312e+01
9.664312e+01
9.664312e+01
9.664312e+01
9.591198e+01
9.496516e+01
9.423311e+01
9.372833e+01
9.316147e+01
9.298173e+01
9.298173e+01
9.298173e+01
9.298173e+01
9.298173e+01
9.298173e+01
9.298173e+01
9.298173e+01
9.298173e+01
9.298173e+01
9.298173e+01
9.298173e+01
9.298173e+01
9.298173e+01
9.298173e+01
9.298173e+01
9.298173e+01
9.298173e+01
9.298173e+01
9.298173e+01
9.298173e+01
9.298173e+01
9.298173e+01
9.298173e+01
9.298173e+01
9.298173e+01
9.298173e+01
9.298173e+01
9.298173e+01
9.298173e+01
9.298173e+01
9.298173e+01
9.298173e+01
9.298173e+01
9.298173e+01
9.298173e+01
9.298173e+01
9.298173e+01
9.298173e+01
9.298173e+01
9.298173e+01
9.298173e+01
9.298173e+01
9.298173e+01
9.298173e+01
9.298173e+01
9.298173e+01
9.298173e+01
9.298173e+01
9.298173e+01
9.298173e+01
9.298173e+01
9.298173e+01
9.298173e+01
9.298173e+01
9.298173e+01
9.298173e+01
9.298173e+01
9.298173e+01
9.298173e+01
9.298173e+01
9.298173e+01
9.298173e+01
9.298173e+01
9.298173e+01
9.298173e+01
9.298173e+01
9.298173e+01
9.298173e+01
9.298173e+01
9.298173e+01
9.298173e+01
9.298173e+01
9.298173e+01
9.298173e+01
9.298173e+01
9.298173e+01
9.298173e+01
9.298173e+01
9.298173e+01
9.298173e+01
9.298173e+01
9.298173e+01
9.298173e+01
9.298173e+01
9.298173e+01
9.298173e+01
9.298173e+01
9.298173e+01
9.298173e+01
9.298173e+01
9.298173e+01
9.298173e+01
9.298173e+01
9.298173e+01
9.298173e+01
9.298173e+01
9.298173e+01
9.298173e+01
9.298173e+01
9.298173e+01
9.298173e+01
9.298173e+01
9.298173e+01
9.298173e+01
9.298173e+01
9.298173e+01
9.298173e+01
9.298173e+01
9.298173e+01
9.298173e+01
9.298173e+01
9.298173e+01
9.298173e+01
9.298173e+01
9.298173e+01
9.298173e+01
9.298173e+01
9.298173e+01
9.298173e+01
9.298173e+01
9.298173e+01
9.298173e+01
9.298173e+01
9.298173e+01
9.298173e+01
9.298173e+01
9.298173e+01
9.298173e+01
9.298173e+01
9.298173e+01
9.298173e+01
9.298173e+01
9.298173e+01
9.298173e+01
9.298173e+01
9.298173e+01
9.298173e+01
9.298173e+01
9.298173e+01
9.298173e+01
9.298173e+01
9.298173e+01
9.298173e+01
9.298173e+01
9.298173e+01
9.298173e+01
9.298173e+01
9.298173e+01
9.298173e+01
9.298173e+01
9.298173e+01
9.298173e+01
9.298173e+01
9.298173e+01
9.298173e+01
9.298173e+01
9.298173e+01
9.298173e+01
9.298173e+01
9.298173e+01
9.298173e+01
9.298173e+01
9.298173e+01
9.298173e+01
9.298173e+01
9.298173e+01
9.298173e+01
9.298173e+01
9.298173e+01
9.298173e+01
9.298173e+01
9.298173e+01
9.298173e+01
9.298173e+01
9.298173e+01
9.298173e+01
9.298173e+01
9.298173e+01
9.298173e+01
9.298173e+01
9.298173e+01
9.298173e+01
9.298173e+01
9.298173e+01
9.298173e+01
9.298173e+01
9.298173e+01
9.298173e+01
9.298173e+01
9.298173e+01
9.298173e+01
9.298173e+01
9.298173e+01
9.298173e+01
9.298173e+01
9.298173e+01
9.298173e+01
9.298173e+01
9.298173e+01
9.298173e+01
9.298173e+01
9.298173e+01
9.298173e+01
9.298173e+01
9.298173e+01
9.298173e+01
9.298173e+01
9.298173e+01
9.298173e+01
9.298173e+01
9.298173e+01
9.298173e+01
9.298173e+01
9.298173e+01
9.298173e+01
9.298173e+01
9.298173e+01
9.298173e+01
9.298173e+01
9.298173e+01
9.298173e+01
9.298173e+01
9.298173e+01
9.298173e+01
9.298173e+01
9.298173e+01
9.298173e+01
9.298173e+01
9.298173e+01
9.298173e+01
9.298173e+01
9.298173e+01
9.298173e+01
9.298173e+01
9.298173e+01
9.298173e+01
9.298173e+01
9.298173e+01
9.298173e+01
9.298173e+01
9.298173e+01
9.298173e+01
9.298173e+01
9.298173e+01
9.298173e+01
9.298173e+01
9.298173e+01
9.298173e+01
9.298173e+01
9.298173e+01
9.298173e+01
9.298173e+01
9.298173e+01
9.298173e+01
9.298173e+01
9.298173e+01
9.298173e+01
9.298173e+01
9.298173e+01
9.298173e+01
9.298173e+01
9.298173e+01
9.298173e+01
9.298173e+01
9.298173e+01
9.298173e+01
9.298173e+01
9.298173e+01
9.298173e+01
9.298173e+01
9.298173e+01
9.298173e+01
9.298173e+01
9.298173e+01
9.298173e+01
9.298173e+01
9.298173e+01
9.298173e+01
9.298173e+01
9.298173e+01
9.298173e+01
9.298173e+01
9.298173e+01
9.298173e+01
9.298173e+01
9.298173e+01
9.298173e+01
9.298173e+01
9.298173e+01
9.298173e+01
9.298173e+01
9.298173e+01
9.298173e+01
9.298173e+01
9.298173e+01
9.298173e+01
9.298173e+01
9.298173e+01
9.298173e+01
9.298173e+01
9.298173e+01
9.298173e+01
9.298173e+01
9.298173e+01
9.298173e+01
9.298173e+01
9.298173e+01
9.298173e+01
9.298173e+01
9.298173e+01
9.298173e+01
9.298173e+01
9.298173e+01
9.298173e+01
9.298173e+01
9.298173e+01
9.298173e+01
9.298173e+01
9.298173e+01
9.298173e+01
9.298173e+01
9.298173e+01
9.298173e+01
9.298173e+01
9.298173e+01
9.298173e+01
9.298173e+01
9.298173e+01
9.298173e+01
9.298173e+01
9.298173e+01
9.298173e+01
9.298173e+01
9.298173e+01
9.298173e+01
9.298173e+01
9.298173e+01
9.298173e+01
9.298173e+01
9.298173e+01
9.298173e+01
9.298173e+01
9.298173e+01
9.298173e+01
9.298173e+01
9.298173e+01
9.298173e+01
9.298173e+01
9.298173e+01
9.298173e+01
9.298173e+01
9.298173e+01
9.298173e+01
9.298173e+01
9.298173e+01
9.298173e+01
9.298173e+01
9.298173e+01
9.298173e+01
9.298173e+01
9.298173e+01
9.298173e+01
9.298173e+01
9.298173e+01
9.298173e+01
9.298173e+01
9.298173e+01
9.298173e+01
9.298173e+01
9.298173e+01
9.298173e+01
9.298173e+01
9.298173e+01
9.298173e+01
9.298173e+01
9.298173e+01
9.298173e+01
9.298173e+01
9.298173e+01
9.298173e+01
9.298173e+01
9.298173e+01
9.298173e+01
9.298173e+01
9.298173e+01
9.298173e+01
9.298173e+01
9.298173e+01
9.298173e+01
9.298173e+01
9.298173e+01
9.298173e+01
9.298173e+01
9.298173e+01
9.298173e+01
9.298173e+01
9.298173e+01
9.298173e+01
9.298173e+01
9.298173e+01
9.298173e+01
9.298173e+01
9.298173e+01
9.298173e+01
9.298173e+01
9.298173e+01
9.298173e+01
9.298173e+01
9.298173e+01
9.298173e+01
9.298173e+01
9.298173e+01
9.298173e+01
9.298173e+01
9.298173e+01
9.298173e+01
9.298173e+01
9.298173e+01
9.298173e+01
9.298173e+01
9.298173e+01
9.298173e+01
9.298173e+01
9.298173e+01
9.298173e+01
9.298173e+01
9.298173e+01
9.298173e+01
9.298173e+01
9.298173e+01
9.298173e+01
9.298173e+01
9.298173e+01
9.298173e+01
9.298173e+01
9.298173e+01
9.298173e+01
9.298173e+01
9.298173e+01
9.298173e+01
9.298173e+01
9.298173e+01
9.298173e+01
9.298173e+01
9.298173e+01
9.298173e+01
9.298173e+01
9.298173e+01
9.298173e+01
9.298173e+01
9.298173e+01
9.298173e+01
9.298173e+01
9.298173e+01
9.298173e+01
9.298173e+01
9.298173e+01
9.298173e+01
9.298173e+01
9.298173e+01
9.298173e+01
9.298173e+01
9.298173e+01
9.298173e+01
9.298173e+01
9.298173e+01
9.298173e+01
9.298173e+01
9.298173e+01
9.298173e+01
9.298173e+01
9.298173e+01
9.298173e+01
9.298173e+01
9.298173e+01
9.298173e+01
9.298173e+01
9.298173e+01
9.298173e+01
9.298173e+01
9.298173e+01
9.298173e+01
9.298173e+01
9.298173e+01
9.298173e+01
9.298173e+01
9.298173e+01
9.298173e+01
9.298173e+01
9.298173e+01
9.298173e+01
9.298173e+01
9.298173e+01
9.298173e+01
9.298173e+01
9.298173e+01
9.298173e+01
9.298173e+01
9.298173e+01
9.298173e+01
9.298173e+01
9.298173e+01
9.284976e+01
9.284976e+01
9.284976e+01
9.284976e+01
9.284976e+01
9.284976e+01
9.284976e+01
9.284976e+01
9.284976e+01
9.284976e+01
9.284976e+01
9.284976e+01
9.284976e+01
9.284976e+01
9.284976e+01
9.284976e+01
9.284976e+01
9.284976e+01
9.284976e+01
9.284976e+01
9.284976e+01
9.284976e+01
9.284976e+01
9.284976e+01
9.284976e+01
9.284976e+01
9.284976e+01
9.284976e+01
9.284976e+01
9.284976e+01
9.284976e+01
9.284976e+01
9.284976e+01
9.284976e+01
9.284976e+01
9.284976e+01
9.284976e+01
9.284976e+01
9.284976e+01
9.284976e+01
9.284976e+01
9.284976e+01
9.284976e+01
9.284976e+01
9.284976e+01
9.284976e+01
9.284976e+01
9.284976e+01
9.284976e+01
9.284976e+01
9.284976e+01
9.284976e+01
9.284976e+01
9.284976e+01
9.284976e+01
9.284976e+01
9.284976e+01
9.284976e+01
9.284976e+01
9.284976e+01
9.284976e+01
9.284976e+01
9.284976e+01
9.284976e+01
9.284976e+01
9.284976e+01
9.284976e+01
9.284976e+01
9.284976e+01
9.284976e+01
9.284976e+01
9.284976e+01
9.284976e+01
9.284976e+01
9.284976e+01
9.284976e+01
9.284976e+01
9.284976e+01
9.284976e+01
9.284976e+01
9.284976e+01
9.284976e+01
9.284976e+01
9.284976e+01
9.284976e+01
9.284976e+01
9.284976e+01
9.284976e+01
9.284976e+01
9.284976e+01
9.284976e+01
9.284976e+01
9.284976e+01
9.284976e+01
9.284976e+01
9.284976e+01
9.284976e+01
9.284976e+01
9.284976e+01
9.284976e+01
9.284976e+01
9.284976e+01
9.284976e+01
9.284976e+01
9.284976e+01
9.284976e+01
9.284976e+01
9.284976e+01
9.284976e+01
9.284976e+01
9.284976e+01
9.284976e+01
9.284976e+01
9.284976e+01
9.284976e+01
9.284976e+01
9.284976e+01
9.284976e+01
9.284976e+01
9.284976e+01
9.284976e+01
9.284976e+01
9.284976e+01
9.284976e+01
9.284976e+01
9.284976e+01
9.284976e+01
9.284976e+01
9.284976e+01
9.284976e+01
9.284976e+01
9.284976e+01
9.284976e+01
9.284976e+01
9.284976e+01
9.284976e+01
9.284976e+01
9.284976e+01
9.284976e+01
9.284976e+01
9.284976e+01
9.284976e+01
9.284976e+01
9.284976e+01
9.284976e+01
9.284976e+01
9.284976e+01
9.284976e+01
9.284976e+01
9.284976e+01
9.284976e+01
9.284976e+01
9.284976e+01
9.284976e+01
9.284976e+01
9.284976e+01
9.284976e+01
9.284976e+01
9.284976e+01
9.284976e+01
9.284976e+01
9.284976e+01
9.284976e+01
9.284976e+01
9.284976e+01
9.284976e+01
9.284976e+01
9.284976e+01
9.284976e+01
9.284976e+01
9.284976e+01
9.284976e+01
9.284976e+01
9.284976e+01
9.284976e+01
9.284976e+01
9.284976e+01
9.284976e+01
9.284976e+01
9.284976e+01
9.284976e+01
9.284976e+01
9.284976e+01
9.284976e+01
9.284976e+01
9.284976e+01
9.284976e+01
9.284976e+01
9.284976e+01
9.284976e+01
9.284976e+01
9.284976e+01
9.284976e+01
9.284976e+01
9.284976e+01
9.284976e+01
9.284976e+01
9.284976e+01
9.284976e+01
9.284976e+01
9.284976e+01
9.284976e+01
9.284976e+01
9.284976e+01
9.284976e+01
9.284976e+01
9.284976e+01
9.284976e+01
9.284976e+01
9.284976e+01
9.284976e+01
9.284976e+01
9.284976e+01
9.284976e+01
9.284976e+01
9.284976e+01
9.284976e+01
9.284976e+01
9.284976e+01
9.284976e+01
9.284976e+01
9.284976e+01
9.284976e+01
9.284976e+01
9.284976e+01
9.284976e+01
9.284976e+01
9.284976e+01
9.284976e+01
9.284976e+01
9.284976e+01
9.284976e+01
9.284976e+01
9.284976e+01
9.284976e+01
9.284976e+01
9.284976e+01
9.284976e+01
9.284976e+01
9.284976e+01
9.284976e+01
9.284976e+01
9.284976e+01
9.284976e+01
9.284976e+01
9.284976e+01
9.284976e+01
9.284976e+01
9.284976e+01
9.284976e+01
9.284976e+01
9.284976e+01
9.284976e+01
9.284976e+01
9.284976e+01
9.284976e+01
9.284976e+01
9.284976e+01
9.284976e+01
9.284976e+01
9.284976e+01
9.284976e+01
9.284976e+01
9.284976e+01
9.284976e+01
9.284976e+01
9.284976e+01
9.284976e+01
9.284976e+01
9.284976e+01
9.284976e+01
9.284976e+01
9.284976e+01
9.284976e+01
9.284976e+01
9.284976e+01
9.284976e+01
9.284976e+01
9.284976e+01
9.284976e+01
9.284976e+01
9.284976e+01
9.284976e+01
9.284976e+01
9.284976e+01
9.284976e+01
9.284976e+01
9.284976e+01
9.284976e+01
9.284976e+01
9.284976e+01
9.284976e+01
9.284976e+01
9.284976e+01
9.284976e+01
9.284976e+01
9.284976e+01
9.284976e+01
9.284976e+01
9.284976e+01
9.284976e+01
9.284976e+01
9.284976e+01
9.284976e+01
9.284976e+01
9.284976e+01
9.284976e+01
9.284976e+01
9.284976e+01
9.284976e+01
9.284976e+01
9.284976e+01
9.284976e+01
9.284976e+01
9.284976e+01
9.284976e+01
9.284976e+01
9.284976e+01
9.284976e+01
9.284976e+01
9.284976e+01
9.284976e+01
9.284976e+01
9.284976e+01
9.284976e+01
9.284976e+01
9.284976e+01
9.284976e+01
9.284976e+01
9.284976e+01
9.284976e+01
9.284976e+01
9.284976e+01
9.284976e+01
9.284976e+01
9.284976e+01
9.284976e+01
9.284976e+01
9.284976e+01
9.284976e+01
9.284976e+01
9.284976e+01
9.284976e+01
9.284976e+01
9.284976e+01
9.284976e+01
9.284976e+01
9.284976e+01
9.284976e+01
9.284976e+01
9.284976e+01
9.284976e+01
9.284976e+01
9.284976e+01
9.284976e+01
9.284976e+01
9.284976e+01
9.284976e+01
9.284976e+01
9.284976e+01
9.284976e+01
9.284976e+01
9.284976e+01
9.284976e+01
9.284976e+01
9.284976e+01
9.284976e+01
9.284976e+01
9.284976e+01
9.284976e+01
9.284976e+01
9.284976e+01
9.284976e+01
9.284976e+01
9.284976e+01
9.284976e+01
9.284976e+01
9.284976e+01
9.284976e+01
9.284976e+01
9.284976e+01
9.284976e+01
9.284976e+01
9.284976e+01
9.284976e+01
9.284976e+01
9.284976e+01
9.284976e+01
9.284976e+01
9.284976e+01
9.284976e+01
9.284976e+01
9.284976e+01
9.284976e+01
9.284976e+01
9.284976e+01
9.284976e+01
9.284976e+01
9.284976e+01
9.284976e+01
9.284976e+01
9.284976e+01
9.284976e+01
9.284976e+01
9.284976e+01
9.284976e+01
9.284976e+01
9.284976e+01
9.284976e+01
9.284976e+01
9.284976e+01
9.284976e+01
9.284976e+01
9.284976e+01
9.284976e+01
9.284976e+01
9.284976e+01
9.284976e+01
9.284976e+01
9.284976e+01
9.284976e+01
9.284976e+01
9.284976e+01
9.284976e+01
9.284976e+01
9.284976e+01
9.284976e+01
9.284976e+01
9.284976e+01
9.284976e+01
9.284976e+01
9.284976e+01
9.284976e+01
9.284976e+01
9.284976e+01
9.284976e+01
9.284976e+01
9.284976e+01
9.284976e+01
9.284976e+01
9.284976e+01
9.284976e+01
9.284976e+01
9.284976e+01
9.284976e+01
9.284976e+01
9.284976e+01
9.284976e+01
9.284976e+01
