5.488032e+02
5.144033e+02
4.930418e+02
4.722274e+02
4.578310e+02
4.326208e+02
4.150860e+02
3.989019e+02
3.880488e+02
3.729840e+02
3.564313e+02
3.443652e+02
3.316276e+02
3.150964e+02
3.067812e+02
3.013529e+02
2.959009e+02
2.922210e+02
2.845368e+02
2.800120e+02
2.724572e+02
2.664060e+02
2.632826e+02
2.579368e+02
2.517622e+02
2.488471e+02
2.394265e+02
2.365369e+02
2.311240e+02
2.299498e+02
2.285311e+02
2.267932e+02
2.249996e+02
2.226449e+02
2.207050e+02
2.180968e+02
2.136451e+02
2.129922e+02
2.114944e+02
2.090064e+02
2.072663e+02
2.048202e+02
2.024421e+02
2.013622e+02
1.988230e+02
1.952410e+02
1.914583e+02
1.873585e+02
1.827648e+02
1.818092e+02
1.805952e+02
1.789362e+02
1.768563e+02
1.746769e+02
1.737535e+02
1.727500e+02
1.703608e+02
1.692905e+02
1.683671e+02
1.675310e+02
1.671979e+02
1.658017e+02
1.639128e+02
1.632580e+02
1.621891e+02
1.618787e+02
1.610224e+02
1.584553e+02
1.573706e+02
1.571995e+02
1.570899e+02
1.561231e+02
1.552206e+02
1.545057e+02
1.539969e+02
1.534790e+02
1.530117e+02
1.523196e+02
1.512280e+02
1.502014e+02
1.487643e+02
1.433104e+02
1.411652e+02
1.391797e+02
1.390382e+02
1.390140e+02
1.387918e+02
1.381991e+02
1.380557e+02
1.371268e+02
1.369834e+02
1.368177e+02
1.360875e+02
1.357785e+02
1.357785e+02
1.352591e+02
1.346452e+02
1.346452e+02
1.339909e+02
1.339909e+02
1.338812e+02
1.337444e+02
1.335101e+02
1.331141e+02
1.329161e+02
1.327634e+02
1.327634e+02
1.327634e+02
1.327634e+02
1.324438e+02
1.323834e+02
1.320639e+02
1.319890e+02
1.319890e+02
1.319890e+02
1.318535e+02
1.318015e+02
1.315358e+02
1.310249e+02
1.310249e+02
1.310249e+02
1.302228e+02
1.302228e+02
1.301245e+02
1.301245e+02
1.298140e+02
1.290932e+02
1.230990e+02
1.227791e+02
1.226648e+02
1.223449e+02
1.223449e+02
1.223449e+02
1.223449e+02
1.220706e+02
1.219741e+02
1.219741e+02
1.219741e+02
1.219741e+02
1.217222e+02
1.217222e+02
1.217222e+02
1.217222e+02
1.214432e+02
1.202217e+02
1.199427e+02
1.199427e+02
1.198968e+02
1.198968e+02
1.196700e+02
1.196700e+02
1.196700e+02
1.196700e+02
1.196700e+02
1.196700e+02
1.196700e+02
1.196700e+02
1.196700e+02
1.196700e+02
1.196700e+02
1.196700e+02
1.193779e+02
1.193779e+02
1.184571e+02
1.177945e+02
1.177945e+02
1.177945e+02
1.176083e+02
1.176083e+02
1.176083e+02
1.173704e+02
1.171920e+02
1.171920e+02
1.171920e+02
1.171920e+02
1.171920e+02
1.171920e+02
1.167460e+02
1.167460e+02
1.165392e+02
1.156405e+02
1.154337e+02
1.154337e+02
1.154337e+02
1.151814e+02
1.151814e+02
1.149266e+02
1.149266e+02
1.149266e+02
1.149266e+02
1.149266e+02
1.149266e+02
1.145334e+02
1.142342e+02
1.142342e+02
1.142342e+02
1.142342e+02
1.142342e+02
1.142342e+02
1.142342e+02
1.142342e+02
1.142342e+02
1.142342e+02
1.142342e+02
1.137339e+02
1.137339e+02
1.137339e+02
1.137339e+02
1.137339e+02
1.128935e+02
1.128935e+02
1.128935e+02
1.128935e+02
1.128935e+02
1.128935e+02
1.128935e+02
1.128935e+02
1.128935e+02
1.128935e+02
1.128935e+02
1.128935e+02
1.128935e+02
1.128935e+02
1.128935e+02
1.128935e+02
1.128935e+02
1.128935e+02
1.123887e+02
1.123887e+02
1.123887e+02
1.123887e+02
1.123887e+02
1.123887e+02
1.123887e+02
1.123887e+02
1.123887e+02
1.123887e+02
1.123887e+02
1.123887e+02
1.123887e+02
1.123887e+02
1.123887e+02
1.123887e+02
1.123887e+02
1.123887e+02
1.123887e+02
1.123887e+02
1.123887e+02
1.123887e+02
1.123887e+02
1.122515e+02
1.122515e+02
1.122515e+02
1.122515e+02
1.122515e+02
1.122515e+02
1.122219e+02
1.121627e+02
1.113038e+02
1.113038e+02
1.113038e+02
1.113038e+02
1.113038e+02
1.113038e+02
1.113038e+02
1.113038e+02
1.113038e+02
1.112492e+02
1.112492e+02
1.112492e+02
1.112492e+02
1.112492e+02
1.112492e+02
1.112492e+02
1.112492e+02
1.112492e+02
1.112492e+02
1.112492e+02
1.112492e+02
1.112492e+02
1.112492e+02
1.112492e+02
1.112492e+02
1.112492e+02
1.112492e+02
1.112492e+02
1.112492e+02
1.112492e+02
1.112492e+02
1.112181e+02
1.112181e+02
1.112181e+02
1.112181e+02
1.112181e+02
1.112181e+02
1.112181e+02
1.112181e+02
1.109601e+02
1.109601e+02
1.109601e+02
1.109601e+02
1.109601e+02
1.109601e+02
1.109601e+02
1.109601e+02
1.109601e+02
1.109601e+02
1.109601e+02
1.109601e+02
1.109601e+02
1.109601e+02
1.109601e+02
1.109601e+02
1.109601e+02
1.109601e+02
1.109601e+02
1.109601e+02
1.109601e+02
1.109601e+02
1.109601e+02
1.109601e+02
1.109601e+02
1.109601e+02
1.109601e+02
1.109601e+02
1.109601e+02
1.109601e+02
1.109601e+02
1.109601e+02
1.109601e+02
1.109601e+02
1.109601e+02
1.109601e+02
1.109601e+02
1.109601e+02
1.109601e+02
1.109601e+02
1.109601e+02
1.109601e+02
1.105670e+02
1.105670e+02
1.105670e+02
1.105670e+02
1.105670e+02
1.105670e+02
1.105670e+02
1.105670e+02
1.105670e+02
1.105670e+02
1.105670e+02
1.105670e+02
1.100449e+02
1.100449e+02
1.100449e+02
1.100449e+02
1.100449e+02
1.098297e+02
1.098297e+02
1.098297e+02
1.098297e+02
1.085574e+02
1.077760e+02
1.075269e+02
1.070162e+02
1.060001e+02
1.054894e+02
1.054894e+02
1.054894e+02
1.054894e+02
1.054894e+02
1.054894e+02
1.054894e+02
1.054894e+02
1.054894e+02
1.054894e+02
1.051575e+02
1.050498e+02
1.049077e+02
1.048000e+02
1.048000e+02
1.048000e+02
1.048000e+02
1.048000e+02
1.048000e+02
1.048000e+02
1.048000e+02
1.048000e+02
1.048000e+02
1.048000e+02
1.048000e+02
1.046903e+02
1.046903e+02
1.046903e+02
1.046903e+02
1.046903e+02
1.046903e+02
1.046903e+02
1.046903e+02
1.046903e+02
1.046903e+02
1.046903e+02
1.046903e+02
1.046903e+02
1.046903e+02
1.046903e+02
1.046903e+02
1.046903e+02
1.046903e+02
1.046903e+02
1.046903e+02
1.046903e+02
1.046903e+02
1.046903e+02
1.046903e+02
1.046903e+02
1.046903e+02
1.046903e+02
1.046903e+02
1.046903e+02
1.046903e+02
1.046903e+02
1.046903e+02
1.046903e+02
1.046903e+02
1.046903e+02
1.042381e+02
1.042381e+02
1.042381e+02
1.042381e+02
1.042381e+02
1.042381e+02
1.042381e+02
1.042381e+02
1.042381e+02
1.042381e+02
1.042381e+02
1.042381e+02
1.042381e+02
1.042381e+02
1.042381e+02
1.042381e+02
1.042381e+02
1.042381e+02
1.042381e+02
1.042381e+02
1.042381e+02
1.042381e+02
1.042381e+02
1.042381e+02
1.042381e+02
1.042381e+02
1.040964e+02
1.040964e+02
1.040964e+02
1.019333e+02
1.005078e+02
1.005078e+02
1.002422e+02
9.926520e+01
9.926520e+01
9.926520e+01
9.926520e+01
9.926520e+01
9.926520e+01
9.926520e+01
9.926520e+01
9.926520e+01
9.926520e+01
9.926520e+01
9.926520e+01
9.926520e+01
9.926520e+01
9.926520e+01
9.926520e+01
9.926520e+01
9.926520e+01
9.926520e+01
9.926520e+01
9.926520e+01
9.926520e+01
9.926520e+01
9.926520e+01
9.926520e+01
9.926520e+01
9.926520e+01
9.926520e+01
9.919362e+01
9.919362e+01
9.919362e+01
9.919362e+01
9.905470e+01
9.905470e+01
9.905470e+01
9.905470e+01
9.905470e+01
9.905470e+01
9.905470e+01
9.905470e+01
9.905470e+01
9.905470e+01
9.904920e+01
9.872721e+01
9.872721e+01
9.872721e+01
9.872721e+01
9.864163e+01
9.864163e+01
9.864163e+01
9.864163e+01
9.864163e+01
9.864163e+01
9.864163e+01
9.850581e+01
9.850581e+01
9.850581e+01
9.850581e+01
9.850581e+01
9.850581e+01
9.850581e+01
9.850581e+01
9.850581e+01
9.850581e+01
9.803974e+01
9.803974e+01
9.803974e+01
9.803974e+01
9.803974e+01
9.803974e+01
9.803974e+01
9.786706e+01
9.786706e+01
9.786706e+01
9.786706e+01
9.786706e+01
9.786706e+01
9.786706e+01
9.786706e+01
9.786706e+01
9.786706e+01
9.786706e+01
9.786706e+01
9.786706e+01
9.786706e+01
9.786706e+01
9.786706e+01
9.786706e+01
9.786706e+01
9.786706e+01
9.786706e+01
9.786706e+01
9.786706e+01
9.786706e+01
9.786706e+01
9.786706e+01
9.786706e+01
9.786706e+01
9.786706e+01
9.786706e+01
9.786706e+01
9.786706e+01
9.786706e+01
9.786706e+01
9.786706e+01
9.786706e+01
9.786706e+01
9.786706e+01
9.786706e+01
9.786706e+01
9.786706e+01
9.786706e+01
9.786706e+01
9.786706e+01
9.786706e+01
9.786706e+01
9.786706e+01
9.786706e+01
9.783696e+01
9.783696e+01
9.783696e+01
9.783696e+01
9.783696e+01
9.783696e+01
9.783015e+01
9.783015e+01
9.783015e+01
9.783015e+01
9.783015e+01
9.783015e+01
9.783015e+01
9.783015e+01
9.703682e+01
9.623395e+01
9.618160e+01
9.618160e+01
9.618160e+01
9.618160e+01
9.618160e+01
9.618160e+01
9.618160e+01
9.618160e+01
9.618160e+01
9.618160e+01
9.618160e+01
9.618160e+01
9.618160e+01
9.618160e+01
9.618160e+01
9.618160e+01
9.618160e+01
9.618160e+01
9.618160e+01
9.618160e+01
9.618160e+01
9.618160e+01
9.618160e+01
9.618160e+01
9.618160e+01
9.618160e+01
9.618160e+01
9.618160e+01
9.618160e+01
9.618160e+01
9.618160e+01
9.618160e+01
9.618160e+01
9.618160e+01
9.618160e+01
9.618160e+01
9.618160e+01
9.618160e+01
9.618160e+01
9.618160e+01
9.618160e+01
9.618160e+01
9.618160e+01
9.618160e+01
9.618160e+01
9.618160e+01
9.618160e+01
9.618160e+01
9.618160e+01
9.618160e+01
9.618160e+01
9.618160e+01
9.618160e+01
9.618160e+01
9.618160e+01
9.618160e+01
9.618160e+01
9.618160e+01
9.618160e+01
9.618160e+01
9.618160e+01
9.618160e+01
9.618160e+01
9.618160e+01
9.618160e+01
9.618160e+01
9.618160e+01
9.618160e+01
9.618160e+01
9.618160e+01
9.618160e+01
9.618160e+01
9.618160e+01
9.618160e+01
9.618160e+01
9.618160e+01
9.618160e+01
9.618160e+01
9.618160e+01
9.618160e+01
9.618160e+01
9.618160e+01
9.618160e+01
9.618160e+01
9.618160e+01
9.618160e+01
9.618160e+01
9.618160e+01
9.618160e+01
9.618160e+01
9.618160e+01
9.618160e+01
9.618160e+01
9.618160e+01
9.618160e+01
9.618160e+01
9.618160e+01
9.618160e+01
9.618160e+01
9.618160e+01
9.618160e+01
9.618160e+01
9.618160e+01
9.618160e+01
9.618160e+01
9.618160e+01
9.618160e+01
9.618160e+01
9.618160e+01
9.618160e+01
9.618160e+01
9.618160e+01
9.618160e+01
9.618160e+01
9.618160e+01
9.618160e+01
9.618160e+01
9.618160e+01
9.618160e+01
9.618160e+01
9.618160e+01
9.618160e+01
9.618160e+01
9.618160e+01
9.618160e+01
9.618160e+01
9.618160e+01
9.618160e+01
9.618160e+01
9.618160e+01
9.618160e+01
9.618160e+01
9.618160e+01
9.618160e+01
9.618160e+01
9.618160e+01
9.618160e+01
9.618160e+01
9.618160e+01
9.618160e+01
9.618160e+01
9.618160e+01
9.618160e+01
9.618160e+01
9.618160e+01
9.618160e+01
9.618160e+01
9.618160e+01
9.618160e+01
9.618160e+01
9.618160e+01
9.618160e+01
9.618160e+01
9.618160e+01
9.618160e+01
9.618160e+01
9.618160e+01
9.618160e+01
9.618160e+01
9.618160e+01
9.618160e+01
9.618160e+01
9.618160e+01
9.618160e+01
9.618160e+01
9.618160e+01
9.618160e+01
9.618160e+01
9.618160e+01
9.618160e+01
9.618160e+01
9.618160e+01
9.618160e+01
9.618160e+01
9.618160e+01
9.618160e+01
9.618160e+01
9.618160e+01
9.618160e+01
9.618160e+01
9.618160e+01
9.618160e+01
9.618160e+01
9.618160e+01
9.618160e+01
9.618160e+01
9.618160e+01
9.618160e+01
9.618160e+01
9.618160e+01
9.618160e+01
9.618160e+01
9.618160e+01
9.618160e+01
9.618160e+01
9.618160e+01
9.618160e+01
9.618160e+01
9.618160e+01
9.618160e+01
9.618160e+01
9.618160e+01
9.618160e+01
9.618160e+01
9.618160e+01
9.618160e+01
9.618160e+01
9.618160e+01
9.618160e+01
9.618160e+01
9.618160e+01
9.618160e+01
9.618160e+01
9.618160e+01
9.618160e+01
9.618160e+01
9.618160e+01
9.618160e+01
9.618160e+01
9.618160e+01
9.618160e+01
9.618160e+01
9.618160e+01
9.618160e+01
9.618160e+01
9.618160e+01
9.618160e+01
9.618160e+01
9.618160e+01
9.618160e+01
9.618160e+01
9.618160e+01
9.618160e+01
9.618160e+01
9.618160e+01
9.618160e+01
9.618160e+01
9.618160e+01
9.618160e+01
9.618160e+01
9.618160e+01
9.618160e+01
9.618160e+01
9.618160e+01
9.618160e+01
9.618160e+01
9.618160e+01
9.618160e+01
9.618160e+01
9.618160e+01
9.618160e+01
9.618160e+01
9.618160e+01
9.618160e+01
9.618160e+01
9.618160e+01
9.618160e+01
9.618160e+01
9.618160e+01
9.618160e+01
9.618160e+01
9.618160e+01
9.618160e+01
9.618160e+01
9.618160e+01
9.618160e+01
9.618160e+01
9.618160e+01
9.618160e+01
9.618160e+01
9.618160e+01
9.618160e+01
9.618160e+01
9.618160e+01
9.618160e+01
9.618160e+01
9.618160e+01
9.618160e+01
9.618160e+01
9.618160e+01
9.618160e+01
9.618160e+01
9.618160e+01
9.618160e+01
9.618160e+01
9.618160e+01
9.618160e+01
9.618160e+01
9.618160e+01
9.618160e+01
9.618160e+01
9.618160e+01
9.618160e+01
9.618160e+01
9.618160e+01
9.618160e+01
9.618160e+01
9.618160e+01
9.618160e+01
9.618160e+01
9.618160e+01
9.618160e+01
9.618160e+01
9.618160e+01
9.618160e+01
9.618160e+01
9.618160e+01
9.618160e+01
9.618160e+01
9.618160e+01
9.618160e+01
9.618160e+01
9.618160e+01
9.618160e+01
9.618160e+01
9.618160e+01
9.618160e+01
9.618160e+01
9.618160e+01
9.618160e+01
9.618160e+01
9.618160e+01
9.618160e+01
9.618160e+01
9.618160e+01
9.618160e+01
9.618160e+01
9.618160e+01
9.618160e+01
9.618160e+01
9.618160e+01
9.618160e+01
9.618160e+01
9.618160e+01
9.618160e+01
9.618160e+01
9.618160e+01
9.618160e+01
9.618160e+01
9.618160e+01
9.618160e+01
9.618160e+01
9.618160e+01
9.618160e+01
9.618160e+01
9.618160e+01
9.618160e+01
9.618160e+01
9.618160e+01
9.618160e+01
9.618160e+01
9.618160e+01
9.618160e+01
9.618160e+01
9.618160e+01
9.618160e+01
9.618160e+01
9.618160e+01
9.618160e+01
9.618160e+01
9.618160e+01
9.618160e+01
9.618160e+01
9.618160e+01
9.618160e+01
9.618160e+01
9.618160e+01
9.618160e+01
9.618160e+01
9.618160e+01
9.618160e+01
9.618160e+01
9.618160e+01
9.618160e+01
9.618160e+01
9.618160e+01
9.618160e+01
9.618160e+01
9.618160e+01
9.618160e+01
9.618160e+01
9.618160e+01
9.618160e+01
9.618160e+01
9.618160e+01
9.618160e+01
9.618160e+01
9.618160e+01
9.618160e+01
9.618160e+01
9.618160e+01
9.618160e+01
9.618160e+01
9.618160e+01
9.618160e+01
9.618160e+01
9.618160e+01
9.618160e+01
9.618160e+01
9.618160e+01
9.618160e+01
9.618160e+01
9.618160e+01
9.618160e+01
9.618160e+01
9.618160e+01
9.618160e+01
9.618160e+01
9.618160e+01
9.618160e+01
9.618160e+01
9.618160e+01
9.618160e+01
9.618160e+01
9.618160e+01
9.618160e+01
9.618160e+01
9.618160e+01
9.618160e+01
9.618160e+01
9.618160e+01
9.618160e+01
9.618160e+01
9.618160e+01
9.618160e+01
9.618160e+01
9.618160e+01
9.618160e+01
9.618160e+01
9.618160e+01
9.618160e+01
9.618160e+01
9.618160e+01
9.618160e+01
9.618160e+01
9.618160e+01
9.618160e+01
9.618160e+01
9.618160e+01
9.618160e+01
9.618160e+01
9.618160e+01
9.618160e+01
9.618160e+01
9.618160e+01
9.618160e+01
9.618160e+01
9.618160e+01
9.618160e+01
9.593452e+01
9.593452e+01
9.593452e+01
9.593452e+01
9.593452e+01
9.593452e+01
9.593452e+01
9.593452e+01
9.593452e+01
9.593452e+01
9.521902e+01
9.521902e+01
9.521902e+01
9.521902e+01
9.521902e+01
9.521902e+01
9.521902e+01
9.521902e+01
9.521902e+01
9.521902e+01
9.521902e+01
9.521902e+01
9.521902e+01
9.521902e+01
9.521902e+01
9.521902e+01
9.521902e+01
9.521902e+01
9.521902e+01
9.521902e+01
9.521902e+01
9.521902e+01
9.521902e+01
9.521902e+01
9.521902e+01
9.521902e+01
9.521902e+01
9.521902e+01
9.521902e+01
9.521902e+01
9.521902e+01
9.521902e+01
9.521902e+01
9.521902e+01
9.521902e+01
9.521902e+01
9.521902e+01
9.521902e+01
9.521902e+01
9.521902e+01
9.521902e+01
9.521902e+01
9.521902e+01
9.521902e+01
9.521902e+01
9.521902e+01
9.521902e+01
9.521902e+01
9.521902e+01
9.521902e+01
9.521902e+01
9.521902e+01
9.521902e+01
9.521902e+01
9.521902e+01
9.521902e+01
9.521902e+01
9.521902e+01
9.521902e+01
9.521902e+01
9.521902e+01
9.521902e+01
9.521902e+01
9.521902e+01
9.521902e+01
9.521902e+01
9.521902e+01
9.521902e+01
9.521902e+01
9.521902e+01
9.521902e+01
9.521902e+01
9.521902e+01
9.521902e+01
9.521902e+01
9.521902e+01
9.521902e+01
9.521902e+01
9.521902e+01
9.521902e+01
9.521902e+01
9.521902e+01
9.521902e+01
9.521902e+01
9.521902e+01
9.521902e+01
9.521902e+01
9.521902e+01
9.521902e+01
9.521902e+01
9.521902e+01
9.521902e+01
9.521902e+01
9.521902e+01
9.521902e+01
9.521902e+01
9.521902e+01
9.521902e+01
9.521902e+01
9.521902e+01
9.521902e+01
9.521902e+01
9.521902e+01
9.521902e+01
9.521902e+01
9.521902e+01
9.521902e+01
9.521902e+01
9.521902e+01
9.521902e+01
9.521902e+01
9.521902e+01
9.521902e+01
9.521902e+01
9.521902e+01
9.521902e+01
9.521902e+01
9.521902e+01
9.521902e+01
9.521902e+01
9.521902e+01
9.521902e+01
9.521902e+01
9.521902e+01
9.521902e+01
9.521902e+01
9.521902e+01
9.521902e+01
9.521902e+01
9.521902e+01
9.521902e+01
9.521902e+01
9.521902e+01
9.521902e+01
9.521902e+01
9.521902e+01
9.521902e+01
9.521902e+01
9.521902e+01
9.521902e+01
9.521902e+01
9.521902e+01
9.521902e+01
9.521902e+01
9.521902e+01
9.521902e+01
9.521902e+01
9.521902e+01
9.521902e+01
9.521902e+01
8.707552e+01
8.707552e+01
8.707552e+01
8.707552e+01
8.707552e+01
8.707552e+01
8.707552e+01
8.707552e+01
8.707552e+01
8.707552e+01
8.707552e+01
8.707552e+01
8.707552e+01
8.707552e+01
8.707552e+01
8.707552e+01
8.707552e+01
8.707552e+01
8.707552e+01
8.707552e+01
8.707552e+01
8.707552e+01
8.707552e+01
8.707552e+01
8.707552e+01
8.707552e+01
8.707552e+01
8.707552e+01
8.707552e+01
8.707552e+01
8.707552e+01
8.707552e+01
8.707552e+01
8.707552e+01
8.707552e+01
8.707552e+01
8.707552e+01
8.707552e+01
8.707552e+01
8.707552e+01
8.707552e+01
8.707552e+01
8.707552e+01
8.707552e+01
8.707552e+01
8.707552e+01
8.707552e+01
8.707552e+01
8.707552e+01
8.707552e+01
8.707552e+01
8.707552e+01
8.707552e+01
8.707552e+01
8.707552e+01
8.707552e+01
8.707552e+01
8.707552e+01
8.707552e+01
8.707552e+01
8.707552e+01
8.707552e+01
8.707552e+01
8.707552e+01
8.707552e+01
8.707552e+01
8.707552e+01
8.707552e+01
8.707552e+01
8.707552e+01
8.707552e+01
8.707552e+01
8.707552e+01
8.707552e+01
8.707552e+01
8.707552e+01
8.707552e+01
8.707552e+01
8.707552e+01
8.707552e+01
8.707552e+01
8.707552e+01
8.707552e+01
8.707552e+01
8.707552e+01
8.707552e+01
8.707552e+01
8.707552e+01
8.707552e+01
8.707552e+01
8.707552e+01
8.707552e+01
8.707552e+01
8.707552e+01
8.707552e+01
8.707552e+01
8.707552e+01
8.707552e+01
8.707552e+01
8.707552e+01
8.707552e+01
8.707552e+01
8.707552e+01
8.707552e+01
8.707552e+01
8.707552e+01
8.707552e+01
8.707552e+01
8.707552e+01
8.707552e+01
8.707552e+01
8.707552e+01
8.707552e+01
8.707552e+01
8.707552e+01
8.707552e+01
8.707552e+01
8.707552e+01
8.707552e+01
8.707552e+01
8.707552e+01
8.707552e+01
8.707552e+01
8.707552e+01
8.707552e+01
8.707552e+01
8.707552e+01
8.707552e+01
8.707552e+01
8.707552e+01
8.707552e+01
8.707552e+01
8.707552e+01
8.707552e+01
8.707552e+01
8.707552e+01
8.707552e+01
8.707552e+01
8.707552e+01
8.707552e+01
8.707552e+01
8.707552e+01
8.707552e+01
8.707552e+01
8.707552e+01
8.707552e+01
8.707552e+01
8.707552e+01
8.707552e+01
8.707552e+01
8.707552e+01
8.707552e+01
8.707552e+01
8.707552e+01
8.707552e+01
8.707552e+01
8.707552e+01
8.707552e+01
8.707552e+01
8.707552e+01
8.707552e+01
8.707552e+01
8.707552e+01
8.707552e+01
8.707552e+01
8.707552e+01
8.707552e+01
8.707552e+01
8.707552e+01
8.707552e+01
8.707552e+01
8.707552e+01
8.707552e+01
8.707552e+01
8.707552e+01
8.707552e+01
8.707552e+01
8.707552e+01
8.707552e+01
8.707552e+01
8.707552e+01
8.707552e+01
8.707552e+01
8.707552e+01
8.707552e+01
8.707552e+01
8.707552e+01
8.707552e+01
8.707552e+01
8.707552e+01
8.707552e+01
8.707552e+01
8.707552e+01
8.707552e+01
8.707552e+01
8.707552e+01
8.707552e+01
8.707552e+01
8.707552e+01
8.707552e+01
8.707552e+01
8.707552e+01
8.707552e+01
8.707552e+01
8.707552e+01
8.707552e+01
8.707552e+01
8.707552e+01
8.707552e+01
8.707552e+01
8.707552e+01
8.707552e+01
8.707552e+01
8.707552e+01
8.707552e+01
8.707552e+01
8.707552e+01
8.707552e+01
8.707552e+01
8.707552e+01
8.707552e+01
8.707552e+01
8.707552e+01
8.707552e+01
8.707552e+01
8.707552e+01
8.707552e+01
8.707552e+01
8.707552e+01
8.707552e+01
8.707552e+01
8.707552e+01
8.707552e+01
8.707552e+01
8.707552e+01
8.707552e+01
8.707552e+01
8.707552e+01
8.707552e+01
8.707552e+01
8.707552e+01
8.707552e+01
8.707552e+01
8.707552e+01
8.707552e+01
8.707552e+01
8.707552e+01
8.707552e+01
8.707552e+01
8.707552e+01
8.707552e+01
8.707552e+01
8.707552e+01
8.707552e+01
8.707552e+01
8.707552e+01
8.707552e+01
8.707552e+01
8.707552e+01
8.707552e+01
8.707552e+01
8.707552e+01
8.707552e+01
8.707552e+01
8.707552e+01
8.707552e+01
8.707552e+01
8.707552e+01
8.707552e+01
8.707552e+01
8.707552e+01
8.707552e+01
8.707552e+01
8.707552e+01
8.707552e+01
8.707552e+01
8.707552e+01
8.707552e+01
8.707552e+01
8.707552e+01
8.707552e+01
8.707552e+01
8.707552e+01
8.707552e+01
8.707552e+01
8.707552e+01
8.707552e+01
8.707552e+01
8.707552e+01
8.707552e+01
8.707552e+01
8.707552e+01
8.707552e+01
8.707552e+01
8.707552e+01
8.707552e+01
8.707552e+01
8.707552e+01
8.707552e+01
8.707552e+01
8.707552e+01
8.707552e+01
8.707552e+01
8.707552e+01
8.707552e+01
8.707552e+01
8.707552e+01
8.707552e+01
8.707552e+01
8.707552e+01
8.707552e+01
8.707552e+01
8.707552e+01
8.707552e+01
8.707552e+01
8.707552e+01
8.707552e+01
8.707552e+01
8.707552e+01
8.707552e+01
8.707552e+01
8.707552e+01
8.707552e+01
8.707552e+01
8.707552e+01
8.707552e+01
8.707552e+01
8.707552e+01
8.707552e+01
8.707552e+01
8.707552e+01
8.707552e+01
8.707552e+01
8.707552e+01
8.707552e+01
8.707552e+01
8.707552e+01
8.707552e+01
8.707552e+01
8.707552e+01
8.707552e+01
8.707552e+01
8.707552e+01
8.707552e+01
8.707552e+01
8.707552e+01
8.707552e+01
8.707552e+01
8.707552e+01
8.707552e+01
8.707552e+01
8.707552e+01
8.707552e+01
8.707552e+01
8.707552e+01
8.707552e+01
8.707552e+01
8.707552e+01
8.707552e+01
8.707552e+01
8.707552e+01
8.707552e+01
8.707552e+01
8.707552e+01
8.707552e+01
8.707552e+01
8.707552e+01
8.707552e+01
8.707552e+01
8.707552e+01
8.707552e+01
8.707552e+01
8.707552e+01
8.707552e+01
8.707552e+01
8.707552e+01
8.707552e+01
8.707552e+01
8.707552e+01
8.707552e+01
8.707552e+01
8.707552e+01
8.707552e+01
8.707552e+01
8.707552e+01
8.707552e+01
8.707552e+01
8.707552e+01
8.707552e+01
8.707552e+01
8.707552e+01
8.707552e+01
8.707552e+01
8.707552e+01
8.707552e+01
8.707552e+01
8.707552e+01
8.707552e+01
8.707552e+01
8.707552e+01
8.707552e+01
8.707552e+01
8.707552e+01
8.707552e+01
8.707552e+01
8.707552e+01
8.707552e+01
8.707552e+01
8.707552e+01
8.707552e+01
8.707552e+01
8.707552e+01
8.707552e+01
8.707552e+01
8.707552e+01
8.707552e+01
8.707552e+01
8.707552e+01
8.707552e+01
8.707552e+01
8.707552e+01
8.707552e+01
8.707552e+01
8.707552e+01
8.707552e+01
8.707552e+01
8.707552e+01
8.707552e+01
8.707552e+01
8.707552e+01
8.707552e+01
8.707552e+01
8.707552e+01
8.707552e+01
8.707552e+01
8.707552e+01
8.707552e+01
8.707552e+01
8.707552e+01
8.707552e+01
8.707552e+01
8.707552e+01
8.707552e+01
8.707552e+01
8.707552e+01
8.707552e+01
8.707552e+01
8.707552e+01
8.707552e+01
8.707552e+01
8.700440e+01
8.700440e+01
8.700440e+01
8.700440e+01
8.700440e+01
8.700440e+01
8.700440e+01
8.700440e+01
8.700440e+01
8.700440e+01
8.700440e+01
8.700440e+01
8.700440e+01
8.700440e+01
8.700440e+01
8.700440e+01
8.700440e+01
8.700440e+01
8.700440e+01
8.700440e+01
8.700440e+01
8.700440e+01
8.700440e+01
8.700440e+01
8.700440e+01
8.700440e+01
8.700440e+01
8.700440e+01
8.700440e+01
8.700440e+01
8.700440e+01
8.700440e+01
8.700440e+01
8.700440e+01
8.700440e+01
8.700440e+01
8.700440e+01
8.700440e+01
8.700440e+01
8.700440e+01
8.700440e+01
8.700440e+01
8.700440e+01
8.700440e+01
8.700440e+01
8.700440e+01
8.700440e+01
8.700440e+01
8.700440e+01
8.700440e+01
8.700440e+01
8.700440e+01
8.700440e+01
8.700440e+01
8.700440e+01
8.700440e+01
8.700440e+01
8.700440e+01
8.700440e+01
8.700440e+01
8.700440e+01
8.700440e+01
8.700440e+01
8.700440e+01
8.700440e+01
8.700440e+01
8.700440e+01
8.700440e+01
8.700440e+01
8.700440e+01
8.700440e+01
8.700440e+01
8.700440e+01
8.700440e+01
8.700440e+01
8.700440e+01
8.700440e+01
8.700440e+01
8.700440e+01
8.700440e+01
8.700440e+01
8.700440e+01
8.700440e+01
8.700440e+01
8.700440e+01
8.700440e+01
8.700440e+01
8.700440e+01
8.700440e+01
8.700440e+01
8.700440e+01
8.700440e+01
8.700440e+01
8.700440e+01
8.700440e+01
8.700440e+01
8.700440e+01
8.700440e+01
8.700440e+01
8.700440e+01
8.700440e+01
8.700440e+01
8.700440e+01
8.700440e+01
8.700440e+01
8.700440e+01
8.700440e+01
8.700440e+01
8.700440e+01
8.700440e+01
8.700440e+01
8.700440e+01
8.700440e+01
8.700440e+01
8.700440e+01
8.700440e+01
8.700440e+01
8.700440e+01
8.700440e+01
8.700440e+01
8.700440e+01
8.700440e+01
8.700440e+01
8.700440e+01
8.700440e+01
8.700440e+01
8.700440e+01
8.700440e+01
8.700440e+01
8.700440e+01
8.700440e+01
8.700440e+01
8.700440e+01
8.700440e+01
8.700440e+01
8.700440e+01
8.700440e+01
8.700440e+01
8.700440e+01
8.700440e+01
8.700440e+01
8.700440e+01
8.700440e+01
8.700440e+01
8.700440e+01
8.700440e+01
8.700440e+01
8.700440e+01
8.700440e+01
8.700440e+01
8.700440e+01
8.700440e+01
8.700440e+01
8.700440e+01
8.700440e+01
8.700440e+01
8.700440e+01
8.700440e+01
8.700440e+01
8.700440e+01
8.700440e+01
8.700440e+01
8.700440e+01
8.700440e+01
8.700440e+01
8.700440e+01
8.700440e+01
8.700440e+01
8.700440e+01
8.700440e+01
8.700440e+01
8.700440e+01
8.700440e+01
8.700440e+01
8.700440e+01
8.700440e+01
8.700440e+01
8.700440e+01
8.700440e+01
8.700440e+01
8.700440e+01
8.700440e+01
8.700440e+01
8.700440e+01
8.700440e+01
8.700440e+01
8.700440e+01
8.700440e+01
8.700440e+01
8.700440e+01
8.700440e+01
8.700440e+01
8.700440e+01
8.700440e+01
8.700440e+01
8.700440e+01
8.700440e+01
8.700440e+01
8.700440e+01
8.700440e+01
8.700440e+01
8.700440e+01
8.700440e+01
8.700440e+01
8.700440e+01
8.700440e+01
8.700440e+01
8.700440e+01
8.700440e+01
8.700440e+01
8.700440e+01
8.700440e+01
8.700440e+01
8.700440e+01
8.700440e+01
8.700440e+01
8.700440e+01
8.700440e+01
8.700440e+01
8.700440e+01
8.700440e+01
8.700440e+01
8.700440e+01
8.700440e+01
8.700440e+01
8.700440e+01
8.700440e+01
8.700440e+01
8.700440e+01
8.700440e+01
8.700440e+01
8.700440e+01
8.700440e+01
8.700440e+01
8.700440e+01
8.700440e+01
8.700440e+01
8.700440e+01
8.700440e+01
8.700440e+01
8.700440e+01
8.700440e+01
8.700440e+01
8.700440e+01
8.700440e+01
8.700440e+01
8.700440e+01
8.700440e+01
8.700440e+01
8.700440e+01
8.700440e+01
8.700440e+01
8.700440e+01
8.700440e+01
8.700440e+01
8.700440e+01
8.700440e+01
8.700440e+01
8.700440e+01
8.700440e+01
8.700440e+01
8.700440e+01
8.700440e+01
8.700440e+01
8.700440e+01
8.700440e+01
8.700440e+01
8.700440e+01
8.700440e+01
8.700440e+01
8.700440e+01
8.700440e+01
8.700440e+01
8.700440e+01
8.700440e+01
8.700440e+01
8.700440e+01
8.700440e+01
8.700440e+01
8.700440e+01
8.700440e+01
8.700440e+01
8.700440e+01
8.700440e+01
8.700440e+01
8.700440e+01
8.700440e+01
8.700440e+01
8.700440e+01
8.700440e+01
8.700440e+01
8.700440e+01
8.700440e+01
8.700440e+01
8.700440e+01
8.700440e+01
8.700440e+01
8.700440e+01
8.700440e+01
8.700440e+01
8.700440e+01
8.700440e+01
8.700440e+01
8.700440e+01
8.700440e+01
8.700440e+01
8.700440e+01
8.700440e+01
8.700440e+01
8.700440e+01
8.700440e+01
8.700440e+01
8.700440e+01
8.700440e+01
8.700440e+01
8.700440e+01
8.700440e+01
8.700440e+01
8.700440e+01
8.700440e+01
8.700440e+01
8.700440e+01
8.700440e+01
8.700440e+01
8.700440e+01
8.700440e+01
8.700440e+01
8.700440e+01
8.700440e+01
8.700440e+01
8.700440e+01
8.700440e+01
8.700440e+01
8.700440e+01
8.700440e+01
8.700440e+01
8.700440e+01
8.700440e+01
8.700440e+01
8.700440e+01
8.700440e+01
8.700440e+01
8.700440e+01
8.700440e+01
8.700440e+01
8.700440e+01
8.700440e+01
8.700440e+01
8.700440e+01
8.700440e+01
8.700440e+01
8.700440e+01
8.700440e+01
8.700440e+01
8.700440e+01
8.700440e+01
8.700440e+01
8.700440e+01
8.700440e+01
8.700440e+01
8.700440e+01
8.700440e+01
8.700440e+01
8.700440e+01
8.700440e+01
8.700440e+01
8.700440e+01
8.700440e+01
8.700440e+01
8.700440e+01
8.700440e+01
8.700440e+01
8.700440e+01
8.700440e+01
8.700440e+01
8.700440e+01
8.700440e+01
8.700440e+01
8.700440e+01
8.700440e+01
8.700440e+01
8.700440e+01
8.700440e+01
8.700440e+01
8.700440e+01
8.700440e+01
8.700440e+01
8.700440e+01
8.700440e+01
8.700440e+01
8.700440e+01
8.700440e+01
8.700440e+01
8.700440e+01
8.700440e+01
8.700440e+01
8.700440e+01
8.700440e+01
8.700440e+01
8.700440e+01
8.700440e+01
8.700440e+01
8.700440e+01
8.700440e+01
8.700440e+01
8.700440e+01
8.700440e+01
8.700440e+01
8.700440e+01
8.700440e+01
8.700440e+01
8.700440e+01
8.700440e+01
8.700440e+01
8.700440e+01
8.700440e+01
8.700440e+01
8.700440e+01
8.700440e+01
8.700440e+01
8.700440e+01
8.700440e+01
8.700440e+01
8.700440e+01
8.700440e+01
8.700440e+01
8.700440e+01
8.700440e+01
8.700440e+01
8.700440e+01
8.700440e+01
8.700440e+01
8.700440e+01
8.700440e+01
8.700440e+01
8.700440e+01
8.700440e+01
8.700440e+01
8.700440e+01
8.700440e+01
8.700440e+01
8.700440e+01
8.700440e+01
8.700440e+01
8.700440e+01
8.700440e+01
8.700440e+01
8.700440e+01
8.700440e+01
8.700440e+01
8.700440e+01
8.700440e+01
8.700440e+01
8.700440e+01
8.700440e+01
8.700440e+01
8.700440e+01
8.700440e+01
8.700440e+01
8.700440e+01
8.700440e+01
8.700440e+01
8.700440e+01
8.700440e+01
8.700440e+01
8.700440e+01
8.700440e+01
8.700440e+01
8.700440e+01
8.700440e+01
8.700440e+01
8.700440e+01
8.700440e+01
8.700440e+01
8.700440e+01
8.700440e+01
8.700440e+01
8.700440e+01
8.700440e+01
8.700440e+01
8.700440e+01
8.700440e+01
8.700440e+01
8.700440e+01
8.700440e+01
8.700440e+01
8.700440e+01
8.700440e+01
8.700440e+01
8.700440e+01
8.700440e+01
8.700440e+01
8.700440e+01
8.700440e+01
8.700440e+01
8.700440e+01
8.700440e+01
8.700440e+01
8.700440e+01
8.700440e+01
8.700440e+01
8.700440e+01
8.700440e+01
8.700440e+01
8.700440e+01
8.700440e+01
8.700440e+01
8.700440e+01
8.700440e+01
8.700440e+01
8.700440e+01
8.700440e+01
8.700440e+01
8.700440e+01
8.700440e+01
8.700440e+01
8.700440e+01
8.700440e+01
8.700440e+01
8.700440e+01
8.700440e+01
8.700440e+01
8.700440e+01
8.700440e+01
8.700440e+01
8.700440e+01
8.700440e+01
8.700440e+01
8.700440e+01
8.700440e+01
8.700440e+01
8.700440e+01
8.700440e+01
8.700440e+01
8.700440e+01
8.700440e+01
8.700440e+01
8.700440e+01
8.700440e+01
8.700440e+01
8.700440e+01
8.700440e+01
8.700440e+01
8.700440e+01
8.700440e+01
8.700440e+01
8.700440e+01
8.700440e+01
8.700440e+01
8.700440e+01
8.700440e+01
8.700440e+01
8.700440e+01
8.700440e+01
8.700440e+01
8.700440e+01
8.700440e+01
8.700440e+01
8.700440e+01
8.700440e+01
8.700440e+01
8.700440e+01
8.700440e+01
8.700440e+01
8.700440e+01
8.700440e+01
8.700440e+01
8.700440e+01
8.700440e+01
8.700440e+01
8.700440e+01
8.700440e+01
8.700440e+01
8.700440e+01
8.700440e+01
8.700440e+01
8.700440e+01
8.700440e+01
8.700440e+01
8.700440e+01
8.700440e+01
8.700440e+01
8.700440e+01
8.700440e+01
8.700440e+01
8.700440e+01
8.700440e+01
8.700440e+01
8.700440e+01
8.700440e+01
8.700440e+01
8.700440e+01
8.700440e+01
8.700440e+01
8.700440e+01
8.700440e+01
8.700440e+01
8.700440e+01
8.700440e+01
8.700440e+01
8.625791e+01
8.625791e+01
8.625791e+01
8.625791e+01
8.625791e+01
8.625791e+01
8.625791e+01
8.625791e+01
8.625791e+01
8.625791e+01
8.625791e+01
8.625791e+01
8.625791e+01
8.625791e+01
8.625791e+01
8.625791e+01
8.625791e+01
8.625791e+01
8.625791e+01
8.625791e+01
8.625791e+01
8.625791e+01
8.625791e+01
8.625791e+01
8.625791e+01
8.625791e+01
8.625791e+01
8.625791e+01
8.625791e+01
8.625791e+01
8.625791e+01
8.625791e+01
8.625791e+01
8.625791e+01
8.625791e+01
8.625791e+01
8.625791e+01
8.625791e+01
8.625791e+01
8.625791e+01
8.625791e+01
8.625791e+01
8.625791e+01
8.625791e+01
8.625791e+01
8.625791e+01
8.625791e+01
8.625791e+01
8.625791e+01
8.625791e+01
8.625791e+01
8.625791e+01
8.625791e+01
8.625791e+01
8.625791e+01
8.625791e+01
8.625791e+01
8.625791e+01
8.625791e+01
8.625791e+01
8.625791e+01
8.625791e+01
8.625791e+01
8.625791e+01
8.625791e+01
8.625791e+01
8.625791e+01
8.625791e+01
8.625791e+01
8.625791e+01
8.625791e+01
8.625791e+01
8.625791e+01
8.625791e+01
8.625791e+01
8.625791e+01
8.625791e+01
8.625791e+01
8.625791e+01
8.625791e+01
8.625791e+01
8.625791e+01
8.625791e+01
8.625791e+01
8.625791e+01
8.625791e+01
8.625791e+01
8.625791e+01
8.625791e+01
8.625791e+01
8.625791e+01
8.625791e+01
8.625791e+01
8.625791e+01
8.625791e+01
8.625791e+01
8.625791e+01
8.625791e+01
8.625791e+01
8.625791e+01
8.625791e+01
8.625791e+01
8.625791e+01
8.625791e+01
8.625791e+01
8.625791e+01
8.625791e+01
8.625791e+01
8.625791e+01
8.625791e+01
8.625791e+01
8.625791e+01
8.625791e+01
8.625791e+01
8.625791e+01
8.625791e+01
8.625791e+01
8.625791e+01
8.625791e+01
8.625791e+01
8.625791e+01
8.625791e+01
8.625791e+01
8.625791e+01
8.625791e+01
8.625791e+01
8.625791e+01
8.625791e+01
8.625791e+01
8.625791e+01
8.625791e+01
8.625791e+01
8.625791e+01
8.625791e+01
8.625791e+01
8.625791e+01
8.625791e+01
8.625791e+01
8.625791e+01
8.625791e+01
8.625791e+01
8.625791e+01
8.625791e+01
8.625791e+01
8.625791e+01
8.625791e+01
8.625791e+01
8.625791e+01
8.625791e+01
8.625791e+01
8.625791e+01
8.625791e+01
8.625791e+01
8.625791e+01
8.625791e+01
8.625791e+01
8.625791e+01
8.625791e+01
8.625791e+01
8.625791e+01
8.625791e+01
8.625791e+01
8.625791e+01
8.625791e+01
8.625791e+01
8.625791e+01
8.625791e+01
8.625791e+01
8.625791e+01
8.625791e+01
8.625791e+01
8.625791e+01
8.625791e+01
8.625791e+01
8.625791e+01
8.625791e+01
8.625791e+01
8.625791e+01
8.625791e+01
8.625791e+01
8.625791e+01
8.625791e+01
8.625791e+01
8.625791e+01
8.625791e+01
8.625791e+01
8.625791e+01
8.625791e+01
8.625791e+01
8.625791e+01
8.625791e+01
8.625791e+01
8.625791e+01
8.625791e+01
8.625791e+01
8.625791e+01
8.625791e+01
8.625791e+01
8.625791e+01
8.625791e+01
8.625791e+01
8.625791e+01
8.625791e+01
8.625791e+01
8.625791e+01
8.625791e+01
8.625791e+01
8.625791e+01
8.625791e+01
8.625791e+01
8.625791e+01
8.625791e+01
8.625791e+01
8.625791e+01
8.625791e+01
8.625791e+01
8.625791e+01
8.625791e+01
8.625791e+01
8.625791e+01
8.625791e+01
8.625791e+01
8.625791e+01
8.625791e+01
8.625791e+01
8.625791e+01
8.625791e+01
8.625791e+01
8.625791e+01
8.625791e+01
8.625791e+01
8.625791e+01
8.625791e+01
8.625791e+01
8.625791e+01
8.625791e+01
8.625791e+01
8.625791e+01
8.625791e+01
8.625791e+01
8.625791e+01
8.625791e+01
8.625791e+01
8.625791e+01
8.625791e+01
8.625791e+01
8.625791e+01
8.625791e+01
8.625791e+01
8.625791e+01
8.625791e+01
8.625791e+01
8.625791e+01
8.625791e+01
8.625791e+01
8.625791e+01
8.625791e+01
8.625791e+01
8.625791e+01
8.625791e+01
8.625791e+01
8.625791e+01
8.625791e+01
8.625791e+01
8.625791e+01
8.625791e+01
8.625791e+01
8.625791e+01
8.625791e+01
8.625791e+01
8.625791e+01
8.625791e+01
8.625791e+01
8.625791e+01
8.625791e+01
8.625791e+01
8.625791e+01
8.625791e+01
8.625791e+01
8.625791e+01
8.625791e+01
8.625791e+01
8.625791e+01
8.625791e+01
8.625791e+01
8.625791e+01
8.625791e+01
8.625791e+01
8.625791e+01
8.625791e+01
8.625791e+01
8.625791e+01
8.625791e+01
8.625791e+01
8.625791e+01
8.625791e+01
8.625791e+01
8.625791e+01
8.625791e+01
8.625791e+01
8.625791e+01
8.625791e+01
8.625791e+01
8.625791e+01
8.625791e+01
8.625791e+01
8.625791e+01
8.625791e+01
8.625791e+01
8.625791e+01
8.625791e+01
8.625791e+01
8.625791e+01
8.625791e+01
8.625791e+01
8.625791e+01
8.625791e+01
8.625791e+01
8.625791e+01
8.625791e+01
8.625791e+01
8.625791e+01
8.625791e+01
8.625791e+01
8.625791e+01
8.625791e+01
8.625791e+01
8.625791e+01
8.625791e+01
8.625791e+01
8.625791e+01
8.625791e+01
8.625791e+01
8.625791e+01
8.625791e+01
8.625791e+01
8.625791e+01
8.625791e+01
8.625791e+01
8.625791e+01
8.625791e+01
8.625791e+01
8.625791e+01
8.625791e+01
8.625791e+01
8.625791e+01
8.625791e+01
8.625791e+01
8.625791e+01
8.625791e+01
8.625791e+01
8.625791e+01
8.625791e+01
8.625791e+01
8.625791e+01
8.625791e+01
8.625791e+01
8.625791e+01
8.625791e+01
8.625791e+01
8.625791e+01
8.625791e+01
8.625791e+01
8.625791e+01
8.625791e+01
8.625791e+01
8.625791e+01
8.625791e+01
8.625791e+01
8.625791e+01
8.625791e+01
8.625791e+01
8.625791e+01
8.625791e+01
8.625791e+01
8.625791e+01
8.625791e+01
8.625791e+01
8.625791e+01
8.625791e+01
8.625791e+01
8.625791e+01
8.625791e+01
8.625791e+01
8.625791e+01
8.625791e+01
8.625791e+01
8.625791e+01
8.625791e+01
8.625791e+01
8.625791e+01
8.625791e+01
8.625791e+01
8.625791e+01
8.625791e+01
8.625791e+01
8.625791e+01
8.625791e+01
8.625791e+01
8.625791e+01
8.625791e+01
8.625791e+01
8.625791e+01
8.625791e+01
8.625791e+01
8.625791e+01
8.625791e+01
8.625791e+01
8.625791e+01
8.625791e+01
8.625791e+01
8.625791e+01
8.625791e+01
8.625791e+01
8.625791e+01
8.625791e+01
8.625791e+01
8.625791e+01
8.625791e+01
8.625791e+01
8.625791e+01
8.625791e+01
8.625791e+01
8.625791e+01
8.625791e+01
8.625791e+01
8.625791e+01
8.625791e+01
8.625791e+01
8.625791e+01
8.625791e+01
8.625791e+01
8.625791e+01
8.625791e+01
8.625791e+01
8.625791e+01
8.625791e+01
8.625791e+01
8.625791e+01
8.625791e+01
8.625791e+01
8.625791e+01
8.625791e+01
8.625791e+01
8.625791e+01
8.625791e+01
8.625791e+01
8.625791e+01
8.625791e+01
8.625791e+01
8.625791e+01
8.625791e+01
8.625791e+01
8.625791e+01
8.625791e+01
8.625791e+01
8.625791e+01
8.625791e+01
8.625791e+01
8.625791e+01
8.625791e+01
8.625791e+01
8.625791e+01
8.625791e+01
8.625791e+01
8.625791e+01
8.625791e+01
8.625791e+01
8.625791e+01
8.625791e+01
8.625791e+01
8.625791e+01
8.625791e+01
8.625791e+01
8.625791e+01
8.625791e+01
8.625791e+01
8.625791e+01
8.625791e+01
8.625791e+01
8.625791e+01
8.625791e+01
8.625791e+01
8.625791e+01
8.625791e+01
8.625791e+01
8.625791e+01
8.625791e+01
8.625791e+01
8.625791e+01
8.625791e+01
8.625791e+01
8.625791e+01
8.625791e+01
8.625791e+01
8.625791e+01
8.625791e+01
8.625791e+01
8.625791e+01
8.625791e+01
8.625791e+01
8.625791e+01
8.625791e+01
8.625791e+01
8.625791e+01
8.625791e+01
8.625791e+01
8.625791e+01
8.625791e+01
8.625791e+01
8.625791e+01
8.625791e+01
8.625791e+01
8.625791e+01
8.625791e+01
8.625791e+01
8.625791e+01
8.625791e+01
8.625791e+01
8.625791e+01
8.625791e+01
8.625791e+01
8.625791e+01
8.625791e+01
8.625791e+01
8.625791e+01
8.625791e+01
8.625791e+01
8.625791e+01
8.625791e+01
8.625791e+01
8.625791e+01
8.625791e+01
8.625791e+01
8.625791e+01
8.625791e+01
8.625791e+01
8.625791e+01
8.625791e+01
8.625791e+01
8.625791e+01
8.625791e+01
8.625791e+01
8.625791e+01
8.625791e+01
8.625791e+01
8.625791e+01
8.625791e+01
8.625791e+01
8.625791e+01
8.625791e+01
8.625791e+01
8.625791e+01
8.625791e+01
8.625791e+01
8.625791e+01
8.625791e+01
8.625791e+01
8.625791e+01
8.625791e+01
8.625791e+01
8.625791e+01
8.625791e+01
8.625791e+01
8.625791e+01
8.625791e+01
8.625791e+01
8.625791e+01
8.625791e+01
8.625791e+01
8.625791e+01
8.625791e+01
8.625791e+01
8.625791e+01
8.625791e+01
8.625791e+01
8.625791e+01
8.625791e+01
8.625791e+01
8.625791e+01
8.625791e+01
8.625791e+01
8.625791e+01
8.625791e+01
8.625791e+01
8.625791e+01
8.625791e+01
8.625791e+01
8.625791e+01
8.625791e+01
8.625791e+01
8.625791e+01
8.625791e+01
8.625791e+01
8.625791e+01
8.625791e+01
8.625791e+01
8.625791e+01
8.625791e+01
8.625791e+01
8.625791e+01
8.625791e+01
8.625791e+01
8.625791e+01
8.625791e+01
8.625791e+01
8.625791e+01
8.625791e+01
8.625791e+01
8.625791e+01
8.625791e+01
8.625791e+01
8.625791e+01
8.625791e+01
8.625791e+01
8.625791e+01
8.625791e+01
8.625791e+01
8.625791e+01
8.625791e+01
8.625791e+01
8.625791e+01
8.625791e+01
8.625791e+01
8.625791e+01
8.625791e+01
8.625791e+01
8.625791e+01
8.625791e+01
8.625791e+01
8.625791e+01
8.625791e+01
8.625791e+01
8.625791e+01
8.625791e+01
8.625791e+01
8.625791e+01
8.625791e+01
8.625791e+01
8.625791e+01
8.625791e+01
8.625791e+01
8.625791e+01
8.625791e+01
8.625791e+01
8.625791e+01
8.625791e+01
8.625791e+01
8.625791e+01
8.625791e+01
8.625791e+01
8.625791e+01
8.625791e+01
8.625791e+01
8.625791e+01
8.625791e+01
8.625791e+01
8.625791e+01
8.625791e+01
8.625791e+01
8.625791e+01
8.625791e+01
8.625791e+01
8.625791e+01
8.625791e+01
8.625791e+01
8.625791e+01
8.625791e+01
8.625791e+01
8.625791e+01
8.625791e+01
8.625791e+01
8.625791e+01
8.625791e+01
8.625791e+01
8.625791e+01
8.625791e+01
8.625791e+01
8.625791e+01
8.625791e+01
8.625791e+01
8.625791e+01
8.625791e+01
8.625791e+01
8.625791e+01
8.625791e+01
8.625791e+01
8.625791e+01
8.625791e+01
8.625791e+01
8.625791e+01
8.625791e+01
8.625791e+01
8.625791e+01
8.625791e+01
8.625791e+01
8.625791e+01
8.625791e+01
8.625791e+01
8.625791e+01
8.625791e+01
8.625791e+01
8.625791e+01
8.625791e+01
8.625791e+01
8.625791e+01
8.625791e+01
8.625791e+01
8.625791e+01
8.625791e+01
8.625791e+01
8.625791e+01
8.625791e+01
8.625791e+01
8.625791e+01
8.625791e+01
8.625791e+01
8.625791e+01
8.625791e+01
8.625791e+01
8.625791e+01
8.625791e+01
8.625791e+01
8.625791e+01
8.625791e+01
8.625791e+01
8.625791e+01
8.625791e+01
8.625791e+01
8.625791e+01
8.625791e+01
8.625791e+01
8.625791e+01
8.625791e+01
8.625791e+01
8.625791e+01
8.625791e+01
8.625791e+01
8.625791e+01
8.625791e+01
8.625791e+01
8.625791e+01
8.625791e+01
8.625791e+01
8.625791e+01
8.625791e+01
8.625791e+01
8.625791e+01
8.625791e+01
8.625791e+01
8.625791e+01
8.625791e+01
8.625791e+01
8.625791e+01
8.625791e+01
8.625791e+01
8.625791e+01
8.625791e+01
8.625791e+01
8.625791e+01
8.625791e+01
8.625791e+01
8.625791e+01
8.625791e+01
8.625791e+01
8.625791e+01
8.625791e+01
8.625791e+01
8.625791e+01
8.625791e+01
8.625791e+01
8.625791e+01
8.625791e+01
8.625791e+01
8.625791e+01
8.625791e+01
8.625791e+01
8.625791e+01
8.625791e+01
8.625791e+01
8.625791e+01
8.625791e+01
8.625791e+01
8.625791e+01
8.625791e+01
8.625791e+01
8.625791e+01
8.625791e+01
8.625791e+01
8.625791e+01
8.625791e+01
8.625791e+01
8.625791e+01
8.625791e+01
8.625791e+01
8.625791e+01
8.625791e+01
8.625791e+01
8.625791e+01
8.625791e+01
8.625791e+01
8.625791e+01
8.625791e+01
8.625791e+01
8.625791e+01
8.625791e+01
8.625791e+01
8.625791e+01
8.625791e+01
8.625791e+01
8.625791e+01
8.625791e+01
8.625791e+01
8.625791e+01
8.625791e+01
8.625791e+01
8.625791e+01
8.625791e+01
8.625791e+01
8.625791e+01
8.625791e+01
8.625791e+01
8.625791e+01
8.625791e+01
8.625791e+01
8.625791e+01
8.625791e+01
8.625791e+01
8.625791e+01
8.625791e+01
8.625791e+01
8.625791e+01
8.625791e+01
8.625791e+01
8.625791e+01
8.625791e+01
8.625791e+01
8.625791e+01
8.625791e+01
8.625791e+01
8.625791e+01
8.625791e+01
8.625791e+01
8.625791e+01
8.625791e+01
8.625791e+01
8.625791e+01
8.625791e+01
8.625791e+01
8.625791e+01
8.625791e+01
8.625791e+01
8.625791e+01
8.625791e+01
8.625791e+01
8.625791e+01
8.625791e+01
8.625791e+01
8.625791e+01
8.625791e+01
8.625791e+01
8.625791e+01
8.625791e+01
8.625791e+01
8.625791e+01
8.625791e+01
8.625791e+01
8.625791e+01
8.625791e+01
8.625791e+01
8.625791e+01
8.625791e+01
8.625791e+01
8.625791e+01
8.625791e+01
8.625791e+01
8.625791e+01
8.625791e+01
8.625791e+01
8.625791e+01
8.625791e+01
8.625791e+01
8.625791e+01
8.625791e+01
8.625791e+01
8.625791e+01
8.625791e+01
8.625791e+01
8.625791e+01
8.625791e+01
8.625791e+01
8.625791e+01
8.625791e+01
8.625791e+01
8.625791e+01
8.625791e+01
8.625791e+01
8.625791e+01
8.625791e+01
8.625791e+01
8.619811e+01
8.619811e+01
8.619811e+01
8.619811e+01
8.619811e+01
8.619811e+01
8.619811e+01
8.619811e+01
8.619811e+01
8.619811e+01
8.619811e+01
8.619811e+01
8.619811e+01
8.619811e+01
8.619811e+01
8.619811e+01
8.619811e+01
8.619811e+01
8.619811e+01
8.619811e+01
8.619811e+01
8.619811e+01
8.619811e+01
8.619811e+01
8.619811e+01
8.619811e+01
8.619811e+01
8.619811e+01
8.619811e+01
8.619811e+01
8.619811e+01
8.619811e+01
8.619811e+01
8.619811e+01
8.619811e+01
8.619811e+01
8.619811e+01
8.619811e+01
8.619811e+01
8.619811e+01
8.619811e+01
8.619811e+01
8.619811e+01
8.619811e+01
8.619811e+01
8.619811e+01
8.619811e+01
8.619811e+01
8.619811e+01
8.619811e+01
8.619811e+01
8.619811e+01
8.619811e+01
8.619811e+01
8.619811e+01
8.619811e+01
8.619811e+01
8.619811e+01
8.619811e+01
8.619811e+01
8.619811e+01
8.619811e+01
8.619811e+01
8.619811e+01
8.619811e+01
8.619811e+01
8.619811e+01
8.619811e+01
8.619811e+01
8.619811e+01
8.619811e+01
8.619811e+01
8.619811e+01
8.619811e+01
8.619811e+01
8.619811e+01
8.619811e+01
8.619811e+01
8.619811e+01
8.619811e+01
8.619811e+01
8.619811e+01
8.619811e+01
8.619811e+01
8.619811e+01
8.619811e+01
8.619811e+01
8.619811e+01
8.619811e+01
8.619811e+01
8.619811e+01
8.619811e+01
8.619811e+01
8.619811e+01
8.619811e+01
8.619811e+01
8.619811e+01
8.619811e+01
8.619811e+01
8.619811e+01
8.619811e+01
8.619811e+01
8.619811e+01
8.619811e+01
8.619811e+01
8.619811e+01
8.619811e+01
8.619811e+01
8.619811e+01
8.619811e+01
8.619811e+01
8.619811e+01
8.619811e+01
8.619811e+01
8.619811e+01
8.619811e+01
8.619811e+01
8.619811e+01
8.619811e+01
8.619811e+01
8.619811e+01
8.619811e+01
8.619811e+01
8.619811e+01
8.619811e+01
8.619811e+01
8.619811e+01
8.619811e+01
8.619811e+01
8.619811e+01
8.619811e+01
8.619811e+01
8.619811e+01
8.619811e+01
8.619811e+01
8.619811e+01
8.619811e+01
8.619811e+01
8.619811e+01
8.619811e+01
8.619811e+01
8.619811e+01
8.619811e+01
8.619811e+01
8.619811e+01
8.619811e+01
8.619811e+01
8.619811e+01
8.619811e+01
8.619811e+01
8.619811e+01
8.619811e+01
8.619811e+01
8.619811e+01
8.619811e+01
8.619811e+01
8.619811e+01
8.619811e+01
8.619811e+01
8.619811e+01
8.619811e+01
8.619811e+01
8.619811e+01
8.619811e+01
8.619811e+01
8.619811e+01
8.619811e+01
8.619811e+01
8.619811e+01
8.619811e+01
8.619811e+01
8.619811e+01
8.619811e+01
8.619811e+01
8.619811e+01
8.619811e+01
8.619811e+01
8.619811e+01
8.619811e+01
8.619811e+01
8.619811e+01
8.619811e+01
8.619811e+01
8.619811e+01
8.619811e+01
8.619811e+01
8.619811e+01
8.619811e+01
8.619811e+01
8.619811e+01
8.619811e+01
8.619811e+01
8.619811e+01
8.619811e+01
8.619811e+01
8.619811e+01
8.619811e+01
8.619811e+01
8.619811e+01
8.619811e+01
8.619811e+01
8.619811e+01
8.619811e+01
8.619811e+01
8.619811e+01
8.619811e+01
8.619811e+01
8.619811e+01
8.619811e+01
8.619811e+01
8.619811e+01
8.619811e+01
8.619811e+01
8.619811e+01
8.619811e+01
8.619811e+01
8.619811e+01
8.619811e+01
8.619811e+01
8.619811e+01
8.619811e+01
8.619811e+01
8.619811e+01
8.619811e+01
8.619811e+01
8.619811e+01
8.619811e+01
8.619811e+01
8.619811e+01
8.619811e+01
8.619811e+01
8.619811e+01
8.619811e+01
8.619811e+01
8.619811e+01
8.619811e+01
8.619811e+01
8.619811e+01
8.619811e+01
8.619811e+01
8.619811e+01
8.619811e+01
8.619811e+01
8.619811e+01
8.619811e+01
8.619811e+01
8.619811e+01
8.619811e+01
8.619811e+01
8.619811e+01
8.619811e+01
8.619811e+01
8.619811e+01
8.619811e+01
8.619811e+01
8.619811e+01
8.619811e+01
8.619811e+01
8.619811e+01
8.619811e+01
8.619811e+01
8.619811e+01
8.619811e+01
8.619811e+01
8.619811e+01
8.619811e+01
8.619811e+01
8.619811e+01
8.619811e+01
8.619811e+01
8.619811e+01
8.619811e+01
8.619811e+01
8.619811e+01
8.619811e+01
8.619811e+01
8.619811e+01
8.619811e+01
8.619811e+01
8.619811e+01
8.619811e+01
8.619811e+01
8.619811e+01
8.619811e+01
8.619811e+01
8.619811e+01
8.619811e+01
8.619811e+01
8.619811e+01
8.619811e+01
8.619811e+01
8.619811e+01
8.619811e+01
8.619811e+01
8.619811e+01
8.619811e+01
8.619811e+01
8.619811e+01
8.619811e+01
8.619811e+01
8.619811e+01
8.619811e+01
8.619811e+01
8.619811e+01
8.619811e+01
8.619811e+01
8.619811e+01
8.619811e+01
8.619811e+01
8.619811e+01
8.619811e+01
8.619811e+01
8.619811e+01
8.619811e+01
8.619811e+01
8.619811e+01
8.619811e+01
8.619811e+01
8.619811e+01
8.619811e+01
8.619811e+01
8.619811e+01
8.619811e+01
8.619811e+01
8.619811e+01
8.619811e+01
8.619811e+01
8.619811e+01
8.619811e+01
8.619811e+01
8.619811e+01
8.619811e+01
8.619811e+01
8.619811e+01
8.619811e+01
8.619811e+01
8.619811e+01
8.619811e+01
8.619811e+01
8.619811e+01
8.619811e+01
8.619811e+01
8.619811e+01
8.619811e+01
8.619811e+01
8.619811e+01
8.619811e+01
8.619811e+01
8.619811e+01
