-3.600000e-01
-5.200000e-01
-7.600000e-01
-7.600000e-01
-7.600000e-01
-8.400000e-01
-8.400000e-01
-8.400000e-01
-8.400000e-01
-8.400000e-01
-8.400000e-01
-9.200000e-01
-9.200000e-01
-9.200000e-01
-9.200000e-01
-9.200000e-01
-9.200000e-01
-9.200000e-01
-9.200000e-01
-9.200000e-01
-9.200000e-01
-9.200000e-01
-9.200000e-01
-9.200000e-01
-9.200000e-01
-9.200000e-01
-9.200000e-01
-9.200000e-01
-9.200000e-01
-9.200000e-01
-9.200000e-01
-9.200000e-01
-9.200000e-01
-9.200000e-01
-9.200000e-01
-9.200000e-01
-9.200000e-01
-9.200000e-01
-9.200000e-01
-9.200000e-01
-9.200000e-01
-9.200000e-01
-9.200000e-01
-9.200000e-01
-9.200000e-01
-9.200000e-01
-9.200000e-01
-9.200000e-01
-9.200000e-01
-9.200000e-01
-9.200000e-01
-9.200000e-01
-9.200000e-01
-9.200000e-01
-9.200000e-01
-9.200000e-01
-9.200000e-01
-9.200000e-01
-9.200000e-01
-9.200000e-01
-9.200000e-01
-9.200000e-01
-9.200000e-01
-9.200000e-01
-9.200000e-01
-9.200000e-01
-9.200000e-01
-9.200000e-01
-9.200000e-01
-9.200000e-01
-9.200000e-01
-9.200000e-01
-9.200000e-01
-9.200000e-01
-9.200000e-01
-9.200000e-01
-9.200000e-01
-9.200000e-01
-9.200000e-01
-9.200000e-01
-9.200000e-01
-9.200000e-01
-9.200000e-01
-9.200000e-01
-9.200000e-01
-9.200000e-01
-9.200000e-01
-9.200000e-01
-9.200000e-01
-9.200000e-01
-9.200000e-01
-9.200000e-01
-9.200000e-01
-9.200000e-01
-9.200000e-01
-9.200000e-01
-9.200000e-01
-9.200000e-01
-9.200000e-01
-9.200000e-01
-9.200000e-01
-9.200000e-01
-9.200000e-01
-9.200000e-01
-9.200000e-01
-9.200000e-01
-9.200000e-01
-9.200000e-01
-9.200000e-01
-9.200000e-01
-9.200000e-01
-9.200000e-01
-9.200000e-01
-9.200000e-01
-9.200000e-01
-9.200000e-01
-9.200000e-01
-9.200000e-01
-9.200000e-01
-9.200000e-01
-9.200000e-01
-9.200000e-01
-9.200000e-01
-9.200000e-01
-9.200000e-01
-9.200000e-01
-9.200000e-01
-9.200000e-01
-9.200000e-01
-9.200000e-01
-9.200000e-01
-9.200000e-01
-9.200000e-01
-9.200000e-01
-9.200000e-01
-9.200000e-01
-9.200000e-01
-9.200000e-01
-9.200000e-01
-9.200000e-01
-9.200000e-01
-9.200000e-01
-9.200000e-01
-9.200000e-01
-9.200000e-01
-9.200000e-01
-9.200000e-01
-9.200000e-01
-9.200000e-01
-9.200000e-01
