1.98
1.97998
1.97992
1.97983
1.97969
1.97952
1.97931
1.97906
1.97878
1.97845
1.97809
1.97768
1.97724
1.97675
1.97623
1.97566
1.97505
1.9744
1.97371
1.97297
1.97219
1.97136
1.97049
1.96957
1.9686
1.96758
1.96651
1.96539
1.96422
1.96299
1.96171
1.96038
1.95898
1.95753
1.95601
1.95444
1.95279
1.95109
1.94931
1.94747
1.94555
1.94357
1.9415
1.93937
1.93715
1.93485
1.93246
1.92999
1.92743
1.92478
1.92203
1.91918
1.91624
1.91319
1.91003
1.90677
1.9034
1.8999
1.89629
1.89256
1.8887
1.88471
1.88059
1.87633
1.87194
1.86739
1.8627
1.85786
1.85286
1.84771
1.84239
1.83691
1.83126
1.82544
1.81945
1.81327
1.80692
1.80039
1.79367
1.78677
1.77967
1.77239
1.76492
1.75725
1.7494
1.74135
1.73311
1.72469
1.71608
1.70729
1.69831
1.68917
1.67985
1.67036
1.66072
1.65092
1.64099
1.63091
1.62071
1.61039
1.59997
1.58945
1.57886
1.56819
1.55747
1.5467
1.53591
1.52511
1.5143
1.50351
1.49275
1.48203
1.47137
1.46078
1.45028
1.43987
1.42957
1.41938
1.40933
1.39941
1.38964
1.38002
1.37056
1.36127
1.35214
1.34318
1.3344
1.3258
1.31737
1.30912
1.30105
1.29315
1.28542
1.27786
1.27046
1.26323
1.25616
1.24924
1.24248
1.23586
1.22939
1.22305
1.21685
1.21078
1.20484
1.19902
1.19332
1.18774
1.18228
1.17692
1.17167
1.16653
1.16149
1.15656
1.15172
1.14699
1.14235
1.13781
1.13336
1.129
1.12474
1.12057
1.11649
1.11251
1.10861
1.10481
1.1011
1.09747
1.09394
1.0905
1.08714
1.08388
1.0807
1.07761
1.07461
1.0717
1.06888
1.06615
1.06351
1.06095
1.05848
1.05609
1.0538
1.05158
1.04945
1.04741
1.04544
1.04356
1.04176
1.04004
1.0384
1.03684
1.03534
1.03393
1.03258
1.0313
1.03009
1.02895
1.02786
1.02684
1.02588
1.02498
1.02413
1.02333
1.02258
1.02188
1.02122
1.0206
1.02002
1.01947
1.01896
1.01848
1.01803
1.0176
1.01719
1.0168
1.01643
1.01608
1.01574
1.01541
1.01508
1.01476
1.01445
1.01414
1.01383
1.01351
1.01319
1.01287
1.01254
1.0122
1.01185
1.01149
1.01112
1.01073
1.01034
1.00992
1.00949
1.00905
1.00858
1.0081
1.0076
1.00708
1.00655
1.00599
1.00542
1.00483
1.00422
1.00358
1.00293
1.00226
1.00158
1.00087
1.00015
0.999412
0.99866
0.997894
0.997117
0.996329
0.995534
0.994733
0.993929
0.993127
0.992328
0.991538
0.990761
0.990001
0.989264
0.988554
0.987879
0.987244
0.986657
0.986124
0.985654
0.985254
0.984932
0.984695
0.984552
0.98451
0.984578
0.984762
0.98507
0.985507
0.986081
0.986795
0.987656
0.988666
0.98983
0.991148
0.992621
0.994251
0.996035
0.997971
1.00006
1.00229
1.00466
1.00716
1.00979
1.01255
1.01541
1.01838
1.02144
1.02459
1.02782
1.03111
1.03446
1.03785
1.04129
1.04475
1.04824
1.05174
1.05524
1.05874
1.06222
1.06569
1.06914
1.07256
1.07594
1.07928
1.08258
1.08582
1.08902
1.09216
1.09525
1.09827
1.10123
1.10413
1.10696
1.10973
1.11243
1.11505
1.11761
1.1201
1.12252
1.12487
1.12714
1.12935
1.13148
1.13355
1.13554
1.13746
1.13931
1.14109
1.1428
1.14444
1.14601
1.14751
1.14895
1.15031
1.1516
1.15283
1.15398
1.15507
1.15609
1.15704
1.15792
1.15874
1.15949
1.16017
1.16079
1.16134
1.16182
1.16224
1.16259
1.16288
1.1631
1.16326
1.16336
1.16339
1.16336
1.16327
1.16312
1.16291
1.16264
1.16231
1.16192
1.16148
1.16097
1.16042
1.15981
1.15915
1.15843
1.15767
1.15686
1.156
1.15509
1.15415
1.15316
1.15213
1.15106
1.14996
1.14882
1.14766
1.14646
1.14525
1.144
1.14274
1.14146
1.14017
1.13886
1.13755
1.13623
1.13492
1.1336
1.13229
1.13099
1.1297
1.12842
1.12717
1.12594
1.12473
1.12356
1.12242
1.12132
1.12026
1.11924
1.11827
1.11736
1.11649
1.11569
1.11495
1.11427
1.11366
1.11312
1.11265
1.11225
1.11193
1.11168
1.11151
1.11143
1.11142
1.11149
1.11164
1.11188
1.11219
1.11259
1.11306
1.11361
1.11425
1.11495
1.11573
1.11658
1.1175
1.11849
1.11954
1.12065
1.12182
1.12304
1.12431
1.12563
1.12699
1.12839
1.12982
1.13128
1.13277
1.13427
1.1358
1.13734
1.13889
1.14044
1.14199
1.14354
1.14508
1.1466
1.14811
1.1496
1.15107
1.15251
1.15393
1.15531
1.15665
1.15796
1.15923
1.16045
1.16163
1.16277
1.16385
1.16489
1.16588
1.16682
1.1677
1.16854
1.16932
1.17005
1.17073
1.17136
1.17194
1.17247
1.17295
1.17338
1.17377
1.17411
1.17441
1.17467
1.17489
1.17506
1.1752
1.17531
1.17538
1.17541
1.17542
1.1754
1.17535
1.17527
1.17517
1.17505
1.17491
1.17474
1.17456
1.17436
1.17414
1.17391
1.17366
1.17339
1.17311
1.17281
1.1725
1.17217
1.17183
1.17147
1.1711
1.17072
1.17032
1.1699
1.16947
1.16902
1.16855
1.16806
1.16755
1.16702
1.16647
1.1659
1.1653
1.16468
1.16404
1.16337
1.16267
1.16195
1.1612
1.16043
1.15962
1.15879
1.15793
1.15704
1.15612
1.15517
1.15419
1.15317
1.15213
1.15106
1.14996
1.14883
1.14767
1.14648
1.14526
1.14402
1.14275
1.14145
1.14013
1.13879
1.13742
1.13603
1.13462
1.13319
1.13174
1.13028
1.1288
1.12731
1.1258
1.12429
1.12277
1.12124
1.11971
1.11818
1.11665
1.11512
1.11359
1.11207
1.11055
1.10905
1.10756
1.10608
1.10461
1.10317
1.10174
1.10033
1.09894
1.09758
1.09624
1.09493
1.09365
1.09239
1.09117
1.08998
1.08881
1.08768
1.08658
1.08552
1.08449
1.08349
1.08252
1.08159
1.0807
1.07983
1.079
1.0782
1.07743
1.07669
1.07598
1.0753
1.07465
1.07403
1.07343
1.07286
1.07231
1.07178
1.07128
1.0708
1.07034
1.06989
1.06947
1.06906
1.06867
1.0683
1.06794
1.0676
1.06727
1.06695
1.06665
1.06635
1.06608
1.06581
1.06556
1.06532
1.06509
1.06487
1.06467
1.06449
1.06431
1.06416
1.06402
1.0639
1.0638
1.06373
1.06367
1.06364
1.06363
1.06365
1.06371
1.06379
1.0639
1.06405
1.06423
1.06445
1.06471
1.06501
1.06536
1.06575
1.06619
1.06668
1.06721
1.0678
1.06844
1.06914
1.06989
1.0707
1.07157
1.07249
1.07348
1.07452
1.07562
1.07678
1.07801
1.07929
1.08063
1.08202
1.08348
1.08499
1.08655
1.08817
1.08984
1.09155
1.09332
1.09513
1.09698
1.09887
1.1008
1.10277
1.10476
1.10678
1.10883
1.1109
1.11299
1.11509
1.11721
1.11933
1.12145
1.12358
1.12571
1.12783
1.12993
1.13203
1.13411
1.13617
1.1382
1.14021
1.14218
1.14412
1.14603
1.14789
1.14971
1.15149
1.15322
1.1549
1.15653
1.1581
1.15961
1.16106
1.16246
1.16378
1.16505
1.16624
1.16737
1.16843
1.16942
1.17034
1.17118
1.17195
1.17265
1.17328
1.17383
1.17431
1.17471
1.17504
1.17529
1.17547
1.17557
1.17561
1.17557
1.17545
1.17527
1.17502
1.1747
1.17432
1.17386
1.17335
1.17277
1.17213
1.17143
1.17067
1.16986
1.169
1.16808
1.16712
1.16611
1.16505
1.16396
1.16282
1.16165
1.16045
1.15921
1.15794
1.15665
1.15534
1.154
1.15265
1.15129
1.14991
1.14852
1.14713
1.14574
1.14435
1.14296
1.14158
1.1402
1.13884
1.13749
1.13615
1.13484
1.13355
1.13228
1.13104
1.12982
1.12864
1.12749
1.12638
1.12531
1.12427
1.12327
1.12232
1.12141
1.12054
1.11972
1.11895
1.11823
1.11755
1.11692
1.11634
1.11582
1.11534
1.11491
1.11454
1.11421
1.11394
1.11371
1.11354
1.11341
1.11333
1.1133
1.11331
1.11338
1.11348
1.11363
1.11382
1.11406
1.11433
1.11464
1.11499
1.11537
1.11579
1.11625
1.11673
1.11725
1.11779
1.11836
1.11896
1.11958
1.12022
1.12089
1.12157
1.12227
1.12299
1.12373
1.12448
1.12524
1.12601
1.12679
1.12758
1.12837
1.12917
1.12998
1.13078
1.13159
1.1324
1.1332
1.13401
1.13481
1.1356
1.13639
1.13717
1.13794
1.1387
1.13945
1.14019
1.14091
1.14162
1.14231
1.14298
1.14363
1.14426
1.14487
1.14546
1.14602
1.14655
1.14705
1.14753
1.14797
1.14838
1.14876
1.14911
1.14942
1.14969
1.14993
1.15012
1.15028
1.15039
1.15047
1.1505
1.15049
1.15043
1.15033
1.15018
1.14999
1.14976
1.14948
1.14915
1.14878
1.14837
1.14791
1.14741
1.14687
1.14628
1.14566
1.145
1.1443
1.14356
1.14279
1.14198
1.14115
1.14028
1.13939
1.13848
1.13754
1.13659
1.13561
1.13463
1.13363
1.13262
1.13161
1.13059
1.12958
1.12856
1.12755
1.12655
1.12557
1.12459
1.12364
1.1227
1.12179
1.1209
1.12004
1.11921
1.11841
1.11765
1.11692
1.11624
1.11559
1.11499
1.11444
1.11393
1.11347
1.11306
1.11269
1.11238
1.11212
1.11191
1.11176
1.11166
1.11161
1.11161
1.11167
1.11178
1.11195
1.11216
1.11243
1.11275
1.11312
1.11354
1.114
1.11452
1.11508
1.11569
1.11634
1.11703
1.11777
1.11854
1.11936
1.12022
1.12111
1.12204
1.123
1.124
1.12503
1.12609
1.12718
1.1283
1.12945
1.13062
1.13181
1.13303
1.13427
1.13553
1.13682
1.13811
1.13943
1.14076
1.14211
1.14347
1.14484
1.14622
1.14761
1.14901
1.15041
1.15181
1.15322
1.15463
1.15603
1.15744
1.15883
1.16023
1.16161
1.16298
1.16434
1.16569
1.16701
1.16833
1.16962
1.17088
1.17213
1.17334
1.17453
1.17569
1.17681
1.1779
1.17895
1.17996
1.18093
1.18186
1.18274
1.18357
1.18436
1.1851
1.18578
1.18641
1.18699
1.18751
1.18797
1.18837
1.18871
1.18898
1.1892
1.18935
1.18943
1.18944
1.18939
1.18927
1.18908
1.18881
1.18848
1.18807
1.18759
1.18703
1.18641
1.1857
1.18493
1.18407
1.18315
1.18214
1.18107
1.17991
1.17868
1.17738
1.176
1.17455
1.17302
1.17142
1.16975
1.168
1.16618
1.16429
1.16233
1.1603
1.1582
1.15603
1.15379
1.15149
1.14912
1.14669
1.1442
1.14165
1.13904
1.13637
1.13364
1.13086
1.12802
1.12514
1.1222
1.11922
1.11619
1.11313
1.11002
1.10687
1.10369
1.10047
1.09723
1.09396
1.09068
1.08737
1.08405
1.08072
1.07738
1.07404
1.07071
1.06739
1.06407
1.06078
1.05751
1.05428
1.05108
1.04792
1.04481
1.04176
1.03877
1.03585
1.033
1.03023
1.02755
1.02496
1.02246
1.02007
1.01778
1.01561
1.01355
1.0116
1.00978
1.00808
1.0065
1.00505
1.00373
1.00253
1.00145
1.0005
0.999671
0.99896
0.998364
0.997881
0.997507
0.997238
0.997069
0.996996
0.997014
0.997118
0.997303
0.997564
0.997897
0.998295
0.998753
0.999268
0.999835
1.00045
1.0011
1.0018
1.00253
1.00329
1.00408
1.0049
1.00574
1.0066
1.00748
1.00838
1.00929
1.01022
1.01116
1.01211
1.01307
1.01404
1.01502
1.01601
1.01701
1.01802
1.01903
1.02005
1.02108
1.02212
1.02316
1.02421
1.02527
1.02634
1.02741
1.02849
1.02958
1.03068
1.03178
1.0329
1.03402
1.03515
1.03629
1.03744
1.03859
1.03976
1.04093
1.04212
1.04331
1.04452
1.04574
1.04696
1.0482
1.04944
1.0507
1.05196
1.05324
1.05453
1.05583
1.05714
1.05846
1.05979
1.06113
1.06248
1.06385
1.06522
1.06661
1.06801
1.06942
1.07084
1.07227
1.07371
1.07517
1.07663
1.07811
1.0796
1.08109
1.0826
1.08412
1.08565
1.08719
1.08874
1.0903
1.09187
1.09345
1.09503
1.09663
1.09824
1.09985
1.10148
1.10311
1.10474
1.10639
1.10804
1.1097
1.11137
1.11304
1.11471
1.11639
1.11808
1.11977
1.12147
1.12316
1.12486
1.12657
1.12827
1.12998
1.13169
1.13339
1.1351
1.13681
1.13852
1.14022
1.14193
1.14363
1.14533
1.14702
1.14872
1.1504
1.15208
1.15376
1.15543
1.15709
1.15874
1.16039
1.16202
1.16365
1.16526
1.16687
1.16846
1.17004
1.1716
1.17315
1.17469
1.17621
1.17771
1.17919
1.18065
1.18209
1.18351
1.18491
1.18629
1.18764
1.18897
1.19027
1.19155
1.1928
1.19401
1.19521
1.19636
1.19749
1.19859
1.19965
1.20068
1.20167
1.20263
1.20355
1.20443
1.20528
1.20608
1.20685
1.20758
1.20826
1.2089
1.20951
1.21006
1.21058
1.21105
1.21148
1.21186
1.2122
1.2125
1.21275
1.21295
1.21311
1.21323
1.2133
1.21333
1.21331
1.21324
1.21314
1.21299
1.2128
1.21256
1.21228
1.21196
1.2116
1.2112
1.21076
1.21029
1.20977
1.20922
1.20863
1.20801
1.20735
1.20666
1.20594
1.20519
1.20442
1.20361
1.20278
1.20192
1.20104
1.20013
1.1992
1.19826
1.19729
1.19631
1.19531
1.19429
1.19326
1.19221
1.19116
1.19009
1.18901
1.18793
1.18683
1.18573
1.18462
1.18351
1.18239
1.18127
1.18014
1.17901
1.17788
1.17674
1.1756
1.17446
1.17332
1.17218
1.17104
1.1699
1.16876
1.16762
1.16647
1.16533
1.16418
1.16303
1.16188
1.16073
1.15958
1.15843
1.15728
1.15612
1.15497
1.15381
1.15266
1.1515
1.15035
1.14919
1.14803
1.14688
1.14572
1.14457
1.14342
1.14227
1.14113
1.14
1.13887
1.13775
1.13664
1.13554
1.13445
1.13338
1.13232
1.13127
1.13024
1.12924
1.12825
1.12729
1.12634
1.12543
1.12453
1.12367
1.12283
1.12202
1.12124
1.12049
1.11978
1.11909
1.11844
1.11782
1.11723
1.11667
1.11615
1.11565
1.11519
1.11476
1.11435
1.11398
1.11363
1.11331
1.11302
1.11275
1.1125
1.11228
1.11208
1.11189
1.11173
1.11159
1.11146
1.11135
1.11125
1.11116
1.11109
1.11103
1.11098
1.11094
1.11091
1.11089
1.11088
1.11088
1.11088
1.1109
1.11091
1.11094
1.11097
1.11101
1.11106
1.11111
1.11117
1.11124
1.11132
1.11141
1.1115
1.11161
1.11172
1.11185
1.11198
1.11212
1.11228
1.11244
1.11261
1.11279
1.11298
1.11318
1.11339
1.1136
1.11382
1.11405
1.11428
1.11452
1.11476
1.115
1.11524
1.11548
1.11572
1.11596
1.11619
1.11642
1.11664
1.11685
1.11705
1.11724
1.11742
1.11759
1.11774
1.11788
1.118
1.1181
1.11819
1.11827
1.11832
1.11836
1.11838
1.11839
1.11838
1.11835
1.11832
1.11827
1.11821
1.11814
1.11806
1.11797
1.11789
1.1178
1.11771
1.11762
1.11754
1.11746
1.11739
1.11734
1.1173
1.11727
1.11726
1.11727
1.1173
1.11735
1.11742
1.11752
1.11764
1.11779
1.11797
1.11817
1.11841
1.11867
1.11895
1.11926
1.1196
1.11997
1.12036
1.12077
1.1212
1.12166
1.12213
1.12263
1.12313
1.12365
1.12419
1.12473
1.12528
1.12584
1.1264
1.12696
1.12753
1.12809
1.12865
1.1292
1.12974
1.13028
1.1308
1.13131
1.13181
1.13229
1.13275
1.13319
1.13361
1.13401
1.13439
1.13474
1.13507
1.13537
1.13565
1.1359
1.13612
1.13631
1.13647
1.13661
1.13671
1.13679
1.13683
1.13685
1.13683
1.13679
1.13672
1.13662
1.13649
1.13634
1.13616
1.13595
1.13572
1.13547
1.13519
1.13489
1.13457
1.13423
1.13386
1.13349
1.13309
1.13268
1.13225
1.13181
1.13136
1.13089
1.13042
1.12993
1.12944
1.12894
1.12843
1.12792
1.1274
1.12688
1.12635
1.12582
1.1253
1.12476
1.12423
1.1237
1.12317
1.12264
1.12211
1.12158
1.12106
1.12053
1.12001
1.11949
1.11897
1.11845
1.11794
1.11742
1.11691
1.1164
1.11589
1.11538
1.11488
1.11437
1.11386
1.11336
1.11285
1.11234
1.11184
1.11133
1.11082
1.11031
1.1098
1.10929
1.10877
1.10826
1.10775
1.10723
1.10671
1.10619
1.10567
1.10515
1.10462
1.1041
1.10357
1.10305
1.10252
1.10199
1.10147
1.10094
1.10042
1.0999
1.09937
1.09885
1.09833
1.09782
1.0973
1.09679
1.09628
1.09577
1.09527
1.09477
1.09427
1.09378
1.09329
1.0928
1.09232
1.09183
1.09135
1.09088
1.0904
1.08993
1.08945
1.08898
1.0885
1.08802
1.08755
1.08707
1.08658
1.0861
1.08561
1.08511
1.08461
1.0841
1.08358
1.08305
1.08251
1.08197
1.08141
1.08084
1.08025
1.07965
1.07904
1.07841
1.07776
1.0771
1.07642
1.07572
1.075
1.07427
1.07352
1.07275
1.07196
1.07115
1.07033
1.06948
1.06863
1.06775
1.06686
1.06595
1.06504
1.0641
1.06316
1.06221
1.06125
1.06029
1.05932
1.05834
1.05737
1.0564
1.05543
1.05447
1.05352
1.05258
1.05166
1.05076
1.04987
1.04901
1.04818
1.04737
1.0466
1.04587
1.04517
1.04452
1.04391
1.04335
1.04283
1.04237
1.04197
1.04162
1.04133
1.04111
1.04094
1.04085
1.04082
1.04085
1.04096
1.04114
1.04139
1.04171
1.0421
1.04257
1.0431
1.04371
1.04439
1.04514
1.04596
1.04685
1.04781
1.04883
1.04992
1.05106
1.05227
1.05354
1.05486
1.05624
1.05766
1.05914
1.06066
1.06223
1.06384
1.06548
1.06716
1.06887
1.07062
1.07239
1.07419
1.07601
1.07784
1.0797
1.08157
1.08345
1.08535
1.08725
1.08916
1.09107
1.09299
1.0949
1.09682
1.09873
1.10063
1.10253
1.10443
1.10631
1.10819
1.11005
1.1119
1.11374
1.11556
1.11737
1.11916
1.12094
1.1227
1.12444
1.12617
1.12787
1.12956
1.13122
1.13287
1.1345
1.1361
1.13768
1.13924
1.14078
1.14229
1.14378
1.14525
1.14669
1.14811
1.1495
1.15087
1.15221
1.15352
1.15481
1.15606
1.15729
1.15849
1.15966
1.1608
1.16191
1.16298
1.16402
1.16503
1.16601
1.16695
1.16786
1.16873
1.16956
1.17036
1.17111
1.17183
1.17251
1.17316
1.17376
1.17432
1.17484
1.17531
1.17575
1.17614
1.17648
1.17679
1.17705
1.17727
1.17744
1.17757
1.17766
1.1777
1.1777
1.17765
1.17757
1.17744
1.17726
1.17705
1.17679
1.1765
1.17616
1.17579
1.17537
1.17492
1.17444
1.17391
1.17336
1.17277
1.17214
1.17149
1.17081
1.17009
1.16935
1.16859
1.1678
1.16698
1.16615
1.16529
1.16442
1.16353
1.16262
1.1617
1.16076
1.15982
1.15886
1.15789
1.15692
1.15594
1.15496
1.15397
1.15298
1.15199
1.151
1.15001
1.14903
1.14805
1.14707
1.1461
1.14513
1.14417
1.14322
1.14228
1.14135
1.14042
1.13951
1.13861
1.13772
1.13684
1.13597
1.13512
1.13427
1.13344
1.13262
1.13181
1.13101
1.13023
1.12945
1.12869
1.12793
1.12719
1.12645
1.12573
1.12501
1.12431
1.12361
1.12291
1.12223
1.12155
1.12088
1.12021
1.11955
1.11889
1.11823
1.11758
1.11693
1.11628
1.11564
1.11499
1.11434
1.1137
1.11305
1.1124
1.11175
1.1111
1.11045
1.10979
1.10913
1.10847
1.1078
1.10713
1.10645
1.10577
1.10509
1.1044
1.10371
1.10301
1.1023
1.10159
1.10088
1.10016
1.09943
1.09871
1.09797
1.09724
1.0965
1.09575
1.09501
1.09426
1.09352
1.09277
1.09203
1.09128
1.09054
1.08981
1.08908
1.08835
1.08764
1.08693
1.08624
1.08556
1.08489
1.08424
1.0836
1.08298
1.08238
1.0818
1.08125
1.08072
1.08022
1.07974
1.0793
1.07888
1.0785
1.07815
1.07783
1.07755
1.0773
1.0771
1.07693
1.0768
1.07671
1.07666
1.07665
1.07668
1.07675
1.07686
1.07702
1.07721
1.07744
1.07772
1.07803
1.07838
1.07877
1.07919
1.07965
1.08014
1.08066
1.08121
1.08178
1.08239
1.08302
1.08367
1.08434
1.08503
1.08573
1.08645
1.08717
1.08791
1.08865
1.08939
1.09013
1.09087
1.09161
1.09234
1.09306
1.09377
1.09447
1.09515
1.09581
1.09645
1.09707
1.09766
1.09822
1.09876
1.09926
1.09973
1.10017
1.10057
1.10093
1.10125
1.10153
1.10177
1.10197
1.10212
1.10223
1.10229
1.10231
1.10228
1.1022
1.10208
1.10191
1.10169
1.10143
1.10111
1.10075
1.10035
1.09989
1.09939
1.09885
1.09826
1.09763
1.09696
1.09625
1.0955
1.09471
1.09388
1.09302
1.09213
1.0912
1.09025
1.08927
1.08826
1.08723
1.08618
1.08511
1.08402
1.08292
1.0818
1.08068
1.07955
1.07841
1.07727
1.07612
1.07499
1.07385
1.07272
1.0716
1.07049
1.0694
1.06833
1.06727
1.06624
1.06522
1.06424
1.06328
1.06235
1.06146
1.0606
1.05977
1.05898
1.05823
1.05753
1.05686
1.05624
1.05566
1.05514
1.05466
1.05423
1.05385
1.05352
1.05324
1.05302
1.05286
1.05274
1.05269
1.05268
1.05274
1.05285
1.05303
1.05326
1.05354
1.05389
1.05429
1.05475
1.05528
1.05586
1.05649
1.05719
1.05794
1.05876
1.05963
1.06055
1.06154
1.06258
1.06367
1.06483
1.06603
1.06729
1.0686
1.06996
1.07137
1.07284
1.07435
1.0759
1.07751
1.07915
1.08084
1.08257
1.08434
1.08615
1.08799
1.08987
1.09177
1.09371
1.09568
1.09767
1.09968
1.10171
1.10376
1.10583
1.1079
1.10999
1.11209
1.11419
1.1163
1.1184
1.1205
1.1226
1.12469
1.12677
1.12884
1.1309
1.13294
1.13496
1.13696
1.13894
1.1409
1.14283
1.14474
1.14661
1.14846
1.15028
1.15207
1.15382
1.15554
1.15723
1.15888
1.1605
1.16208
1.16363
1.16514
1.16661
1.16805
1.16945
1.17081
1.17213
1.17342
1.17467
1.17588
1.17706
1.17819
1.1793
1.18036
1.18139
1.18237
1.18333
1.18424
1.18512
1.18596
1.18677
1.18753
1.18826
1.18895
1.1896
1.19021
1.19079
1.19132
1.19181
1.19226
1.19267
1.19303
1.19335
1.19362
1.19384
1.19402
1.19415
1.19424
1.19427
1.19425
1.19418
1.19405
1.19387
1.19364
1.19335
1.193
1.1926
1.19214
1.19163
1.19105
1.19042
1.18973
1.18898
1.18818
1.18731
1.18639
1.18541
1.18438
1.18329
1.18216
1.18096
1.17972
1.17843
1.17709
1.17571
1.17428
1.17281
1.1713
1.16976
1.16818
1.16657
1.16493
1.16327
1.16158
1.15988
1.15816
1.15643
1.15469
1.15295
1.1512
1.14946
1.14772
1.14599
1.14428
1.14258
1.14089
1.13923
1.1376
1.136
1.13442
1.13288
1.13138
1.12991
1.12849
1.12711
1.12578
1.12449
1.12325
1.12206
1.12092
1.11984
1.11881
1.11783
1.1169
1.11603
1.11522
1.11445
1.11374
1.11308
1.11248
1.11193
1.11143
1.11097
1.11057
1.11021
1.10991
1.10964
1.10943
1.10925
1.10912
1.10904
1.10899
1.10897
1.109
1.10906
1.10916
1.10929
1.10945
1.10964
1.10986
1.11011
1.11039
1.11069
1.11102
1.11137
1.11175
1.11215
1.11256
1.113
1.11346
1.11393
1.11442
1.11493
1.11545
1.11599
1.11654
1.1171
1.11767
1.11825
1.11884
1.11944
1.12005
1.12066
1.12128
1.1219
1.12252
1.12315
1.12377
1.12439
1.12502
1.12564
1.12625
1.12686
1.12746
1.12806
1.12865
1.12922
1.12979
1.13034
1.13088
1.13141
1.13192
1.13241
1.13289
1.13334
1.13378
1.1342
1.1346
1.13497
1.13532
1.13565
1.13595
1.13623
1.13649
1.13672
1.13692
1.1371
1.13725
1.13738
1.13748
1.13755
1.13759
1.13761
1.13761
1.13757
1.13751
1.13743
1.13732
1.13719
1.13703
1.13685
1.13665
1.13642
1.13618
1.13591
1.13562
1.13532
1.135
1.13466
1.1343
1.13394
1.13355
1.13316
1.13275
1.13234
1.13191
1.13148
1.13104
1.13059
1.13014
1.12969
1.12923
1.12877
1.12831
1.12786
1.1274
1.12695
1.1265
1.12605
1.12561
1.12518
1.12475
1.12433
1.12392
1.12351
1.12311
1.12273
1.12235
1.12198
1.12162
1.12128
1.12094
1.12062
1.1203
1.12
1.1197
1.11942
1.11915
1.11888
1.11863
1.11839
1.11816
1.11793
1.11772
1.11751
1.11731
1.11712
1.11693
1.11675
1.11657
1.1164
1.11623
1.11607
1.11591
1.11575
1.1156
1.11544
1.11529
1.11513
1.11497
1.11482
1.11466
1.11449
1.11433
1.11416
1.11399
1.11381
1.11363
1.11344
1.11325
1.11306
1.11286
1.11266
1.11245
1.11223
1.11201
1.11179
1.11157
1.11133
1.1111
1.11086
1.11062
1.11038
1.11013
1.10989
1.10964
1.10939
1.10914
1.1089
1.10865
1.10841
1.10817
1.10793
1.10769
1.10746
1.10723
1.10701
1.10679
1.10658
1.10638
1.10618
1.10599
1.1058
1.10562
1.10545
1.10529
1.10513
1.10498
1.10483
1.10469
1.10456
1.10443
1.10431
1.10419
1.10407
1.10396
1.10386
1.10375
1.10365
1.10355
1.10344
1.10334
1.10323
1.10312
1.10301
1.10289
1.10276
1.10263
1.10249
1.10234
1.10218
1.10201
1.10183
1.10163
1.10142
1.1012
1.10096
1.1007
1.10043
1.10013
1.09982
1.09949
1.09913
1.09876
1.09836
1.09795
1.09751
1.09705
1.09656
1.09605
1.09552
1.09496
1.09438
1.09378
1.09315
1.0925
1.09183
1.09113
1.09041
1.08967
1.08891
1.08812
1.08732
1.08649
1.08565
1.08478
1.0839
1.083
1.08209
1.08116
1.08022
1.07926
1.0783
1.07732
1.07634
1.07535
1.07436
1.07336
1.07236
1.07136
1.07036
1.06937
1.06838
1.0674
1.06643
1.06548
1.06453
1.06361
1.0627
1.06182
1.06095
1.06012
1.05931
1.05853
1.05779
1.05708
1.05641
1.05577
1.05518
1.05464
1.05413
1.05368
1.05327
1.05291
1.0526
1.05234
1.05214
1.05198
1.05188
1.05183
1.05184
1.05189
1.052
1.05216
1.05236
1.05262
1.05292
1.05326
1.05365
1.05408
1.05456
1.05507
1.05561
1.05619
1.0568
1.05744
1.05811
1.05881
1.05952
1.06026
1.06102
1.06179
1.06258
1.06339
1.0642
1.06502
1.06586
1.0667
1.06754
1.0684
1.06925
1.07011
1.07097
1.07183
1.07269
1.07355
1.07442
1.07528
1.07614
1.077
1.07786
1.07872
1.07958
1.08043
1.08129
1.08215
1.08301
1.08386
1.08472
1.08558
1.08644
1.0873
1.08816
1.08902
1.08988
1.09075
1.09161
1.09248
1.09335
1.09422
1.09509
1.09596
1.09683
1.09771
1.09858
1.09946
1.10033
1.10121
1.10208
1.10296
1.10384
1.10471
1.10559
1.10646
1.10733
1.1082
1.10906
1.10992
1.11078
1.11163
1.11248
1.11333
1.11416
1.115
1.11582
1.11664
1.11746
1.11826
1.11906
1.11985
1.12063
1.12141
1.12217
1.12293
1.12368
1.12442
1.12516
1.12588
1.1266
1.1273
1.128
1.1287
1.12938
1.13006
1.13073
1.1314
1.13206
1.13271
1.13336
1.13401
1.13465
1.13529
1.13593
1.13656
1.1372
1.13783
1.13847
1.13911
1.13974
1.14038
1.14102
1.14166
1.14231
1.14295
1.1436
1.14425
1.1449
1.14555
1.14621
1.14686
1.14752
1.14818
1.14883
1.14948
1.15013
1.15078
1.15142
1.15206
1.15269
1.15331
1.15392
1.15452
1.15511
1.15569
1.15626
1.15681
1.15734
1.15786
1.15836
1.15883
1.15929
1.15973
1.16014
1.16053
1.16089
1.16123
1.16154
1.16182
1.16208
1.1623
1.16249
1.16266
1.16279
1.1629
1.16297
1.163
1.16301
1.16298
1.16292
1.16283
1.1627
1.16254
1.16235
1.16212
1.16187
1.16157
1.16125
1.1609
1.16051
1.16009
1.15964
1.15916
1.15865
1.15811
1.15754
1.15695
1.15632
1.15568
1.155
1.15431
1.15359
1.15284
1.15208
1.1513
1.1505
1.14968
1.14885
1.148
1.14714
1.14627
1.14539
1.14451
1.14361
1.14271
1.14181
1.1409
1.14
1.1391
1.1382
1.1373
1.13641
1.13553
1.13466
1.13381
1.13296
1.13213
1.13131
1.13052
1.12974
1.12898
1.12824
1.12752
1.12682
1.12615
1.12551
1.12489
1.1243
1.12373
1.12319
1.12268
1.1222
1.12175
1.12132
1.12092
1.12056
1.12022
1.1199
1.11962
1.11936
1.11914
1.11893
1.11875
1.1186
1.11847
1.11836
1.11828
1.11821
1.11817
1.11814
1.11813
1.11814
1.11816
1.11819
1.11824
1.11829
1.11836
1.11843
1.11851
1.11859
1.11868
1.11877
1.11886
1.11895
1.11903
1.11912
1.1192
1.11927
1.11934
1.1194
1.11945
1.11949
1.11952
1.11953
1.11953
1.11952
1.11949
1.11944
1.11938
1.11929
1.11919
1.11907
1.11893
1.11876
1.11858
1.11837
1.11814
1.11789
1.11761
1.11731
1.11699
1.11665
1.11628
1.11588
1.11547
1.11503
1.11457
1.11408
1.11357
1.11304
1.11249
1.11191
1.11131
1.11069
1.11005
1.10939
1.1087
1.10799
1.10727
1.10652
1.10575
1.10497
1.10416
1.10333
1.10249
1.10163
1.10075
1.09985
1.09893
1.098
1.09705
1.09609
1.09511
1.09411
1.0931
1.09207
1.09103
1.08998
1.0889
1.08782
1.08672
1.08562
1.08449
1.08336
1.08222
1.08106
1.0799
1.07872
1.07754
1.07635
1.07515
1.07395
1.07274
1.07153
1.07031
1.06909
1.06787
1.06665
1.06543
1.06421
1.063
1.06179
1.06059
1.0594
1.05821
1.05704
1.05588
1.05473
1.0536
1.05249
1.0514
1.05033
1.04928
1.04826
1.04726
1.04629
1.04535
1.04444
1.04357
1.04273
1.04193
1.04116
1.04043
1.03975
1.0391
1.03849
1.03793
1.03741
1.03694
1.03651
1.03612
1.03578
1.03549
1.03524
1.03504
1.03488
1.03477
1.0347
1.03468
1.0347
1.03476
1.03486
1.03501
1.03519
1.03541
1.03567
1.03597
1.03631
1.03667
1.03707
1.0375
1.03797
1.03845
1.03897
1.03951
1.04008
1.04067
1.04129
1.04192
1.04258
1.04325
1.04395
1.04466
1.04539
1.04613
1.04689
1.04767
1.04845
1.04926
1.05007
1.0509
1.05174
1.0526
1.05347
1.05435
1.05524
1.05615
1.05707
1.058
1.05894
1.0599
1.06087
1.06185
1.06284
1.06385
1.06488
1.06591
1.06696
1.06803
1.06911
1.0702
1.07131
1.07243
1.07357
1.07472
1.07589
1.07707
1.07826
1.07947
1.08069
1.08192
1.08316
1.08442
1.08569
1.08697
1.08825
1.08955
1.09086
1.09217
1.09348
1.09481
1.09613
1.09746
1.09879
1.10011
1.10144
1.10276
1.10408
1.1054
1.1067
1.108
1.10929
1.11056
1.11182
1.11306
1.11428
1.11549
1.11667
1.11783
1.11897
1.12008
1.12116
1.12221
1.12323
1.12422
1.12518
1.1261
1.12698
1.12783
1.12863
1.1294
1.13013
1.13081
1.13145
1.13205
1.1326
1.13311
1.13358
1.13399
1.13436
1.13469
1.13497
1.1352
1.13538
1.13552
1.13561
1.13566
1.13566
1.13561
1.13551
1.13537
1.13519
1.13495
1.13468
1.13435
1.13399
1.13358
1.13312
1.13263
1.13209
1.13151
1.13089
1.13023
1.12953
1.12879
1.12802
1.12721
1.12636
1.12547
1.12455
1.1236
1.12262
1.1216
1.12055
1.11947
1.11837
1.11724
1.11608
1.1149
1.1137
1.11247
1.11123
1.10997
1.10869
1.1074
1.10609
1.10477
1.10345
1.10211
1.10077
1.09943
1.09809
1.09675
1.09541
1.09407
1.09274
1.09142
1.09011
1.08881
1.08753
1.08626
1.085
1.08377
1.08255
1.08135
1.08018
1.07903
1.0779
1.0768
1.07572
1.07467
1.07365
1.07265
1.07168
1.07073
1.06981
1.06892
1.06806
1.06722
1.0664
1.06561
1.06484
1.0641
1.06338
1.06268
1.062
1.06134
1.0607
1.06008
1.05948
1.05889
1.05832
1.05777
1.05724
1.05672
1.05621
1.05572
1.05523
1.05477
1.05431
1.05387
1.05343
1.05301
1.0526
1.0522
1.0518
1.05142
1.05105
1.05069
1.05034
1.05
1.04966
1.04934
1.04903
1.04872
1.04843
1.04814
1.04787
1.0476
1.04734
1.0471
1.04686
1.04663
1.04641
1.0462
1.04599
1.0458
1.04562
1.04544
1.04527
1.04511
1.04496
1.04482
1.04469
1.04456
1.04445
1.04434
1.04425
1.04416
1.04408
1.04402
1.04396
1.04392
1.0439
1.04388
1.04389
1.04391
1.04394
1.044
1.04407
1.04417
1.04429
1.04443
1.0446
1.04479
1.04502
1.04527
1.04555
1.04586
1.04621
1.04659
1.047
1.04744
1.04792
1.04844
1.04899
1.04957
1.05018
1.05083
1.05151
1.05222
1.05295
1.05371
1.0545
1.05531
1.05614
1.05699
1.05786
1.05874
1.05963
1.06052
1.06143
1.06233
1.06324
1.06414
1.06504
1.06593
1.06682
1.06769
1.06855
1.06939
1.07022
1.07102
1.07181
1.07258
1.07333
1.07406
1.07476
1.07544
1.0761
1.07674
1.07735
1.07794
1.07851
1.07906
1.07959
1.08011
1.08061
1.08109
1.08156
1.08201
1.08246
1.08289
1.08332
1.08374
1.08416
1.08457
1.08498
1.08539
1.08581
1.08623
1.08665
1.08709
1.08753
1.08798
1.08844
1.08892
1.08941
1.08992
1.09045
1.09099
1.09155
1.09213
1.09273
1.09336
1.094
1.09467
1.09536
1.09607
1.0968
1.09756
1.09834
1.09914
1.09996
1.10081
1.10167
1.10256
1.10346
1.10438
1.10532
1.10628
1.10724
1.10822
1.10921
1.11021
1.11121
1.11222
1.11323
1.11424
1.11525
1.11625
1.11725
1.11824
1.11922
1.12018
1.12113
1.12206
1.12296
1.12384
1.1247
1.12553
1.12632
1.12708
1.1278
1.12849
1.12913
1.12973
1.13028
1.13079
1.13125
1.13166
1.13202
1.13233
1.13258
1.13278
1.13293
1.13302
1.13305
1.13302
1.13295
1.13281
1.13262
1.13238
1.13208
1.13172
1.13132
1.13086
1.13035
1.1298
1.1292
1.12855
1.12786
1.12713
1.12635
1.12555
1.12471
1.12384
1.12294
1.12201
1.12107
1.1201
1.11912
1.11812
1.11711
1.1161
1.11508
1.11407
1.11305
1.11205
1.11105
1.11007
1.10911
1.10816
1.10724
1.10635
1.10549
1.10467
1.10388
1.10313
1.10243
1.10178
1.10118
1.10064
1.10015
1.09973
1.09937
1.09908
1.09886
1.09871
1.09864
1.09865
1.09874
1.09891
1.09917
1.09952
1.09995
1.10047
1.10109
1.10179
1.10259
1.10348
1.10446
1.10554
1.10671
1.10796
1.10931
1.11074
1.11227
1.11387
1.11556
1.11732
1.11916
1.12107
1.12305
1.12509
1.12719
1.12935
1.13156
1.13381
1.13611
1.13844
1.1408
1.14319
1.14559
1.14801
1.15044
1.15287
1.15531
1.15773
1.16014
1.16253
1.1649
1.16724
1.16954
1.17181
1.17403
1.17621
1.17833
1.1804
1.18241
1.18436
1.18624
1.18804
1.18978
1.19144
1.19302
1.19452
1.19593
1.19726
1.19851
1.19967
1.20074
1.20172
1.20261
1.2034
1.20411
1.20473
1.20525
1.20568
1.20602
1.20627
1.20644
1.20651
1.2065
1.2064
1.20622
1.20596
1.20562
1.2052
1.2047
1.20413
1.20348
1.20277
1.20199
1.20114
1.20023
1.19926
1.19824
1.19715
1.19602
1.19484
1.19361
1.19233
1.19102
1.18966
1.18827
1.18684
1.18538
1.18389
1.18238
1.18084
1.17928
1.17769
1.17609
1.17447
1.17284
1.17119
1.16954
1.16787
1.16619
1.16451
1.16282
1.16113
1.15944
1.15774
1.15604
1.15434
1.15264
1.15095
1.14925
1.14756
1.14588
1.14419
1.14252
1.14085
1.13918
1.13752
1.13587
1.13422
1.13258
1.13095
1.12933
1.12772
1.12612
1.12453
1.12295
1.12138
1.11983
1.11828
1.11676
1.11524
1.11374
1.11226
1.11079
1.10934
1.10791
1.1065
1.10511
1.10374
1.10239
1.10107
1.09977
1.0985
1.09725
1.09603
1.09485
1.09369
1.09256
1.09147
1.09041
1.08939
1.0884
1.08745
1.08653
1.08566
1.08482
1.08403
1.08328
1.08257
1.0819
1.08128
1.0807
1.08017
1.07968
1.07924
1.07884
1.07849
1.07819
1.07793
1.07772
1.07756
1.07744
1.07737
1.07734
1.07736
1.07743
1.07753
1.07769
1.07788
1.07812
1.0784
1.07872
1.07908
1.07948
1.07991
1.08038
1.08089
1.08143
1.08201
1.08262
1.08326
1.08393
1.08463
1.08535
1.08611
1.08689
1.08769
1.08851
1.08936
1.09023
1.09112
1.09202
1.09294
1.09388
1.09483
1.0958
1.09677
1.09776
1.09876
1.09976
1.10078
1.10179
1.10282
1.10384
1.10487
1.1059
1.10693
1.10796
1.10899
1.11001
1.11103
1.11205
1.11306
1.11406
1.11505
1.11603
1.117
1.11796
1.11891
1.11984
1.12076
1.12166
1.12255
1.12342
1.12428
1.12511
1.12593
1.12673
1.1275
1.12826
1.129
1.12971
1.1304
1.13107
1.13172
1.13234
1.13294
1.13352
1.13407
1.1346
1.1351
1.13557
1.13602
1.13645
1.13685
1.13722
1.13757
1.13789
1.13818
1.13844
1.13868
1.13889
1.13907
1.13923
1.13935
1.13944
1.1395
1.13954
1.13954
1.13951
1.13944
1.13935
1.13922
1.13905
1.13886
1.13862
1.13835
1.13805
1.13771
1.13733
1.13691
1.13646
1.13597
1.13544
1.13487
1.13426
1.13361
1.13292
1.1322
1.13143
1.13063
1.12978
1.1289
1.12798
1.12702
1.12602
1.12499
1.12392
1.12282
1.12168
1.1205
1.1193
1.11806
1.1168
1.1155
1.11418
1.11283
1.11146
1.11007
1.10865
1.10721
1.10576
1.10429
1.1028
1.1013
1.09979
1.09827
1.09674
1.0952
1.09367
1.09212
1.09058
1.08904
1.0875
1.08596
1.08443
1.08291
1.08139
1.07989
1.07839
1.07691
1.07544
1.07399
1.07255
1.07113
1.06973
1.06835
1.06698
1.06564
1.06432
1.06303
1.06175
1.0605
1.05927
1.05807
1.05689
1.05574
1.05461
1.05351
1.05243
1.05138
1.05036
1.04936
1.04839
1.04745
1.04653
1.04564
1.04477
1.04394
1.04313
1.04234
1.04158
1.04085
1.04015
1.03948
1.03883
1.03821
1.03763
1.03707
1.03654
1.03605
1.03558
1.03516
1.03476
1.03441
1.03409
1.03382
1.03359
1.0334
1.03326
1.03317
1.03313
1.03315
1.03323
1.03337
1.03358
1.03385
1.03419
1.03461
1.03511
1.03568
1.03634
1.03708
1.03791
1.03882
1.03983
1.04094
1.04213
1.04343
1.04481
1.0463
1.04787
1.04955
1.05131
1.05317
1.05511
1.05714
1.05925
1.06144
1.06371
1.06605
1.06846
1.07093
1.07346
1.07604
1.07867
1.08134
1.08404
1.08678
1.08954
1.09233
1.09512
1.09793
1.10074
1.10354
1.10634
1.10913
1.11191
1.11466
1.11739
1.12009
1.12276
1.12539
1.12799
1.13054
1.13305
1.13551
1.13793
1.14029
1.14261
1.14487
1.14708
1.14923
1.15132
1.15336
1.15535
1.15727
1.15914
1.16095
1.16271
1.1644
1.16604
1.16763
1.16916
1.17063
1.17205
1.17342
1.17473
1.176
1.17721
1.17837
1.17948
1.18055
1.18156
1.18253
1.18346
1.18434
1.18517
1.18597
1.18671
1.18742
1.18809
1.18871
1.18929
1.18984
1.19034
1.1908
1.19122
1.1916
1.19195
1.19226
1.19252
1.19275
1.19294
1.19309
1.1932
1.19328
1.19331
1.19331
1.19327
1.19319
1.19307
1.19291
1.19271
1.19247
1.1922
1.19188
1.19153
1.19114
1.19071
1.19024
1.18974
1.1892
1.18862
1.18801
1.18736
1.18668
1.18596
1.18521
1.18444
1.18363
1.18279
1.18192
1.18103
1.18012
1.17918
1.17822
1.17725
1.17626
1.17525
1.17423
1.1732
1.17216
1.17112
1.17007
1.16903
1.16798
1.16693
1.16589
1.16486
1.16384
1.16283
1.16183
1.16084
1.15987
1.15891
1.15798
1.15706
1.15616
1.15528
1.15443
1.1536
1.15279
1.152
1.15123
1.15049
1.14977
1.14907
1.1484
1.14774
1.1471
1.14649
1.14589
1.1453
1.14474
1.14418
1.14364
1.1431
1.14258
1.14206
1.14155
1.14104
1.14053
1.14002
1.13951
1.139
1.13848
1.13795
1.13741
1.13686
1.1363
1.13573
1.13513
1.13452
1.13389
1.13324
1.13256
1.13187
1.13115
1.1304
1.12963
1.12883
1.128
1.12714
1.12626
1.12535
1.12441
1.12344
1.12244
1.12141
1.12035
1.11927
1.11816
1.11702
1.11585
1.11467
1.11345
1.11222
1.11096
1.10969
1.10839
1.10708
1.10575
1.10442
1.10306
1.10171
1.10034
1.09896
1.09759
1.09621
1.09483
1.09346
1.09209
1.09073
1.08937
1.08803
1.0867
1.08538
1.08408
1.0828
1.08154
1.08031
1.0791
1.07791
1.07675
1.07562
1.07452
1.07345
1.07242
1.07141
1.07044
1.06951
1.06861
1.06774
1.06691
1.06612
1.06536
1.06464
1.06395
1.0633
1.06268
1.0621
1.06155
1.06104
1.06055
1.0601
1.05968
1.05929
1.05893
1.05859
1.05828
1.058
1.05774
1.05751
1.0573
1.05711
1.05694
1.05678
1.05665
1.05653
1.05643
1.05635
1.05627
1.05621
1.05617
1.05613
1.05611
1.0561
1.05609
1.0561
1.05611
1.05613
1.05616
1.0562
1.05624
1.0563
1.05635
1.05641
1.05648
1.05656
1.05664
1.05673
1.05682
1.05691
1.05702
1.05713
1.05724
1.05736
1.05748
1.05761
1.05775
1.05789
1.05804
1.05819
1.05835
1.05851
1.05868
1.05885
1.05903
1.05921
1.0594
1.05959
1.05979
1.05999
1.0602
1.06041
1.06063
1.06085
1.06108
1.06131
1.06155
1.06179
1.06204
1.0623
1.06256
1.06282
1.06309
1.06336
1.06364
1.06392
1.06421
1.0645
1.06479
1.06509
1.06539
1.0657
1.06601
1.06632
1.06663
1.06695
1.06727
1.06758
1.0679
1.06822
1.06854
1.06886
1.06918
1.0695
1.06981
1.07013
1.07044
1.07074
1.07104
1.07134
1.07163
1.07192
1.0722
1.07248
1.07274
1.073
1.07325
1.0735
1.07373
1.07396
1.07417
1.07438
1.07458
1.07476
1.07494
1.0751
1.07525
1.07539
1.07552
1.07564
1.07575
1.07585
1.07593
1.07601
1.07607
1.07613
1.07617
1.07621
1.07624
1.07625
1.07626
1.07627
1.07626
1.07625
1.07623
1.07621
1.07618
1.07615
1.07612
1.07608
1.07604
1.076
1.07596
1.07592
1.07588
1.07585
1.07581
1.07578
1.07575
1.07573
1.07571
1.07569
1.07568
1.07568
1.07568
1.07569
1.0757
1.07572
1.07575
1.07578
1.07582
1.07586
1.07591
1.07597
1.07603
1.0761
1.07617
1.07625
1.07633
1.07641
1.0765
1.07659
1.07668
1.07677
1.07687
1.07696
1.07706
1.07715
1.07725
1.07734
1.07744
1.07753
1.07762
1.07771
1.0778
1.07788
1.07796
1.07804
1.07812
1.0782
1.07828
1.07835
1.07843
1.0785
1.07858
1.07865
1.07873
1.07881
1.07889
1.07897
1.07906
1.07916
1.07925
1.07936
1.07947
1.07959
1.07971
1.07985
1.07999
1.08014
1.0803
1.08047
1.08065
1.08083
1.08103
1.08124
1.08146
1.08169
1.08193
1.08217
1.08243
1.0827
1.08297
1.08325
1.08354
1.08384
1.08415
1.08446
1.08478
1.0851
1.08544
1.08577
1.08612
1.08646
1.08682
1.08718
1.08754
1.08792
1.08829
1.08868
1.08907
1.08947
1.08988
1.09029
1.09072
1.09115
1.0916
1.09206
1.09253
1.09301
1.09351
1.09402
1.09454
1.09509
1.09564
1.09622
1.09682
1.09743
1.09806
1.09871
1.09939
1.10008
1.1008
1.10154
1.1023
1.10308
1.10389
1.10471
1.10556
1.10643
1.10732
1.10823
1.10917
1.11012
1.11109
1.11208
1.11309
1.11411
1.11515
1.1162
1.11727
1.11834
1.11943
1.12053
1.12164
1.12275
1.12386
1.12498
1.1261
1.12722
1.12834
1.12946
1.13056
1.13166
1.13275
1.13383
1.1349
1.13594
1.13698
1.13799
1.13898
1.13995
1.14089
1.1418
1.14269
1.14354
1.14436
1.14515
1.1459
1.14661
1.14728
1.14791
1.14849
1.14903
1.14953
1.14997
1.15037
1.15071
1.15101
1.15124
1.15143
1.15156
1.15163
1.15165
1.15161
1.15151
1.15135
1.15113
1.15085
1.15051
1.15012
1.14966
1.14914
1.14856
1.14793
1.14723
1.14648
1.14567
1.1448
1.14387
1.14289
1.14185
1.14076
1.13962
1.13843
1.13718
1.13589
1.13455
1.13317
1.13174
1.13027
1.12876
1.12721
1.12562
1.124
1.12235
1.12066
1.11895
1.11721
1.11545
1.11366
1.11185
1.11003
1.10819
1.10634
1.10447
1.1026
1.10072
1.09884
1.09695
1.09507
1.09319
1.09132
1.08945
1.0876
1.08575
1.08393
1.08212
1.08033
1.07857
1.07683
1.07512
1.07344
1.07179
1.07018
1.06861
1.06707
1.06557
1.06412
1.06271
1.06135
1.06004
1.05878
1.05757
1.05641
1.05531
1.05426
1.05328
1.05235
1.05148
1.05067
1.04992
1.04924
1.04862
1.04806
1.04757
1.04714
1.04678
1.04648
1.04625
1.04608
1.04598
1.04594
1.04597
1.04606
1.04622
1.04644
1.04672
1.04707
1.04749
1.04796
1.0485
1.0491
1.04976
1.05049
1.05127
1.05211
1.05302
1.05398
1.055
1.05608
1.05722
1.05841
1.05966
1.06096
1.06232
1.06373
1.06519
1.06671
1.06827
1.06988
1.07154
1.07324
1.07498
1.07677
1.07859
1.08045
1.08234
1.08427
1.08623
1.08821
1.09022
1.09225
1.09429
1.09635
1.09842
1.1005
1.10258
1.10466
1.10674
1.10881
1.11088
1.11293
1.11497
1.11698
1.11898
1.12095
1.12289
1.12479
1.12667
1.1285
1.1303
1.13205
1.13376
1.13542
1.13703
1.13859
1.14009
1.14155
1.14294
1.14428
1.14556
1.14677
1.14793
1.14903
1.15006
1.15103
1.15194
1.15279
1.15358
1.1543
1.15497
1.15557
1.15612
1.1566
1.15703
1.1574
1.15772
1.15798
1.15819
1.15834
1.15845
1.15851
1.15853
1.15849
1.15842
1.1583
1.15815
1.15796
1.15773
1.15747
1.15719
1.15687
1.15653
1.15616
1.15577
1.15537
1.15495
1.15451
1.15406
1.1536
1.15314
1.15267
1.1522
1.15173
1.15127
1.1508
1.15035
1.1499
1.14947
1.14905
1.14864
1.14825
1.14788
1.14754
1.14721
1.1469
1.14662
1.14637
1.14614
1.14593
1.14576
1.14561
1.14549
1.14539
1.14532
1.14528
1.14527
1.14528
1.14531
1.14537
1.14545
1.14555
1.14567
1.14581
1.14596
1.14613
1.1463
1.14649
1.14668
1.14688
1.14708
1.14729
1.14749
1.14769
1.14788
1.14806
1.14823
1.1484
1.14854
1.14867
1.14879
1.14888
1.14895
1.14901
1.14903
1.14904
1.14901
1.14896
1.14889
1.14878
1.14864
1.14848
1.14829
1.14806
1.14781
1.14753
1.14721
1.14687
1.1465
1.14609
1.14566
1.1452
1.14471
1.14419
1.14365
1.14308
1.14248
1.14186
1.14121
1.14054
1.13984
1.13913
1.13839
1.13763
1.13685
1.13605
1.13524
1.1344
1.13355
1.13269
1.13181
1.13091
1.13
1.12908
1.12814
1.12719
1.12623
1.12527
1.12429
1.1233
1.12231
1.12131
1.1203
1.11929
1.11828
1.11726
1.11624
1.11521
1.11419
1.11317
1.11214
1.11112
1.11011
1.10909
1.10809
1.10709
1.10609
1.10511
1.10414
1.10317
1.10222
1.10129
1.10037
1.09947
1.09858
1.09772
1.09687
1.09605
1.09525
1.09448
1.09373
1.09301
1.09232
1.09166
1.09104
1.09044
1.08988
1.08936
1.08887
1.08841
1.088
1.08762
1.08728
1.08699
1.08673
1.08651
1.08634
1.0862
1.08611
1.08606
1.08605
1.08608
1.08615
1.08625
1.0864
1.08659
1.08681
1.08707
1.08736
1.08769
1.08805
1.08844
1.08886
1.0893
1.08978
1.09027
1.09079
1.09133
1.09188
1.09246
1.09304
1.09363
1.09424
1.09485
1.09546
1.09607
1.09669
1.0973
1.09791
1.0985
1.09909
1.09967
1.10023
1.10077
1.10129
1.10178
1.10226
1.1027
1.10312
1.1035
1.10385
1.10416
1.10444
1.10467
1.10487
1.10502
1.10512
1.10518
1.10519
1.10515
1.10506
1.10492
1.10472
1.10447
1.10416
1.1038
1.10338
1.1029
1.10236
1.10177
1.10111
1.1004
1.09963
1.09879
1.0979
1.09695
1.09595
1.09488
1.09376
1.09258
1.09135
1.09006
1.08871
1.08732
1.08587
1.08438
1.08284
1.08125
1.07962
1.07794
1.07622
1.07447
1.07267
1.07085
1.06899
1.0671
1.06519
1.06325
1.06129
1.05931
1.05731
1.05531
1.05329
1.05126
1.04924
1.04721
1.04518
1.04316
1.04115
1.03915
1.03717
1.0352
1.03326
1.03134
1.02945
1.0276
1.02578
1.02399
1.02225
1.02056
1.01891
1.01731
1.01576
1.01428
1.01285
1.01148
1.01017
1.00893
1.00776
1.00666
1.00563
1.00468
1.0038
1.003
1.00228
1.00163
1.00107
1.00059
1.00019
0.999868
0.999633
0.99948
0.999409
0.99942
0.999512
0.999686
0.999941
1.00027
1.00069
1.00118
1.00175
1.00239
1.0031
1.00389
1.00475
1.00568
1.00667
1.00773
1.00885
1.01003
1.01127
1.01257
1.01392
1.01533
1.01678
1.01828
1.01983
1.02142
1.02305
1.02473
1.02643
1.02818
1.02995
1.03176
1.03359
1.03546
1.03734
1.03925
1.04118
1.04312
1.04508
1.04706
1.04905
1.05105
1.05306
1.05508
1.05711
1.05914
1.06117
1.0632
1.06524
1.06727
1.0693
1.07132
1.07335
1.07536
1.07737
1.07937
1.08136
1.08333
1.0853
1.08725
1.08918
1.0911
1.09301
1.09489
1.09676
1.0986
1.10043
1.10223
1.10401
1.10577
1.1075
1.1092
1.11088
1.11252
1.11414
1.11573
1.11728
1.1188
1.12029
1.12175
1.12316
1.12454
1.12588
1.12719
1.12845
1.12967
1.13085
1.13199
1.13308
1.13413
1.13513
1.13609
1.137
1.13786
1.13868
1.13944
1.14016
1.14084
1.14146
1.14203
1.14256
1.14303
1.14346
1.14384
1.14417
1.14446
1.14469
1.14489
1.14503
1.14513
1.14519
1.14521
1.14518
1.14511
1.145
1.14486
1.14468
1.14446
1.14421
1.14393
1.14361
1.14327
1.14291
1.14251
1.1421
1.14166
1.1412
1.14073
1.14024
1.13974
1.13922
1.13869
1.13816
1.13762
1.13707
1.13652
1.13596
1.13541
1.13485
1.1343
1.13375
1.1332
1.13266
1.13213
1.1316
1.13109
1.13057
1.13007
1.12958
1.1291
1.12863
1.12817
1.12772
1.12728
1.12685
1.12643
1.12602
1.12562
1.12524
1.12486
1.12449
1.12413
1.12377
1.12343
1.12309
1.12276
1.12243
1.12211
1.12179
1.12147
1.12116
1.12084
1.12053
1.12021
1.1199
1.11958
1.11926
1.11894
1.11861
1.11827
1.11792
1.11757
1.11721
1.11684
1.11645
1.11606
1.11565
1.11523
1.11479
1.11434
1.11387
1.11339
1.11289
1.11237
1.11183
1.11128
1.11071
1.11011
1.1095
1.10887
1.10822
1.10755
1.10686
1.10615
1.10542
1.10467
1.1039
1.10312
1.10231
1.10149
1.10065
1.0998
1.09893
1.09804
1.09715
1.09624
1.09532
1.09439
1.09345
1.0925
1.09155
1.0906
1.08964
1.08868
1.08772
1.08676
1.08581
1.08486
1.08392
1.08298
1.08206
1.08115
1.08025
1.07937
1.07851
1.07767
1.07684
1.07604
1.07527
1.07452
1.0738
1.0731
1.07244
1.07181
1.0712
1.07064
1.07011
1.06961
1.06916
1.06874
1.06836
1.06802
1.06772
1.06746
1.06724
1.06706
1.06692
1.06682
1.06676
1.06675
1.06677
1.06683
1.06693
1.06707
1.06724
1.06745
1.06769
1.06797
1.06827
1.06861
1.06897
1.06936
1.06978
1.07021
1.07067
1.07114
1.07164
1.07214
1.07265
1.07318
1.07371
1.07425
1.07479
1.07532
1.07586
1.07639
1.07691
1.07743
1.07793
1.07842
1.07889
1.07935
1.07979
1.0802
1.0806
1.08097
1.08131
1.08162
1.08191
1.08217
1.08239
1.08259
1.08275
1.08288
1.08298
1.08304
1.08307
1.08306
1.08303
1.08295
1.08284
1.0827
1.08253
1.08232
1.08208
1.08181
1.08152
1.08119
1.08083
1.08045
1.08004
1.0796
1.07914
1.07866
1.07816
1.07764
1.0771
1.07655
1.07598
1.07539
1.0748
1.0742
1.07359
1.07297
1.07235
1.07173
1.0711
1.07047
1.06985
1.06923
1.06861
1.068
1.0674
1.06681
1.06622
1.06566
1.0651
1.06456
1.06404
1.06353
1.06305
1.06258
1.06214
1.06172
1.06133
1.06096
1.06062
1.06031
1.06002
1.05977
1.05955
1.05936
1.0592
1.05908
1.05899
1.05894
1.05893
1.05895
1.05901
1.05911
1.05925
1.05942
1.05964
1.0599
1.0602
1.06053
1.06091
1.06133
1.06179
1.06229
1.06283
1.06341
1.06403
1.06469
1.06538
1.06612
1.06689
1.06769
1.06853
1.0694
1.07031
1.07125
1.07222
1.07322
1.07424
1.07529
1.07637
1.07747
1.0786
1.07975
1.08092
1.0821
1.08331
1.08453
1.08577
1.08703
1.08829
1.08958
1.09087
1.09218
1.0935
1.09482
1.09616
1.09751
1.09886
1.10022
1.10159
1.10297
1.10436
1.10575
1.10714
1.10855
1.10996
1.11137
1.1128
1.11422
1.11565
1.11709
1.11853
1.11998
1.12142
1.12288
1.12433
1.12579
1.12725
1.12871
1.13018
1.13164
1.1331
1.13456
1.13601
1.13746
1.13891
1.14035
1.14178
1.14321
1.14462
1.14603
1.14742
1.14879
1.15016
1.1515
1.15283
1.15413
1.15542
1.15669
1.15793
1.15915
1.16034
1.1615
1.16264
1.16375
1.16483
1.16587
1.16689
1.16787
1.16882
1.16973
1.17061
1.17146
1.17226
1.17304
1.17377
1.17447
1.17512
1.17574
1.17632
1.17687
1.17737
1.17783
1.17826
1.17865
1.17899
1.1793
1.17957
1.1798
1.17999
1.18014
1.18026
1.18034
1.18038
1.18038
1.18034
1.18027
1.18017
1.18003
1.17985
1.17964
1.1794
1.17912
1.17881
1.17846
1.17809
1.17768
1.17725
1.17678
1.17629
1.17576
1.17521
1.17464
1.17404
1.17341
1.17276
1.17209
1.17139
1.17068
1.16994
1.16919
1.16842
1.16763
1.16683
1.16601
1.16518
1.16434
1.16348
1.16261
1.16174
1.16085
1.15996
1.15907
1.15817
1.15726
1.15636
1.15545
1.15454
1.15364
1.15274
1.15184
1.15095
1.15006
1.14918
1.14832
1.14746
1.14661
1.14578
1.14496
1.14415
1.14335
1.14258
1.14182
1.14107
1.14035
1.13964
1.13895
1.13829
1.13764
1.13701
1.1364
1.13581
1.13524
1.1347
1.13417
1.13366
1.13317
1.1327
1.13225
1.13181
1.13139
1.13099
1.13061
1.13024
1.12988
1.12954
1.12921
1.12889
1.12858
1.12828
1.12799
1.1277
1.12742
1.12714
1.12687
1.12659
1.12632
1.12605
1.12577
1.12549
1.12521
1.12492
1.12462
1.12431
1.12399
1.12366
1.12332
1.12296
1.12259
1.1222
1.1218
1.12138
1.12094
1.12047
1.11999
1.11949
1.11896
1.11841
1.11783
1.11723
1.11661
1.11595
1.11527
1.11456
1.11383
1.11306
1.11226
1.11143
1.11057
1.10968
1.10876
1.10781
1.10682
1.1058
1.10474
1.10365
1.10253
1.10137
1.10018
1.09896
1.09769
1.0964
1.09506
1.0937
1.09229
1.09085
1.08937
1.08786
1.08631
1.08473
1.0831
1.08145
1.07976
1.07803
1.07627
1.07447
1.07264
1.07078
1.06889
1.06697
1.06501
1.06303
1.06102
1.05898
1.05691
1.05483
1.05272
1.05059
1.04845
1.04628
1.0441
1.04191
1.03972
1.03751
1.0353
1.03308
1.03087
1.02866
1.02646
1.02427
1.02209
1.01993
1.01779
1.01568
1.0136
1.01155
1.00953
1.00756
1.00563
1.00375
1.00192
1.00015
0.998441
0.996797
0.995223
0.993722
0.9923
0.990958
0.989703
0.988536
0.987462
0.986483
0.985603
0.984826
0.984153
0.983588
0.983133
0.98279
0.98256
0.982446
0.982449
0.98257
0.98281
0.98317
0.983649
0.984248
0.984967
0.985805
0.986762
0.987834
0.989022
0.990323
0.991736
0.993258
0.994885
0.996616
0.998446
1.00037
1.00239
1.0045
1.00669
1.00897
1.01132
1.01374
1.01623
1.01878
1.02139
1.02405
1.02676
1.02951
1.03229
1.03511
1.03796
1.04082
1.04371
1.0466
1.0495
1.05241
1.05531
1.0582
1.06108
1.06395
1.06679
1.06961
1.07239
1.07515
1.07787
1.08054
1.08317
1.08576
1.08829
1.09076
1.09318
1.09554
1.09783
1.10006
1.10222
1.10431
1.10633
1.10827
1.11014
1.11193
1.11364
1.11527
1.11682
1.11829
1.11968
1.12098
1.12219
1.12332
1.12437
1.12532
1.1262
1.12698
1.12768
1.1283
1.12883
1.12927
1.12964
1.12992
1.13011
1.13023
1.13027
1.13023
1.13012
1.12993
1.12967
1.12933
1.12893
1.12846
1.12793
1.12733
1.12667
1.12595
1.12518
1.12435
1.12348
1.12255
1.12158
1.12056
1.11951
1.11842
1.11729
1.11613
1.11495
1.11374
1.11251
1.11125
1.10999
1.10871
1.10742
1.10613
1.10484
1.10355
1.10226
1.10098
1.09971
1.09845
1.09722
1.096
1.09481
1.09365
1.09251
1.09141
1.09035
1.08933
1.08834
1.08741
1.08652
1.08568
1.0849
1.08417
1.08351
1.0829
1.08235
1.08187
1.08146
1.08112
1.08085
1.08065
1.08053
1.08048
1.08052
1.08063
1.08083
1.08111
1.08147
1.08192
1.08246
1.08308
1.08378
1.08458
1.08546
1.08643
1.08749
1.08864
1.08987
1.09119
1.0926
1.09409
1.09567
1.09733
1.09908
1.1009
1.10281
1.10479
1.10685
1.10898
1.11118
1.11346
1.1158
1.1182
1.12067
1.12319
1.12577
1.1284
1.13108
1.13381
1.13658
1.13939
1.14224
1.14512
1.14804
1.15097
1.15393
1.15692
1.15991
1.16292
1.16594
1.16897
1.172
1.17502
1.17805
1.18106
1.18407
1.18706
1.19004
1.193
1.19593
1.19884
1.20172
1.20457
1.20739
1.21017
1.2129
1.2156
1.21825
1.22086
1.22341
1.22592
1.22837
1.23076
1.2331
1.23538
1.23759
1.23974
1.24183
1.24385
1.24581
1.24769
1.2495
1.25125
1.25291
1.25451
1.25603
1.25747
1.25884
1.26012
1.26133
1.26246
1.26351
1.26448
1.26536
1.26617
1.26689
1.26754
1.2681
1.26857
1.26897
1.26928
1.26952
1.26967
1.26974
1.26972
1.26963
1.26946
1.26921
1.26889
1.26848
1.268
1.26744
1.26681
1.26611
1.26534
1.26449
1.26358
1.26261
1.26156
1.26046
1.2593
1.25808
1.2568
1.25548
1.2541
1.25268
1.25121
1.2497
1.24816
1.24658
1.24497
1.24333
1.24167
1.23999
1.23829
1.23658
1.23487
1.23314
1.23142
1.22971
1.228
1.2263
1.22462
1.22296
1.22132
1.21971
1.21813
1.21659
1.21508
1.21361
1.21219
1.21081
1.20948
1.20821
1.20698
1.20581
1.20469
1.20363
1.20262
1.20167
1.20078
1.19995
1.19917
1.19845
1.19778
1.19717
1.1966
1.19609
1.19563
1.19521
1.19484
1.19451
1.19422
1.19397
1.19375
1.19357
1.19341
1.19328
1.19317
1.19309
1.19302
1.19297
1.19293
1.19291
1.19289
1.19287
1.19286
1.19286
1.19284
1.19283
1.19281
1.19278
1.19274
1.19269
1.19262
1.19254
1.19244
1.19233
1.19218
1.19202
1.19183
1.19162
1.19137
1.1911
1.19079
1.19045
1.19008
1.18967
1.18922
1.18874
1.18821
1.18764
1.18703
1.18637
1.18566
1.18491
1.1841
1.18325
1.18234
1.18138
1.18036
1.17929
1.17817
1.17698
1.17574
1.17444
1.17308
1.17166
1.17018
1.16864
1.16704
1.16538
1.16366
1.16188
1.16004
1.15813
1.15617
1.15414
1.15206
1.14992
1.14772
1.14547
1.14316
1.14079
1.13838
1.13591
1.13339
1.13082
1.12821
