6.477421e+02  1.941487e+01
5.908200e+02  2.268531e+01
5.423009e+02  1.502074e+01
5.042242e+02  1.174384e+01
4.774148e+02  1.196461e+01
4.509222e+02  9.833180e+00
4.255500e+02  8.884409e+00
4.041322e+02  8.371105e+00
3.887191e+02  6.401301e+00
3.759843e+02  4.597096e+00
3.621205e+02  6.567652e+00
3.498702e+02  3.438603e+00
3.413659e+02  5.073534e+00
3.300508e+02  3.438903e+00
3.215811e+02  4.501493e+00
3.124487e+02  2.428475e+00
3.082134e+02  1.795558e+00
3.041442e+02  1.743684e+00
2.996204e+02  2.391876e+00
2.944962e+02  1.675675e+00
2.902390e+02  2.312412e+00
2.853130e+02  2.090317e+00
2.809303e+02  2.432152e+00
2.758507e+02  1.754682e+00
2.716221e+02  2.771618e+00
2.644641e+02  3.704750e+00
2.565763e+02  2.631337e+00
2.510134e+02  2.528673e+00
2.444965e+02  2.900550e+00
2.403709e+02  1.097687e+00
2.381718e+02  1.296536e+00
2.348925e+02  2.569540e+00
2.284948e+02  3.757372e+00
2.215705e+02  2.647107e+00
2.156530e+02  2.440463e+00
2.120616e+02  1.493289e+00
2.078880e+02  2.661314e+00
2.013679e+02  2.100718e+00
1.984421e+02  5.606003e-01
1.974067e+02  7.076468e-01
1.954015e+02  1.353478e+00
1.933571e+02  1.295732e+00
1.912842e+02  1.002957e+00
1.892136e+02  7.474443e-01
1.875802e+02  8.085937e-01
1.856953e+02  8.723163e-01
1.842712e+02  4.296583e-01
1.830037e+02  8.979707e-01
1.810247e+02  9.785189e-01
1.784749e+02  1.200677e+00
1.764915e+02  4.658755e-01
1.753246e+02  1.345057e+00
1.727283e+02  1.232747e-01
1.722884e+02  9.140246e-01
1.691427e+02  1.610218e+00
1.677290e+02  2.206465e-01
1.669159e+02  6.961794e-01
1.653979e+02  6.213058e-01
1.641360e+02  5.507517e-01
1.629749e+02  7.417262e-01
1.611820e+02  1.171364e+00
1.591148e+02  4.786052e-01
1.583763e+02  4.092332e-01
1.572909e+02  4.551919e-01
1.566598e+02  4.823414e-01
1.553666e+02  6.053169e-01
1.544271e+02  2.735910e-01
1.538202e+02  2.003969e-01
1.534331e+02  2.489175e-01
1.529446e+02  2.485357e-01
1.524543e+02  4.867849e-01
1.515549e+02  5.984466e-01
1.509364e+02  5.655474e-02
1.505873e+02  5.408767e-01
1.484571e+02  1.708178e+00
1.459989e+02  2.458758e-01
1.455583e+02  2.481497e-01
1.449550e+02  2.729860e-01
1.445117e+02  3.165220e-01
1.434547e+02  8.461829e-01
1.417700e+02  6.986920e-01
1.405332e+02  2.776719e-01
1.397859e+02  5.234110e-01
1.387438e+02  3.625582e-01
1.382515e+02  1.209223e-01
1.377968e+02  2.905382e-01
1.374458e+02  7.312407e-02
1.372703e+02  1.037338e-01
1.370608e+02  6.437724e-02
1.368462e+02  2.457492e-01
1.358496e+02  8.226959e-01
1.340437e+02  6.379222e-01
1.330396e+02  3.074261e-01
1.324636e+02  2.041929e-01
1.318589e+02  3.360398e-01
1.311879e+02  2.120183e-01
1.308616e+02  3.834413e-03
1.308027e+02  1.083243e-01
1.306134e+02  1.451378e-01
1.303720e+02  2.532619e-01
1.298246e+02  3.307648e-01
1.293669e+02  1.631054e-02
1.291408e+02  3.700338e-01
1.282885e+02  2.943451e-01
1.276635e+02  1.806037e-01
1.272761e+02  1.759571e-01
1.270104e+02  4.096040e-02
1.268901e+02  1.006603e-01
1.266516e+02  6.000003e-02
1.265445e+02  4.431571e-02
1.264944e+02  8.406756e-04
1.264873e+02  1.873889e-02
1.264540e+02  3.115895e-02
1.264175e+02  1.005786e-02
1.264126e+02  1.033129e-11
1.264125e+02  4.717459e-03
1.263417e+02  1.319162e-01
1.260968e+02  6.829019e-02
1.258973e+02  1.577532e-01
1.257556e+02  1.026242e-02
1.256583e+02  2.160493e-01
1.252847e+02  2.455670e-01
1.251436e+02  3.274750e-02
1.248381e+02  6.406188e-01
1.237248e+02  9.241331e-01
1.225123e+02  6.042567e-01
1.217154e+02  1.661127e-01
1.215197e+02  2.901535e-01
1.210498e+02  3.197169e-01
1.205721e+02  3.474300e-01
1.200856e+02  1.079290e-01
1.200294e+02  7.876505e-02
1.198913e+02  1.065301e-01
1.195919e+02  5.828365e-01
1.180108e+02  1.481908e+00
1.163376e+02  1.043643e+00
1.156636e+02  1.261898e-01
1.154594e+02  1.270939e-01
1.153830e+02  1.219034e-02
1.153457e+02  4.556542e-02
1.151975e+02  1.657859e-01
1.148239e+02  2.941028e-01
1.141985e+02  3.300466e-01
1.138159e+02  1.725697e-01
1.136376e+02  1.766892e-01
1.133335e+02  1.521510e-01
1.130786e+02  3.411481e-01
1.124952e+02  2.823376e-01
1.121544e+02  2.197258e-01
1.117588e+02  5.810111e-02
1.114683e+02  3.712312e-01
1.107318e+02  3.086512e-01
1.104399e+02  5.655927e-12
1.104399e+02  1.423749e-03
1.104215e+02  3.563748e-02
1.103384e+02  6.160019e-02
1.101944e+02  5.338888e-02
1.101197e+02  7.109278e-02
1.099990e+02  8.561243e-02
1.099502e+02  1.304726e-02
1.097515e+02  3.666235e-01
1.090750e+02  9.904966e-12
1.090749e+02  5.915681e-03
1.089858e+02  1.643368e-01
1.086796e+02  3.150030e-03
1.086298e+02  8.976626e-02
1.084683e+02  8.071765e-12
1.084683e+02  8.071765e-12
1.084683e+02  1.213486e-03
1.084582e+02  2.691427e-02
1.084070e+02  3.508377e-02
1.083869e+02  6.451728e-12
1.083868e+02  8.812136e-03
1.083083e+02  2.006107e-01
1.079572e+02  2.629561e-01
1.077957e+02  1.024603e-11
1.077957e+02  1.024603e-11
1.077957e+02  1.024603e-11
1.077957e+02  1.024603e-11
1.077957e+02  1.024603e-11
1.077957e+02  1.024603e-11
1.077957e+02  1.024603e-11
1.077957e+02  1.024603e-11
1.077957e+02  1.024603e-11
1.077957e+02  5.225428e-04
1.077909e+02  1.209938e-02
1.077687e+02  1.475318e-02
1.077607e+02  1.303135e-11
1.077607e+02  1.303136e-11
1.077607e+02  1.303719e-11
1.077607e+02  1.305884e-11
1.077607e+02  1.305978e-11
1.077607e+02  1.305978e-11
1.077607e+02  1.305978e-11
1.077605e+02  9.054388e-03
1.076196e+02  2.564920e-01
1.071547e+02  2.913438e-02
1.071532e+02  5.385908e-12
1.071532e+02  5.379933e-12
1.071529e+02  1.517163e-02
1.070327e+02  2.975708e-01
1.065166e+02  4.135356e-01
1.062317e+02  1.980203e-02
1.061956e+02  2.662907e-02
1.060955e+02  1.655675e-01
1.057890e+02  8.066910e-02
1.056887e+02  1.698057e-01
1.053822e+02  1.211379e-01
1.053445e+02  9.563905e-12
1.053445e+02  9.563905e-12
1.053445e+02  9.563905e-12
1.053445e+02  9.563905e-12
1.053445e+02  9.563905e-12
1.053445e+02  9.563905e-12
1.053445e+02  9.563905e-12
1.053445e+02  9.563905e-12
1.053445e+02  9.563905e-12
1.053445e+02  9.563905e-12
1.053445e+02  9.563905e-12
1.053445e+02  9.563905e-12
1.053445e+02  9.563905e-12
1.053443e+02  1.362173e-02
1.052341e+02  2.976538e-01
1.046806e+02  4.067991e-01
1.044306e+02  6.920686e-12
1.044306e+02  6.920686e-12
1.044306e+02  6.920686e-12
1.044306e+02  6.920686e-12
1.044306e+02  6.920686e-12
1.044306e+02  6.920686e-12
1.044306e+02  6.920686e-12
1.044306e+02  6.920686e-12
1.044306e+02  6.920686e-12
1.044306e+02  6.920686e-12
1.044306e+02  6.920686e-12
1.044306e+02  6.920686e-12
1.044306e+02  2.493955e-03
1.043977e+02  5.303720e-02
1.043123e+02  3.993250e-12
1.043123e+02  3.993250e-12
1.043123e+02  3.993250e-12
1.043123e+02  3.993250e-12
1.043123e+02  3.993250e-12
1.043123e+02  3.993250e-12
1.043123e+02  3.993250e-12
1.043123e+02  3.993250e-12
1.043123e+02  3.993250e-12
1.043123e+02  3.993250e-12
1.043123e+02  1.825755e-03
1.042843e+02  5.145976e-02
1.041898e+02  9.009682e-12
1.041898e+02  9.009682e-12
1.041898e+02  9.009682e-12
1.041898e+02  9.009682e-12
1.041898e+02  9.009682e-12
1.041898e+02  9.009682e-12
1.041898e+02  9.009682e-12
1.041898e+02  9.009682e-12
1.041898e+02  9.009682e-12
1.041898e+02  9.009682e-12
1.041898e+02  9.009682e-12
1.041898e+02  9.009682e-12
1.041898e+02  9.009682e-12
1.041898e+02  9.009682e-12
1.041898e+02  9.009682e-12
1.041898e+02  9.009682e-12
1.041898e+02  9.009682e-12
1.041898e+02  9.009682e-12
1.041898e+02  9.009682e-12
1.041897e+02  6.163672e-03
1.040955e+02  1.735698e-01
1.037260e+02  9.279503e-02
1.035554e+02  1.189144e-02
1.035547e+02  1.161027e-11
1.035547e+02  1.161027e-11
1.035547e+02  1.161027e-11
1.035547e+02  1.161027e-11
1.035547e+02  1.161027e-11
1.035547e+02  1.161027e-11
1.035547e+02  1.161027e-11
1.035547e+02  1.161027e-11
1.035547e+02  1.161027e-11
1.035547e+02  1.161027e-11
1.035547e+02  1.161027e-11
1.035547e+02  1.161027e-11
1.035547e+02  2.595608e-03
1.035147e+02  7.328295e-02
1.033806e+02  2.572165e-12
1.033806e+02  2.572165e-12
1.033806e+02  2.572165e-12
1.033806e+02  2.572165e-12
1.033806e+02  2.572165e-12
1.033805e+02  4.572446e-03
1.033087e+02  1.299522e-01
1.030703e+02  4.537854e-03
1.030645e+02  2.245315e-12
1.030645e+02  2.245315e-12
1.030645e+02  2.245315e-12
1.030645e+02  2.245315e-12
1.030645e+02  2.245315e-12
1.030645e+02  2.245315e-12
1.030645e+02  2.245315e-12
1.030645e+02  2.245315e-12
1.030645e+02  2.245315e-12
1.030645e+02  2.245315e-12
1.030645e+02  2.245315e-12
1.030645e+02  2.245315e-12
1.030645e+02  2.245315e-12
1.030645e+02  2.245315e-12
1.030645e+02  2.245315e-12
1.030645e+02  5.436498e-04
1.030561e+02  1.532826e-02
1.030280e+02  3.055334e-12
1.030280e+02  3.055334e-12
1.030280e+02  3.055334e-12
1.030280e+02  3.055334e-12
1.030280e+02  3.055334e-12
1.030280e+02  3.055334e-12
1.030280e+02  3.055334e-12
1.030280e+02  3.055334e-12
1.030280e+02  3.055334e-12
1.030280e+02  3.055334e-12
1.030280e+02  3.055334e-12
1.030280e+02  3.055334e-12
1.030280e+02  3.055334e-12
1.030280e+02  3.055334e-12
1.030280e+02  3.055334e-12
1.030280e+02  3.055334e-12
1.030280e+02  3.055334e-12
1.030280e+02  3.055340e-12
1.030280e+02  3.060837e-12
1.030280e+02  3.081045e-12
1.030280e+02  3.083755e-12
1.030280e+02  3.083755e-12
1.030280e+02  3.083755e-12
1.030278e+02  1.558038e-02
1.027886e+02  4.401830e-01
1.017813e+02  2.915081e-01
1.013847e+02  8.284928e-12
1.013847e+02  8.284928e-12
1.013847e+02  8.284928e-12
1.013847e+02  8.284928e-12
1.013847e+02  8.284928e-12
1.013847e+02  8.284928e-12
1.013847e+02  8.284928e-12
1.013847e+02  8.284928e-12
1.013847e+02  8.284928e-12
1.013847e+02  8.284928e-12
1.013847e+02  8.284928e-12
1.013847e+02  8.284928e-12
1.013847e+02  8.284928e-12
1.013847e+02  8.284928e-12
1.013847e+02  8.284928e-12
1.013847e+02  8.284928e-12
1.013846e+02  2.416076e-03
1.013466e+02  6.871612e-02
1.012226e+02  7.204903e-12
1.012226e+02  7.204903e-12
1.012226e+02  7.204903e-12
1.012226e+02  7.204903e-12
1.012226e+02  7.204903e-12
1.012226e+02  7.204903e-12
1.012226e+02  7.204903e-12
1.012226e+02  7.204903e-12
1.012226e+02  7.204903e-12
1.012226e+02  7.204903e-12
1.012226e+02  7.204903e-12
1.012226e+02  7.204903e-12
1.012226e+02  7.204903e-12
1.012226e+02  7.204903e-12
1.012226e+02  7.204903e-12
1.012226e+02  7.204903e-12
1.012226e+02  7.204903e-12
1.012226e+02  7.204903e-12
1.012226e+02  7.204903e-12
1.012226e+02  7.204903e-12
1.012226e+02  7.204903e-12
1.012226e+02  7.204903e-12
1.012226e+02  7.204903e-12
1.012226e+02  7.204903e-12
1.012226e+02  7.204903e-12
1.012226e+02  7.204903e-12
1.012226e+02  7.204903e-12
1.012226e+02  7.204903e-12
1.012226e+02  7.204903e-12
1.012226e+02  7.204903e-12
1.012226e+02  7.204903e-12
1.012226e+02  7.204903e-12
1.012226e+02  7.204903e-12
1.012226e+02  7.204903e-12
1.012226e+02  7.204903e-12
1.012226e+02  7.204903e-12
1.012226e+02  7.204903e-12
1.012226e+02  7.204903e-12
1.012226e+02  7.204903e-12
1.012226e+02  7.204903e-12
1.012226e+02  7.204903e-12
1.012226e+02  7.204903e-12
1.012226e+02  7.204903e-12
1.012226e+02  7.204903e-12
1.012226e+02  7.204903e-12
1.012226e+02  7.204903e-12
1.012226e+02  7.204903e-12
1.012226e+02  7.204903e-12
1.012226e+02  7.204903e-12
1.012226e+02  7.204903e-12
1.012226e+02  7.204903e-12
1.012226e+02  7.204903e-12
1.012226e+02  7.204903e-12
1.012226e+02  7.204903e-12
1.012226e+02  7.204903e-12
1.012226e+02  7.204903e-12
1.012226e+02  7.204903e-12
1.012226e+02  7.204903e-12
1.012226e+02  7.204903e-12
1.012226e+02  7.204903e-12
1.012226e+02  7.204903e-12
1.012226e+02  7.204903e-12
1.012226e+02  7.204903e-12
1.012226e+02  7.204903e-12
1.012226e+02  7.204903e-12
1.012226e+02  7.204903e-12
1.012226e+02  7.204903e-12
1.012226e+02  7.204903e-12
1.012225e+02  1.244102e-03
1.012045e+02  3.439859e-02
1.011403e+02  9.958669e-03
1.011391e+02  9.450218e-12
1.011391e+02  9.450218e-12
1.011391e+02  9.450218e-12
1.011391e+02  9.450218e-12
1.011391e+02  9.450218e-12
1.011391e+02  9.450218e-12
1.011391e+02  9.450218e-12
1.011391e+02  9.450218e-12
1.011391e+02  9.450218e-12
1.011391e+02  9.450218e-12
1.011391e+02  9.450218e-12
1.011391e+02  9.450218e-12
1.011391e+02  9.450218e-12
1.011391e+02  9.450218e-12
1.011391e+02  9.450218e-12
1.011391e+02  9.450218e-12
1.011391e+02  9.450218e-12
1.011391e+02  9.450218e-12
1.011391e+02  9.450218e-12
1.011390e+02  5.252076e-03
1.010614e+02  1.460149e-01
1.007867e+02  9.706014e-12
1.007867e+02  9.706014e-12
1.007867e+02  9.706014e-12
1.007867e+02  9.706014e-12
1.007867e+02  9.706014e-12
1.007867e+02  9.706014e-12
1.007867e+02  9.706014e-12
1.007867e+02  9.706014e-12
1.007867e+02  9.706014e-12
1.007867e+02  9.706014e-12
1.007867e+02  9.706014e-12
1.007867e+02  9.706014e-12
1.007867e+02  9.706014e-12
1.007867e+02  9.706014e-12
1.007867e+02  9.706014e-12
1.007867e+02  9.706014e-12
1.007867e+02  9.706014e-12
1.007867e+02  9.706014e-12
1.007867e+02  9.706014e-12
1.007867e+02  9.706014e-12
1.007867e+02  9.706014e-12
1.007867e+02  9.706014e-12
1.007867e+02  9.706014e-12
1.007867e+02  9.706014e-12
1.007867e+02  9.706014e-12
1.007867e+02  9.706014e-12
1.007867e+02  9.706014e-12
1.007867e+02  9.706014e-12
1.007867e+02  9.706014e-12
1.007867e+02  9.706014e-12
1.007867e+02  9.706014e-12
1.007867e+02  9.706014e-12
1.007867e+02  9.706014e-12
1.007867e+02  9.706014e-12
1.007867e+02  9.706014e-12
1.007867e+02  9.706014e-12
1.007867e+02  9.706014e-12
1.007867e+02  9.706014e-12
1.007867e+02  9.706014e-12
1.007867e+02  9.706014e-12
1.007867e+02  9.706014e-12
1.007867e+02  9.706014e-12
1.007867e+02  9.706014e-12
1.007867e+02  9.706014e-12
1.007867e+02  9.706014e-12
1.007867e+02  9.706014e-12
1.007867e+02  9.706014e-12
1.007867e+02  9.706014e-12
1.007867e+02  9.706014e-12
1.007867e+02  9.706014e-12
1.007867e+02  9.706014e-12
1.007867e+02  9.706014e-12
1.007867e+02  9.706014e-12
1.007867e+02  9.706014e-12
1.007867e+02  9.706014e-12
1.007867e+02  9.706014e-12
1.007867e+02  9.706014e-12
1.007867e+02  9.706014e-12
1.007867e+02  9.706014e-12
1.007866e+02  1.104515e-02
1.006503e+02  2.865845e-01
1.001196e+02  2.194695e-01
1.000457e+02  3.367973e-12
1.000457e+02  3.367973e-12
1.000457e+02  3.367973e-12
1.000457e+02  3.367973e-12
1.000457e+02  3.367973e-12
1.000457e+02  3.367973e-12
1.000457e+02  3.367973e-12
1.000456e+02  6.149317e-03
9.995217e+01  1.727318e-01
9.963889e+01  4.812436e-02
9.963317e+01  8.597567e-12
9.963317e+01  8.597567e-12
9.963317e+01  8.597567e-12
9.963317e+01  8.597567e-12
9.963317e+01  8.597567e-12
9.963317e+01  8.597567e-12
9.963317e+01  2.665306e-04
9.962903e+01  7.542848e-03
9.961529e+01  6.849632e-12
9.961529e+01  6.849632e-12
9.961529e+01  6.849632e-12
9.961529e+01  6.849632e-12
9.961529e+01  6.849632e-12
9.961529e+01  6.849632e-12
9.961529e+01  6.849632e-12
9.961529e+01  6.849632e-12
9.961529e+01  6.849632e-12
9.961529e+01  6.849632e-12
9.961529e+01  6.849632e-12
9.961529e+01  6.849632e-12
9.961529e+01  6.849632e-12
9.961529e+01  6.849632e-12
9.961529e+01  6.849632e-12
9.961529e+01  6.849632e-12
9.961529e+01  6.849632e-12
9.961529e+01  6.849632e-12
9.961529e+01  6.849632e-12
9.961529e+01  6.849632e-12
9.961529e+01  6.849632e-12
9.961529e+01  6.849632e-12
9.961529e+01  6.849632e-12
9.961529e+01  6.849632e-12
9.961529e+01  6.849632e-12
9.961529e+01  6.849632e-12
9.961529e+01  6.849632e-12
9.961529e+01  6.849632e-12
9.961529e+01  6.849632e-12
9.961529e+01  6.849632e-12
9.961529e+01  6.849632e-12
9.961529e+01  6.849632e-12
9.961529e+01  6.849632e-12
9.961529e+01  6.849632e-12
9.961529e+01  6.849632e-12
9.961529e+01  6.849632e-12
9.961529e+01  6.849632e-12
9.961529e+01  6.849632e-12
9.961529e+01  6.849632e-12
9.961529e+01  6.849632e-12
9.961529e+01  6.849632e-12
9.961529e+01  6.849632e-12
9.961529e+01  6.849632e-12
9.961529e+01  6.849632e-12
9.961529e+01  6.849632e-12
9.961529e+01  6.849632e-12
9.961529e+01  6.849632e-12
9.961529e+01  6.849632e-12
9.961529e+01  6.849632e-12
9.961529e+01  6.849632e-12
9.961529e+01  6.849632e-12
9.961529e+01  6.849632e-12
9.961529e+01  6.849632e-12
9.961529e+01  6.849632e-12
9.961529e+01  6.849632e-12
9.961529e+01  6.849632e-12
9.961529e+01  6.849632e-12
9.961529e+01  6.849632e-12
9.961529e+01  6.849632e-12
9.961529e+01  6.849632e-12
9.961529e+01  6.849632e-12
9.961529e+01  6.849632e-12
9.961529e+01  6.849632e-12
9.961529e+01  6.849632e-12
9.961529e+01  6.849632e-12
9.961529e+01  6.849632e-12
9.961529e+01  6.849632e-12
9.961529e+01  6.849632e-12
9.961529e+01  6.849632e-12
9.961529e+01  6.849632e-12
9.961529e+01  6.849632e-12
9.961529e+01  6.849632e-12
9.961529e+01  6.849632e-12
9.961529e+01  6.849632e-12
9.961529e+01  6.849632e-12
9.961529e+01  6.849632e-12
9.961529e+01  6.849632e-12
9.961529e+01  6.849632e-12
9.961529e+01  6.849632e-12
9.961529e+01  6.849632e-12
9.961529e+01  6.849632e-12
9.961529e+01  6.849632e-12
9.961529e+01  6.849632e-12
9.961529e+01  6.849632e-12
9.961529e+01  6.849632e-12
9.961529e+01  6.849632e-12
9.961529e+01  6.849632e-12
9.961529e+01  6.849632e-12
9.961529e+01  6.849632e-12
9.961529e+01  6.849632e-12
9.961529e+01  6.849632e-12
9.961529e+01  6.849632e-12
9.961529e+01  6.849632e-12
9.961529e+01  6.849632e-12
9.961529e+01  6.849632e-12
9.961529e+01  6.849632e-12
9.961529e+01  6.849632e-12
9.961529e+01  6.849632e-12
9.961529e+01  6.849632e-12
9.961529e+01  6.849632e-12
9.961529e+01  6.849632e-12
9.961529e+01  6.849632e-12
9.961529e+01  6.849632e-12
9.961529e+01  6.849632e-12
9.961529e+01  6.849632e-12
9.961529e+01  6.849632e-12
9.961529e+01  6.849632e-12
9.961529e+01  6.849632e-12
9.961529e+01  6.849632e-12
9.961529e+01  6.849632e-12
9.961529e+01  6.849632e-12
9.961529e+01  6.849632e-12
9.961529e+01  6.849632e-12
9.961529e+01  6.849632e-12
9.961529e+01  6.849632e-12
9.961529e+01  6.849632e-12
9.961529e+01  6.849632e-12
9.961529e+01  6.849632e-12
9.961529e+01  6.849632e-12
9.961529e+01  6.849632e-12
9.961529e+01  6.849632e-12
9.961529e+01  6.849632e-12
9.961529e+01  6.849632e-12
9.961529e+01  6.849632e-12
9.961529e+01  6.849632e-12
9.961529e+01  6.849632e-12
9.961529e+01  6.849632e-12
9.961529e+01  6.849632e-12
9.961529e+01  6.849632e-12
9.961529e+01  6.849632e-12
9.961529e+01  6.849632e-12
9.961529e+01  6.849632e-12
9.961529e+01  6.849632e-12
9.961529e+01  6.849632e-12
9.961529e+01  6.849632e-12
9.961529e+01  6.849632e-12
9.961529e+01  6.849632e-12
9.961529e+01  6.849632e-12
9.961529e+01  6.849632e-12
9.961529e+01  6.849632e-12
9.961529e+01  6.849632e-12
9.961529e+01  6.849632e-12
9.961529e+01  6.849632e-12
9.961529e+01  6.849632e-12
9.961529e+01  6.849632e-12
9.961529e+01  6.849632e-12
9.961529e+01  6.849632e-12
9.961529e+01  6.849632e-12
9.961529e+01  6.849632e-12
9.961529e+01  6.849632e-12
9.961529e+01  6.849632e-12
9.961529e+01  6.849632e-12
9.961529e+01  6.849632e-12
9.961529e+01  6.849632e-12
9.961529e+01  6.849632e-12
9.961529e+01  6.849632e-12
9.961529e+01  6.849632e-12
9.961529e+01  6.849632e-12
9.961529e+01  6.849632e-12
9.961529e+01  6.849632e-12
9.961529e+01  6.849632e-12
9.961529e+01  6.849632e-12
9.961529e+01  6.849632e-12
9.961529e+01  6.849632e-12
9.961529e+01  6.849632e-12
9.961529e+01  6.849632e-12
9.961529e+01  6.849632e-12
9.961529e+01  6.849632e-12
9.961529e+01  6.849632e-12
9.961529e+01  6.849632e-12
9.961529e+01  6.849632e-12
9.961529e+01  6.849632e-12
9.961529e+01  6.849632e-12
9.961529e+01  6.849632e-12
9.961529e+01  6.849632e-12
9.961529e+01  6.849632e-12
9.961529e+01  6.849632e-12
9.961529e+01  6.849632e-12
9.961529e+01  6.849632e-12
9.961529e+01  6.849632e-12
9.961529e+01  6.849632e-12
9.961529e+01  6.849632e-12
9.961529e+01  6.849632e-12
9.961529e+01  6.849632e-12
9.961529e+01  6.849632e-12
9.961529e+01  6.849632e-12
9.961529e+01  6.849632e-12
9.961529e+01  6.849632e-12
9.961529e+01  6.849632e-12
9.961529e+01  6.849632e-12
9.961529e+01  6.849632e-12
9.961529e+01  6.849632e-12
9.961529e+01  6.849632e-12
9.961529e+01  6.849632e-12
9.961529e+01  6.849632e-12
9.961529e+01  6.849632e-12
9.961529e+01  6.849632e-12
9.961529e+01  6.849632e-12
9.961529e+01  6.849632e-12
9.961529e+01  6.849632e-12
9.961529e+01  6.849632e-12
9.961529e+01  6.849632e-12
9.961529e+01  6.849632e-12
9.961529e+01  6.849632e-12
9.961529e+01  6.849632e-12
9.961529e+01  6.849632e-12
9.961529e+01  6.849632e-12
9.961529e+01  6.849632e-12
9.961529e+01  6.849632e-12
9.961529e+01  6.849632e-12
9.961529e+01  6.849632e-12
9.961529e+01  6.849632e-12
9.961529e+01  6.849632e-12
9.961529e+01  6.849632e-12
9.961529e+01  6.849632e-12
9.961529e+01  6.849632e-12
9.961529e+01  6.849632e-12
9.961529e+01  6.849632e-12
9.961529e+01  6.849632e-12
9.961529e+01  6.849632e-12
9.961529e+01  6.849632e-12
9.961529e+01  6.849632e-12
9.961529e+01  6.849632e-12
9.961529e+01  6.849632e-12
9.961529e+01  6.849632e-12
9.961529e+01  6.849632e-12
9.961529e+01  6.849632e-12
9.961529e+01  6.849632e-12
9.961529e+01  6.849632e-12
9.961529e+01  6.849632e-12
9.961529e+01  6.849632e-12
9.961529e+01  6.849632e-12
9.961529e+01  6.849632e-12
9.961529e+01  6.849632e-12
9.961529e+01  6.849632e-12
9.961529e+01  6.849632e-12
9.961529e+01  6.849632e-12
9.961529e+01  6.849632e-12
9.961529e+01  6.849632e-12
9.961529e+01  6.849632e-12
9.961529e+01  6.849632e-12
9.961529e+01  6.849632e-12
9.961529e+01  6.849632e-12
9.961529e+01  6.849632e-12
9.961529e+01  6.849632e-12
9.961529e+01  6.849632e-12
9.961529e+01  6.849632e-12
9.961529e+01  6.849632e-12
9.961529e+01  6.849632e-12
9.961529e+01  6.849632e-12
9.961529e+01  6.849632e-12
9.961529e+01  6.849632e-12
9.961529e+01  6.849632e-12
9.961529e+01  6.849632e-12
9.961529e+01  6.849632e-12
9.961529e+01  6.849632e-12
9.961529e+01  6.849632e-12
9.961529e+01  6.849632e-12
9.961529e+01  6.849632e-12
9.961529e+01  6.849632e-12
9.961529e+01  6.849632e-12
9.961529e+01  6.849632e-12
9.961529e+01  6.849632e-12
9.961529e+01  6.849632e-12
9.961529e+01  6.849632e-12
9.961529e+01  6.849632e-12
9.961529e+01  6.849632e-12
9.961529e+01  6.849632e-12
9.961529e+01  6.849632e-12
9.961529e+01  6.849632e-12
9.961529e+01  6.849632e-12
9.961529e+01  6.849632e-12
9.961529e+01  6.849632e-12
9.961529e+01  6.849632e-12
9.961529e+01  6.849632e-12
9.961529e+01  6.849632e-12
9.961529e+01  6.849632e-12
9.961529e+01  6.849632e-12
9.961529e+01  6.849632e-12
9.961529e+01  6.849632e-12
9.961529e+01  6.849632e-12
9.961529e+01  6.849632e-12
9.961529e+01  6.849632e-12
9.961529e+01  6.849632e-12
9.961529e+01  6.849632e-12
9.961529e+01  6.849632e-12
9.961529e+01  6.849632e-12
9.961529e+01  6.849632e-12
9.961529e+01  6.849632e-12
9.961529e+01  6.849632e-12
9.961529e+01  6.849632e-12
9.961529e+01  6.849632e-12
9.961529e+01  6.849632e-12
9.961529e+01  6.849632e-12
9.961529e+01  6.849632e-12
9.961529e+01  6.849632e-12
9.961529e+01  6.849632e-12
9.961529e+01  6.849632e-12
9.961529e+01  6.849632e-12
9.961529e+01  6.849632e-12
9.961529e+01  6.849632e-12
9.961529e+01  6.849632e-12
9.961529e+01  6.849632e-12
9.961529e+01  6.849632e-12
9.961529e+01  6.849632e-12
9.961529e+01  6.849632e-12
9.961529e+01  6.849632e-12
9.961529e+01  6.849632e-12
9.961529e+01  6.849632e-12
9.961529e+01  6.849632e-12
9.961529e+01  6.849632e-12
9.961529e+01  6.849632e-12
9.961529e+01  6.849632e-12
9.961529e+01  6.849632e-12
9.961529e+01  6.849632e-12
9.961529e+01  6.849632e-12
9.961529e+01  6.849632e-12
9.961529e+01  6.849632e-12
9.961529e+01  6.849632e-12
9.961529e+01  6.849632e-12
9.961529e+01  6.849632e-12
9.961529e+01  6.849632e-12
9.961529e+01  6.849632e-12
9.961529e+01  6.849632e-12
9.961529e+01  6.849632e-12
9.961529e+01  6.849632e-12
9.961529e+01  6.849632e-12
9.961529e+01  6.849632e-12
9.961529e+01  6.849632e-12
9.961529e+01  6.849632e-12
9.961529e+01  6.849632e-12
9.961529e+01  6.849632e-12
9.961529e+01  6.849632e-12
9.961529e+01  6.849632e-12
9.961529e+01  6.849632e-12
9.961529e+01  6.849632e-12
9.961529e+01  6.849632e-12
9.961529e+01  6.849632e-12
9.961529e+01  6.849632e-12
9.961529e+01  6.849632e-12
9.961529e+01  6.849632e-12
9.961529e+01  6.849632e-12
9.961529e+01  6.849632e-12
9.961529e+01  6.849632e-12
9.961529e+01  6.849632e-12
9.961529e+01  6.849632e-12
9.961529e+01  6.849632e-12
9.961529e+01  6.849632e-12
9.961529e+01  6.849632e-12
9.961529e+01  6.849632e-12
9.961529e+01  6.849632e-12
9.961529e+01  6.849632e-12
9.961529e+01  6.849632e-12
9.961529e+01  6.849632e-12
9.961529e+01  6.849632e-12
9.961529e+01  6.849632e-12
9.961529e+01  6.849632e-12
9.961529e+01  6.849632e-12
9.961529e+01  6.849632e-12
9.961529e+01  6.849632e-12
9.961529e+01  6.849632e-12
9.961529e+01  6.849632e-12
9.961529e+01  6.849632e-12
9.961529e+01  6.849632e-12
9.961529e+01  6.849632e-12
9.961529e+01  6.849632e-12
9.961529e+01  6.849632e-12
9.961529e+01  6.849632e-12
9.961529e+01  6.849632e-12
9.961529e+01  6.849632e-12
9.961529e+01  6.849632e-12
9.961529e+01  6.849632e-12
9.961529e+01  6.849632e-12
9.961529e+01  6.849632e-12
9.961529e+01  6.849632e-12
9.961529e+01  6.849632e-12
9.961529e+01  6.849632e-12
9.961529e+01  6.849632e-12
9.961529e+01  6.849632e-12
9.961529e+01  6.849632e-12
9.961529e+01  6.849632e-12
9.961529e+01  6.849632e-12
9.961529e+01  6.849632e-12
9.961529e+01  6.849632e-12
9.961529e+01  6.849632e-12
9.961529e+01  6.849632e-12
9.961529e+01  6.849632e-12
9.961529e+01  6.849632e-12
9.961529e+01  6.849632e-12
9.961529e+01  6.849632e-12
9.961529e+01  6.849632e-12
9.961529e+01  6.849632e-12
9.961529e+01  6.849632e-12
9.961529e+01  6.849632e-12
9.961529e+01  6.849632e-12
9.961529e+01  6.849632e-12
9.961529e+01  6.849632e-12
9.961529e+01  6.849632e-12
9.961529e+01  6.849632e-12
9.961529e+01  6.849632e-12
9.961529e+01  6.849632e-12
9.961529e+01  6.849632e-12
9.961529e+01  6.849632e-12
9.961529e+01  6.849632e-12
9.961529e+01  6.849632e-12
9.961529e+01  6.849632e-12
9.961529e+01  6.849632e-12
9.961529e+01  6.849632e-12
9.961529e+01  6.849632e-12
9.961529e+01  6.849632e-12
9.961529e+01  6.849632e-12
9.961529e+01  6.849632e-12
9.961529e+01  6.849632e-12
9.961529e+01  6.849632e-12
9.961529e+01  6.849632e-12
9.961529e+01  6.849632e-12
9.961529e+01  6.849632e-12
9.961529e+01  6.849632e-12
9.961529e+01  6.849632e-12
9.961529e+01  6.849632e-12
9.961529e+01  6.849632e-12
9.961529e+01  6.849632e-12
9.961529e+01  6.849632e-12
9.961529e+01  6.849632e-12
9.961529e+01  6.849632e-12
9.961529e+01  6.849632e-12
9.961529e+01  6.849632e-12
9.961529e+01  6.849632e-12
9.961529e+01  6.849632e-12
9.961529e+01  6.849632e-12
9.961529e+01  6.849632e-12
9.961529e+01  6.849632e-12
9.961529e+01  6.849632e-12
9.961529e+01  6.849632e-12
9.961529e+01  6.849632e-12
9.961529e+01  6.849632e-12
9.961529e+01  6.849632e-12
9.961529e+01  6.849632e-12
9.961529e+01  6.849632e-12
9.961529e+01  6.849632e-12
9.961529e+01  6.849632e-12
9.961529e+01  6.849632e-12
9.961529e+01  6.849632e-12
9.961529e+01  6.849632e-12
9.961529e+01  6.849632e-12
9.961529e+01  6.849632e-12
9.961529e+01  6.849632e-12
9.961529e+01  6.849632e-12
9.961529e+01  6.849632e-12
9.961529e+01  6.849632e-12
9.961529e+01  6.849632e-12
9.961529e+01  6.849632e-12
9.961529e+01  6.849632e-12
9.961529e+01  6.849632e-12
9.961529e+01  6.849632e-12
9.961529e+01  6.849632e-12
9.961529e+01  6.849632e-12
9.961529e+01  6.849632e-12
9.961529e+01  6.849632e-12
9.961529e+01  6.849632e-12
9.961529e+01  6.849632e-12
9.961529e+01  6.849632e-12
9.961529e+01  6.849632e-12
9.961529e+01  6.849632e-12
9.961529e+01  6.849632e-12
9.961529e+01  6.849632e-12
9.961529e+01  6.849632e-12
9.961529e+01  6.849632e-12
9.961529e+01  6.849632e-12
9.961529e+01  6.849632e-12
9.961529e+01  6.849632e-12
9.961529e+01  6.849632e-12
9.961529e+01  6.849632e-12
9.961529e+01  6.849632e-12
9.961529e+01  6.849632e-12
9.961529e+01  6.849632e-12
9.961529e+01  6.849632e-12
9.961529e+01  6.849632e-12
9.961529e+01  6.849632e-12
9.961529e+01  6.849632e-12
9.961529e+01  6.849632e-12
9.961529e+01  6.849632e-12
9.961529e+01  6.849632e-12
9.961529e+01  6.849632e-12
9.961529e+01  6.849632e-12
9.961529e+01  6.849632e-12
9.961529e+01  6.849632e-12
9.961529e+01  6.849632e-12
9.961529e+01  6.849632e-12
9.961529e+01  6.849632e-12
9.961529e+01  6.849632e-12
9.961529e+01  6.849632e-12
9.961529e+01  6.849632e-12
9.961529e+01  6.849632e-12
9.961529e+01  6.849632e-12
9.961529e+01  6.849632e-12
9.961529e+01  6.849632e-12
9.961529e+01  6.849632e-12
9.961529e+01  6.849632e-12
9.961529e+01  6.849632e-12
9.961529e+01  6.849632e-12
9.961529e+01  6.849632e-12
9.961529e+01  6.849632e-12
9.961529e+01  6.849632e-12
9.961529e+01  6.849632e-12
9.961529e+01  6.849632e-12
9.961529e+01  6.849632e-12
9.961529e+01  6.849632e-12
9.961529e+01  6.849632e-12
9.961529e+01  6.849632e-12
9.961529e+01  6.849632e-12
9.961529e+01  6.849632e-12
9.961529e+01  6.849632e-12
9.961529e+01  6.849632e-12
9.961529e+01  6.849632e-12
9.961529e+01  6.849632e-12
9.961529e+01  6.849632e-12
9.961529e+01  6.849632e-12
9.961529e+01  6.849632e-12
9.961529e+01  6.849632e-12
9.961529e+01  6.849632e-12
9.961529e+01  6.849632e-12
9.961529e+01  6.849632e-12
9.961529e+01  6.849632e-12
9.961529e+01  6.849632e-12
9.961529e+01  6.849632e-12
9.961529e+01  6.849632e-12
9.961529e+01  6.849632e-12
9.961529e+01  6.849632e-12
9.961529e+01  6.849632e-12
9.961529e+01  6.849632e-12
9.961529e+01  6.849632e-12
9.961529e+01  6.849632e-12
9.961529e+01  6.849632e-12
9.961529e+01  6.849632e-12
9.961529e+01  6.849632e-12
9.961529e+01  6.849632e-12
9.961529e+01  6.849632e-12
9.961529e+01  6.849632e-12
9.961529e+01  6.849632e-12
9.961529e+01  6.849632e-12
9.961529e+01  6.849632e-12
9.961529e+01  6.849632e-12
9.961529e+01  6.849632e-12
9.961529e+01  6.849632e-12
9.961529e+01  6.849632e-12
9.961529e+01  6.849632e-12
9.961529e+01  6.849632e-12
9.961529e+01  6.849632e-12
9.961529e+01  6.849632e-12
9.961529e+01  6.849632e-12
9.961529e+01  6.849632e-12
9.961529e+01  6.849632e-12
9.961529e+01  6.849632e-12
9.961529e+01  6.849632e-12
9.961529e+01  6.849632e-12
9.961529e+01  6.849632e-12
9.961529e+01  6.849632e-12
9.961529e+01  6.849632e-12
9.961529e+01  6.849632e-12
9.961529e+01  6.849632e-12
9.961529e+01  6.849632e-12
9.961529e+01  6.849632e-12
9.961529e+01  6.849632e-12
9.961529e+01  6.849632e-12
9.961529e+01  6.849632e-12
9.961529e+01  6.849632e-12
9.961529e+01  6.849632e-12
9.961529e+01  6.849632e-12
9.961529e+01  6.849632e-12
9.961529e+01  6.849632e-12
9.961529e+01  6.849632e-12
9.961529e+01  6.849632e-12
9.961529e+01  6.849632e-12
9.961529e+01  6.849632e-12
9.961529e+01  6.849632e-12
9.961529e+01  6.849632e-12
9.961529e+01  6.849632e-12
9.961529e+01  6.849632e-12
9.961529e+01  6.849632e-12
9.961529e+01  6.849632e-12
9.961529e+01  6.849632e-12
9.961529e+01  6.849632e-12
9.961529e+01  6.849632e-12
9.961529e+01  6.849632e-12
9.961529e+01  6.849632e-12
9.961529e+01  6.849632e-12
9.961529e+01  6.849632e-12
9.961529e+01  6.849632e-12
9.961529e+01  6.849632e-12
9.961529e+01  6.849632e-12
9.961529e+01  6.849632e-12
9.961529e+01  6.849632e-12
9.961529e+01  6.849632e-12
9.961529e+01  6.849632e-12
9.961529e+01  6.849632e-12
9.961529e+01  6.849632e-12
9.961529e+01  6.849632e-12
9.961529e+01  6.849632e-12
9.961529e+01  6.849632e-12
9.961529e+01  6.849632e-12
9.961529e+01  6.849632e-12
9.961529e+01  6.849632e-12
9.961529e+01  6.849632e-12
9.961529e+01  6.849632e-12
9.961529e+01  6.849632e-12
9.961529e+01  6.849632e-12
9.961529e+01  6.849632e-12
9.961529e+01  6.849632e-12
9.961529e+01  6.849632e-12
9.961529e+01  6.849632e-12
9.961529e+01  6.849632e-12
9.961529e+01  6.849632e-12
9.961529e+01  6.849632e-12
9.961529e+01  6.849632e-12
9.961529e+01  6.849632e-12
9.961529e+01  6.849632e-12
9.961529e+01  6.849632e-12
9.961529e+01  6.849632e-12
9.961529e+01  6.849632e-12
9.961529e+01  6.849632e-12
9.961529e+01  6.849632e-12
9.961529e+01  6.849632e-12
9.961529e+01  6.849632e-12
9.961529e+01  6.849632e-12
9.961529e+01  6.849632e-12
9.961529e+01  6.849632e-12
9.961529e+01  6.849632e-12
9.961529e+01  6.849632e-12
9.961529e+01  6.849632e-12
9.961529e+01  6.849632e-12
9.961529e+01  6.849632e-12
9.961529e+01  6.849632e-12
9.961529e+01  6.849632e-12
9.961529e+01  6.849632e-12
9.961529e+01  6.849632e-12
9.961529e+01  6.849632e-12
9.961529e+01  6.849632e-12
9.961529e+01  6.849632e-12
9.961529e+01  6.849632e-12
9.961529e+01  6.849632e-12
9.961529e+01  6.849632e-12
9.961529e+01  6.849632e-12
9.961529e+01  6.849632e-12
9.961529e+01  6.849632e-12
9.961529e+01  6.849632e-12
9.961529e+01  6.849632e-12
9.961529e+01  6.849632e-12
9.961529e+01  6.849632e-12
9.961529e+01  6.849632e-12
9.961529e+01  6.849632e-12
9.961529e+01  6.849632e-12
9.961529e+01  6.849632e-12
9.961529e+01  6.849632e-12
9.961529e+01  6.849632e-12
9.961529e+01  6.849632e-12
9.961529e+01  6.849632e-12
9.961529e+01  6.849632e-12
9.961529e+01  6.849632e-12
9.961529e+01  6.849632e-12
9.961529e+01  6.849632e-12
9.961529e+01  6.849632e-12
9.961529e+01  6.849632e-12
9.961529e+01  6.849632e-12
9.961529e+01  6.849632e-12
9.961529e+01  6.849632e-12
9.961529e+01  6.849632e-12
9.961529e+01  6.849632e-12
9.961529e+01  6.849632e-12
9.961529e+01  6.849632e-12
9.961529e+01  6.849632e-12
9.961529e+01  6.849632e-12
9.961529e+01  6.849632e-12
9.961529e+01  6.849632e-12
9.961529e+01  6.849632e-12
9.961529e+01  6.849632e-12
9.961529e+01  6.849632e-12
9.961529e+01  6.849632e-12
9.961529e+01  6.849632e-12
9.961529e+01  6.849632e-12
9.961529e+01  6.849632e-12
9.961529e+01  6.849632e-12
9.961529e+01  6.849632e-12
9.961529e+01  6.849632e-12
9.961529e+01  6.849632e-12
9.961529e+01  6.849632e-12
9.961529e+01  6.849632e-12
9.961529e+01  6.849632e-12
9.961529e+01  6.849632e-12
9.961529e+01  6.849632e-12
9.961529e+01  6.849632e-12
9.961529e+01  6.849632e-12
9.961529e+01  6.849632e-12
9.961529e+01  6.849632e-12
9.961529e+01  6.849632e-12
9.961529e+01  6.849632e-12
9.961529e+01  6.849632e-12
9.961529e+01  6.849632e-12
9.961529e+01  6.849632e-12
9.961529e+01  6.849632e-12
9.961529e+01  6.849632e-12
9.961529e+01  6.849632e-12
9.961529e+01  6.849632e-12
9.961529e+01  6.849632e-12
9.961529e+01  6.849632e-12
9.961529e+01  6.849632e-12
9.961529e+01  6.849632e-12
9.961529e+01  6.849632e-12
9.961529e+01  6.849632e-12
9.961529e+01  6.849632e-12
9.961529e+01  6.849632e-12
9.961529e+01  6.849632e-12
9.961529e+01  6.849632e-12
9.961529e+01  6.849632e-12
9.961529e+01  6.849632e-12
9.961529e+01  6.849632e-12
9.961529e+01  6.849632e-12
9.961529e+01  6.849632e-12
9.961529e+01  6.849632e-12
9.961529e+01  6.849632e-12
9.961529e+01  6.849632e-12
9.961529e+01  6.849632e-12
9.961529e+01  6.849632e-12
9.961529e+01  6.849632e-12
9.961529e+01  6.849632e-12
9.961529e+01  6.849632e-12
9.961529e+01  6.849632e-12
9.961529e+01  6.849632e-12
9.961529e+01  6.849632e-12
9.961529e+01  6.849632e-12
9.961529e+01  6.849632e-12
9.961529e+01  6.849632e-12
9.961529e+01  6.849632e-12
9.961529e+01  6.849632e-12
9.961529e+01  6.849632e-12
9.961529e+01  6.849632e-12
9.961529e+01  6.849632e-12
9.961529e+01  6.849632e-12
9.961529e+01  6.849632e-12
9.961529e+01  6.849632e-12
9.961529e+01  6.849632e-12
9.961529e+01  6.849632e-12
9.961529e+01  6.849632e-12
9.961529e+01  6.849632e-12
9.961529e+01  6.849632e-12
9.961529e+01  6.849632e-12
9.961529e+01  6.849632e-12
9.961529e+01  6.849632e-12
9.961529e+01  6.849632e-12
9.961529e+01  6.849632e-12
9.961529e+01  6.849632e-12
9.961529e+01  6.849632e-12
9.961529e+01  6.849632e-12
9.961529e+01  6.849632e-12
9.961529e+01  6.849632e-12
9.961529e+01  6.849632e-12
9.961529e+01  6.849632e-12
9.961529e+01  6.849632e-12
9.961529e+01  6.849632e-12
9.961529e+01  6.849632e-12
9.961529e+01  6.849632e-12
9.961529e+01  6.849632e-12
9.961529e+01  6.849632e-12
9.961529e+01  6.849632e-12
9.961529e+01  6.849632e-12
9.961529e+01  6.849632e-12
9.961529e+01  6.849632e-12
9.961529e+01  6.849632e-12
9.961529e+01  6.849632e-12
9.961529e+01  6.849632e-12
9.961529e+01  6.849632e-12
9.961529e+01  6.849632e-12
9.961529e+01  6.849632e-12
9.961529e+01  6.849632e-12
9.961529e+01  6.849632e-12
9.961529e+01  6.849632e-12
9.961529e+01  6.849632e-12
9.961529e+01  6.849632e-12
9.961529e+01  6.849632e-12
9.961529e+01  6.849632e-12
9.961529e+01  6.849632e-12
9.961529e+01  6.849632e-12
9.961529e+01  6.849632e-12
9.961529e+01  6.849632e-12
9.961529e+01  6.849632e-12
9.961529e+01  6.849632e-12
9.961529e+01  6.849632e-12
9.961529e+01  6.849632e-12
9.961529e+01  6.849632e-12
9.961529e+01  6.849632e-12
9.961529e+01  6.849632e-12
9.961529e+01  6.849632e-12
9.961529e+01  6.849632e-12
9.961529e+01  6.849632e-12
9.961529e+01  6.849632e-12
9.961529e+01  6.849632e-12
9.961529e+01  6.849632e-12
9.961529e+01  6.849632e-12
9.961529e+01  6.849632e-12
9.961529e+01  6.849632e-12
9.961529e+01  6.849632e-12
9.961529e+01  6.849632e-12
9.961529e+01  6.849632e-12
9.961529e+01  6.849632e-12
9.961529e+01  6.849632e-12
9.961529e+01  6.849632e-12
9.961529e+01  6.849632e-12
9.961529e+01  6.849632e-12
9.961529e+01  6.849632e-12
9.961529e+01  6.849632e-12
9.961529e+01  6.849632e-12
9.961529e+01  6.849632e-12
9.961529e+01  6.849632e-12
9.961529e+01  6.849632e-12
9.961529e+01  6.849632e-12
9.961529e+01  6.849632e-12
9.961529e+01  6.849632e-12
9.961529e+01  6.849632e-12
9.961529e+01  6.849632e-12
9.961529e+01  6.849632e-12
9.961529e+01  6.849632e-12
9.961529e+01  6.849632e-12
9.961529e+01  6.849632e-12
9.961529e+01  6.849632e-12
9.961529e+01  6.849632e-12
9.961529e+01  6.849632e-12
9.961529e+01  6.849632e-12
9.961529e+01  6.849632e-12
9.961529e+01  6.849632e-12
9.961529e+01  6.849632e-12
9.961529e+01  6.849632e-12
9.961529e+01  6.849632e-12
9.961529e+01  6.849632e-12
9.961529e+01  6.849632e-12
9.961529e+01  6.849632e-12
9.961529e+01  6.849632e-12
9.961529e+01  6.849632e-12
9.961529e+01  6.849632e-12
9.961529e+01  6.849632e-12
9.961529e+01  6.849632e-12
9.961529e+01  6.849632e-12
9.961529e+01  6.849632e-12
9.961529e+01  6.849632e-12
9.961529e+01  6.849632e-12
9.961529e+01  6.849632e-12
9.961529e+01  6.849632e-12
9.961529e+01  6.849632e-12
9.961529e+01  6.849632e-12
9.961529e+01  6.849632e-12
9.961529e+01  6.849632e-12
9.961529e+01  6.849632e-12
9.961529e+01  6.849632e-12
9.961529e+01  6.849632e-12
9.961529e+01  6.849632e-12
9.961529e+01  6.849632e-12
9.961529e+01  6.849632e-12
9.961529e+01  6.849632e-12
9.961529e+01  6.849632e-12
9.961529e+01  6.849632e-12
9.961529e+01  6.849632e-12
9.961529e+01  6.849632e-12
9.961529e+01  6.849632e-12
9.961529e+01  6.849632e-12
9.961529e+01  6.849632e-12
9.961529e+01  6.849632e-12
9.961529e+01  6.849632e-12
9.961529e+01  6.849632e-12
9.961529e+01  6.849632e-12
9.961529e+01  6.849632e-12
9.961529e+01  6.849632e-12
9.961529e+01  6.849632e-12
9.961529e+01  6.849632e-12
9.961529e+01  6.849632e-12
9.961529e+01  6.849632e-12
9.961529e+01  6.849632e-12
9.961529e+01  6.849632e-12
9.961529e+01  6.849632e-12
9.961529e+01  6.849632e-12
9.961529e+01  6.849632e-12
9.961529e+01  6.849632e-12
9.961529e+01  6.849632e-12
9.961529e+01  6.849632e-12
9.961529e+01  6.849632e-12
9.961529e+01  6.849632e-12
9.961529e+01  6.849632e-12
9.961529e+01  6.849632e-12
9.961529e+01  6.849632e-12
9.961529e+01  6.849632e-12
9.961529e+01  6.849632e-12
9.961529e+01  6.849632e-12
9.961529e+01  6.849632e-12
9.961529e+01  6.849632e-12
9.961529e+01  6.849632e-12
9.961529e+01  6.849632e-12
9.961529e+01  6.849632e-12
9.961529e+01  6.849632e-12
9.961529e+01  6.849632e-12
9.961529e+01  6.849632e-12
9.961529e+01  6.849632e-12
9.961529e+01  6.849632e-12
9.961529e+01  6.849632e-12
9.961529e+01  6.849632e-12
9.961529e+01  6.849632e-12
9.961529e+01  6.849632e-12
9.961529e+01  6.849632e-12
9.961529e+01  6.849632e-12
9.961529e+01  6.849632e-12
9.961529e+01  6.849632e-12
9.961529e+01  6.849632e-12
9.961529e+01  6.849632e-12
9.961529e+01  6.849632e-12
9.961529e+01  6.849632e-12
9.961529e+01  6.849632e-12
9.961529e+01  6.849632e-12
9.961529e+01  6.849632e-12
9.961529e+01  6.849632e-12
9.961529e+01  6.849632e-12
9.961529e+01  6.849632e-12
9.961529e+01  6.849632e-12
9.961529e+01  6.849632e-12
9.961529e+01  6.849632e-12
9.961529e+01  6.849632e-12
9.961529e+01  6.849632e-12
9.961529e+01  6.849632e-12
9.961529e+01  6.849632e-12
9.961529e+01  6.849632e-12
9.961529e+01  6.849632e-12
9.961529e+01  6.849632e-12
9.961529e+01  6.849632e-12
9.961529e+01  6.849632e-12
9.961529e+01  6.849632e-12
9.961529e+01  6.849632e-12
9.961529e+01  6.849632e-12
9.961529e+01  6.849632e-12
9.961529e+01  6.849632e-12
9.961529e+01  6.849632e-12
9.961529e+01  6.849632e-12
9.961529e+01  6.849632e-12
9.961529e+01  6.849632e-12
9.961529e+01  6.849632e-12
9.961529e+01  6.849632e-12
9.961529e+01  6.849632e-12
9.961529e+01  6.849632e-12
9.961529e+01  6.849632e-12
9.961529e+01  6.849632e-12
9.961529e+01  6.849632e-12
9.961529e+01  6.849632e-12
9.961529e+01  6.849632e-12
9.961529e+01  6.849632e-12
9.961529e+01  6.849632e-12
9.961529e+01  6.849632e-12
9.961529e+01  6.849632e-12
9.961529e+01  6.849632e-12
9.961529e+01  6.849632e-12
9.961529e+01  6.849632e-12
9.961529e+01  6.849632e-12
9.961529e+01  6.849632e-12
9.961529e+01  6.849632e-12
9.961529e+01  6.849632e-12
9.961529e+01  6.849632e-12
9.961529e+01  6.849632e-12
9.961529e+01  6.849632e-12
9.961529e+01  6.849632e-12
9.961529e+01  6.849632e-12
9.961529e+01  6.849632e-12
9.961529e+01  6.849632e-12
9.961529e+01  6.849632e-12
9.961529e+01  6.849632e-12
9.961529e+01  6.849632e-12
9.961529e+01  6.849632e-12
9.961529e+01  6.849632e-12
9.961529e+01  6.849632e-12
9.961529e+01  6.849632e-12
9.961529e+01  6.849632e-12
9.961529e+01  6.849632e-12
9.961529e+01  6.849632e-12
9.961529e+01  6.849632e-12
9.961529e+01  6.849632e-12
9.961529e+01  6.849632e-12
9.961529e+01  6.849632e-12
9.961529e+01  6.849632e-12
9.961529e+01  6.849632e-12
9.961529e+01  6.849632e-12
9.961529e+01  6.849632e-12
9.961529e+01  6.849632e-12
9.961529e+01  6.849632e-12
9.961529e+01  6.849632e-12
9.961529e+01  6.849632e-12
9.961529e+01  6.849632e-12
9.961529e+01  6.849632e-12
9.961529e+01  6.849632e-12
9.961529e+01  6.849632e-12
9.961529e+01  6.849632e-12
9.961529e+01  6.849632e-12
9.961529e+01  6.849632e-12
9.961529e+01  6.849632e-12
9.961529e+01  6.849632e-12
9.961529e+01  6.849632e-12
9.961529e+01  6.849632e-12
9.961529e+01  6.849632e-12
9.961529e+01  6.849632e-12
9.961529e+01  6.849632e-12
9.961529e+01  6.849632e-12
9.961529e+01  6.849632e-12
9.961529e+01  6.849632e-12
9.961529e+01  6.849632e-12
9.961529e+01  6.849632e-12
9.961529e+01  6.849632e-12
9.961529e+01  6.849632e-12
9.961529e+01  6.849632e-12
9.961529e+01  6.849632e-12
9.961529e+01  6.849632e-12
9.961529e+01  6.849632e-12
9.961529e+01  6.849632e-12
9.961529e+01  6.849632e-12
9.961529e+01  6.849632e-12
9.961529e+01  6.849632e-12
9.961529e+01  6.849632e-12
9.961529e+01  6.849632e-12
9.961529e+01  6.849632e-12
9.961529e+01  6.849632e-12
9.961529e+01  6.849632e-12
9.961529e+01  6.849632e-12
9.961529e+01  6.849632e-12
9.961529e+01  6.849632e-12
9.961529e+01  6.849632e-12
9.961529e+01  6.849632e-12
9.961529e+01  6.849632e-12
9.961529e+01  6.849632e-12
9.961529e+01  6.849632e-12
9.961529e+01  6.849632e-12
9.961529e+01  6.849632e-12
9.961529e+01  6.849632e-12
9.961529e+01  6.849632e-12
9.961529e+01  6.849632e-12
9.961529e+01  6.849632e-12
9.961529e+01  6.849632e-12
9.961529e+01  6.849632e-12
9.961529e+01  6.849632e-12
9.961529e+01  6.849632e-12
9.961529e+01  6.849632e-12
9.961529e+01  6.849632e-12
9.961529e+01  6.849632e-12
9.961529e+01  6.849632e-12
9.961529e+01  6.849632e-12
9.961529e+01  6.849632e-12
9.961529e+01  6.849632e-12
9.961529e+01  6.849632e-12
9.961529e+01  6.849632e-12
9.961529e+01  6.849632e-12
9.961529e+01  6.849632e-12
9.961529e+01  6.849632e-12
9.961529e+01  6.849632e-12
9.961529e+01  6.849632e-12
9.961529e+01  6.849632e-12
9.961529e+01  6.849632e-12
9.961529e+01  6.849632e-12
9.961529e+01  6.849632e-12
9.961529e+01  6.849632e-12
9.961529e+01  6.849632e-12
9.961529e+01  6.849632e-12
9.961529e+01  6.849632e-12
9.961529e+01  6.849632e-12
9.961529e+01  6.849632e-12
9.961529e+01  6.849632e-12
9.961529e+01  6.849632e-12
9.961529e+01  6.849632e-12
9.961529e+01  6.849632e-12
9.961529e+01  6.849632e-12
9.961529e+01  6.849632e-12
9.961529e+01  6.849632e-12
9.961529e+01  6.849632e-12
9.961529e+01  6.849632e-12
9.961529e+01  6.849632e-12
9.961529e+01  6.849632e-12
9.961529e+01  6.849632e-12
9.961529e+01  6.849632e-12
9.961529e+01  6.849632e-12
9.961529e+01  6.849632e-12
9.961529e+01  6.849632e-12
9.961529e+01  6.849632e-12
9.961529e+01  6.849632e-12
9.961529e+01  6.849632e-12
9.961529e+01  6.849632e-12
9.961529e+01  6.849632e-12
9.961529e+01  6.849632e-12
9.961529e+01  6.849632e-12
9.961529e+01  6.849632e-12
9.961529e+01  6.849632e-12
9.961529e+01  6.849632e-12
9.961529e+01  6.849632e-12
9.961529e+01  6.849632e-12
9.961529e+01  6.849632e-12
9.961529e+01  6.849632e-12
9.961519e+01  6.757171e-03
9.951952e+01  1.918356e-01
9.897953e+01  3.480627e-01
9.858101e+01  2.870593e-12
9.858101e+01  2.870593e-12
9.858101e+01  2.870593e-12
9.858101e+01  2.870593e-12
9.858101e+01  2.870593e-12
9.858101e+01  2.870593e-12
9.858101e+01  2.870593e-12
9.858101e+01  2.870593e-12
9.858101e+01  2.870593e-12
9.858101e+01  2.870593e-12
9.858101e+01  2.870593e-12
9.858101e+01  2.870593e-12
9.858101e+01  2.870593e-12
9.858101e+01  2.870593e-12
9.858101e+01  2.870593e-12
9.858101e+01  2.870593e-12
9.858101e+01  2.870593e-12
9.858101e+01  2.870593e-12
9.858101e+01  2.870593e-12
9.858101e+01  2.870593e-12
9.858101e+01  2.870593e-12
9.858101e+01  2.870593e-12
9.858101e+01  2.870593e-12
9.858101e+01  2.870593e-12
9.858101e+01  2.870593e-12
9.858101e+01  2.870593e-12
9.858101e+01  2.870593e-12
9.858101e+01  2.870593e-12
9.858101e+01  2.870593e-12
9.858101e+01  2.870593e-12
9.858101e+01  2.870593e-12
9.858101e+01  2.870593e-12
9.858101e+01  2.870593e-12
9.858101e+01  2.870593e-12
9.858101e+01  2.870593e-12
9.858101e+01  2.870593e-12
9.858101e+01  2.870593e-12
9.858101e+01  2.870593e-12
9.858101e+01  2.870593e-12
9.858101e+01  2.870593e-12
9.858101e+01  2.870593e-12
9.858101e+01  2.870593e-12
9.858101e+01  2.870593e-12
9.858101e+01  2.870593e-12
9.858101e+01  2.870593e-12
9.858101e+01  2.870593e-12
9.858101e+01  2.870593e-12
9.858101e+01  2.870593e-12
9.858101e+01  2.870593e-12
9.858101e+01  2.870593e-12
9.858101e+01  2.870593e-12
9.858101e+01  2.870593e-12
9.858101e+01  2.870593e-12
9.858101e+01  2.870593e-12
9.858101e+01  2.870593e-12
9.858101e+01  2.870593e-12
9.858101e+01  2.870593e-12
9.858101e+01  2.870593e-12
9.858101e+01  2.870593e-12
9.858101e+01  2.870593e-12
9.858101e+01  2.870593e-12
9.858101e+01  2.870593e-12
9.858101e+01  2.870593e-12
9.858101e+01  2.870593e-12
9.858101e+01  2.870593e-12
9.858101e+01  2.870593e-12
9.858101e+01  2.870593e-12
9.858101e+01  2.870593e-12
9.858101e+01  2.870593e-12
9.858101e+01  2.870593e-12
9.858101e+01  2.870593e-12
9.858101e+01  2.870593e-12
9.858101e+01  2.870593e-12
9.858101e+01  2.870593e-12
9.858101e+01  2.870593e-12
9.858101e+01  2.870593e-12
9.858101e+01  2.870593e-12
9.858101e+01  2.870593e-12
9.858101e+01  2.870593e-12
9.858101e+01  2.870593e-12
9.858101e+01  2.870593e-12
9.858101e+01  2.870593e-12
9.858101e+01  2.870593e-12
9.858101e+01  2.870593e-12
9.858101e+01  2.870599e-12
9.858101e+01  2.877243e-12
9.858101e+01  2.899014e-12
9.858101e+01  2.899014e-12
9.858101e+01  2.899014e-12
9.858101e+01  2.899014e-12
9.858101e+01  2.899014e-12
9.858101e+01  2.899014e-12
9.858101e+01  2.899014e-12
9.858101e+01  2.899014e-12
9.858101e+01  2.899014e-12
9.858101e+01  2.899014e-12
9.858101e+01  2.899014e-12
9.858101e+01  2.899014e-12
9.858101e+01  2.899014e-12
9.858101e+01  2.899014e-12
9.858101e+01  2.899014e-12
9.858101e+01  2.899014e-12
9.858101e+01  2.899014e-12
9.858101e+01  2.899014e-12
9.858101e+01  2.899014e-12
9.858101e+01  2.899014e-12
9.858101e+01  2.899014e-12
9.858101e+01  2.899014e-12
9.858101e+01  2.899014e-12
9.858101e+01  2.899014e-12
9.858101e+01  2.899014e-12
9.858101e+01  2.899014e-12
9.858101e+01  2.899014e-12
9.858101e+01  2.899014e-12
9.858101e+01  2.899014e-12
9.858101e+01  2.899014e-12
9.858101e+01  2.899014e-12
9.858101e+01  2.899014e-12
9.858101e+01  2.899014e-12
9.858101e+01  2.899014e-12
9.858101e+01  2.899014e-12
9.858101e+01  2.899014e-12
9.858101e+01  2.899014e-12
9.858101e+01  2.899014e-12
9.858101e+01  2.899014e-12
9.858101e+01  2.899014e-12
9.858101e+01  2.899014e-12
9.858101e+01  2.899014e-12
9.858101e+01  2.899014e-12
9.858101e+01  2.899014e-12
9.858101e+01  2.899014e-12
9.858101e+01  2.899014e-12
9.858101e+01  2.899014e-12
9.858101e+01  2.899014e-12
9.858101e+01  2.899014e-12
9.858101e+01  2.899014e-12
9.858101e+01  2.899014e-12
9.858101e+01  2.899014e-12
9.858101e+01  2.899014e-12
9.858101e+01  2.899014e-12
9.858101e+01  2.899014e-12
9.858101e+01  2.899014e-12
9.858101e+01  2.899014e-12
9.858101e+01  2.899014e-12
9.858101e+01  2.899014e-12
9.858101e+01  2.899014e-12
9.858101e+01  2.899014e-12
9.858101e+01  2.899014e-12
9.858101e+01  2.899014e-12
9.858101e+01  2.899014e-12
9.858101e+01  2.899014e-12
9.858101e+01  2.899014e-12
9.858101e+01  2.899014e-12
9.858101e+01  2.899014e-12
9.858101e+01  2.899014e-12
9.858101e+01  2.899014e-12
9.858101e+01  2.899014e-12
9.858101e+01  2.899014e-12
9.858101e+01  2.899014e-12
9.858101e+01  2.899014e-12
9.858101e+01  2.899014e-12
9.858101e+01  2.899014e-12
9.858101e+01  2.899014e-12
9.858101e+01  2.899014e-12
9.858101e+01  2.899014e-12
9.858101e+01  2.899014e-12
9.858101e+01  2.899014e-12
9.858101e+01  2.899014e-12
9.858101e+01  2.899014e-12
9.858101e+01  2.899014e-12
9.858101e+01  2.899014e-12
9.858101e+01  2.899014e-12
9.858101e+01  2.899014e-12
9.858101e+01  2.899014e-12
9.858101e+01  2.899014e-12
9.858101e+01  2.899014e-12
9.858101e+01  2.899014e-12
9.858101e+01  2.899014e-12
9.858101e+01  2.899014e-12
9.858101e+01  2.899014e-12
9.858101e+01  2.899014e-12
9.858101e+01  2.899014e-12
9.858101e+01  2.899014e-12
9.858101e+01  2.899014e-12
9.858101e+01  2.899014e-12
9.858101e+01  2.899014e-12
9.858101e+01  2.899014e-12
9.858101e+01  2.899014e-12
9.858101e+01  2.899014e-12
9.858101e+01  2.899014e-12
9.858101e+01  2.899014e-12
9.858101e+01  2.899014e-12
9.858101e+01  2.899014e-12
9.858101e+01  2.899014e-12
9.858101e+01  2.899014e-12
9.858101e+01  2.899014e-12
9.858101e+01  2.899014e-12
9.858101e+01  2.899014e-12
9.858101e+01  2.899014e-12
9.858101e+01  2.899014e-12
9.858101e+01  2.899014e-12
9.858101e+01  2.899014e-12
9.858101e+01  2.899014e-12
9.858101e+01  2.899014e-12
9.858101e+01  2.899014e-12
9.858101e+01  2.899014e-12
9.858101e+01  2.899014e-12
9.858101e+01  2.899014e-12
9.858101e+01  2.899014e-12
9.858101e+01  2.899014e-12
9.858101e+01  2.899014e-12
9.858101e+01  2.899014e-12
9.858101e+01  2.899014e-12
9.858101e+01  2.899014e-12
9.858101e+01  2.899014e-12
9.858101e+01  2.899014e-12
9.858101e+01  2.899014e-12
9.858101e+01  2.899014e-12
9.858101e+01  2.899014e-12
9.858101e+01  2.899014e-12
9.858101e+01  2.899014e-12
9.858101e+01  2.899014e-12
9.858101e+01  2.899014e-12
9.858101e+01  2.899014e-12
9.858101e+01  2.899014e-12
9.858101e+01  2.899014e-12
9.858101e+01  2.899014e-12
9.858101e+01  2.899014e-12
9.858101e+01  2.899014e-12
9.858101e+01  2.899014e-12
9.858101e+01  2.899014e-12
9.858101e+01  2.899014e-12
9.858101e+01  2.899014e-12
9.858101e+01  2.899014e-12
9.858101e+01  2.899014e-12
9.858101e+01  2.899014e-12
9.858101e+01  2.899014e-12
9.858101e+01  2.899014e-12
9.858101e+01  2.899014e-12
9.858101e+01  2.899014e-12
9.858101e+01  2.899014e-12
9.858101e+01  2.899014e-12
9.858101e+01  2.899014e-12
9.858101e+01  2.899014e-12
9.858101e+01  2.899014e-12
9.858101e+01  2.899014e-12
9.858101e+01  2.899014e-12
9.858101e+01  2.899014e-12
9.858101e+01  2.899014e-12
9.858101e+01  2.899014e-12
9.858101e+01  2.899014e-12
9.858101e+01  2.899014e-12
9.858101e+01  2.899014e-12
9.858101e+01  2.899014e-12
9.858101e+01  2.899014e-12
9.858101e+01  2.899014e-12
9.858101e+01  2.899014e-12
9.858101e+01  2.899014e-12
9.858101e+01  2.899014e-12
9.858101e+01  2.899014e-12
9.858101e+01  2.899014e-12
9.858101e+01  2.899014e-12
9.858101e+01  2.899014e-12
9.858101e+01  2.899014e-12
9.858101e+01  2.899014e-12
9.858101e+01  2.899014e-12
9.858101e+01  2.899014e-12
9.858101e+01  2.899014e-12
9.858101e+01  2.899014e-12
9.858101e+01  2.899014e-12
9.858101e+01  2.899014e-12
9.858101e+01  2.899014e-12
9.858101e+01  2.899014e-12
9.858101e+01  2.899014e-12
9.858101e+01  2.899014e-12
9.858101e+01  2.899014e-12
9.858101e+01  2.899014e-12
9.858101e+01  2.899014e-12
9.858101e+01  2.899014e-12
9.858101e+01  2.899014e-12
9.858101e+01  1.478992e-05
9.858081e+01  4.019351e-04
9.858004e+01  2.973822e-03
9.853233e+01  8.509537e-02
9.835153e+01  3.737480e-02
9.830443e+01  3.382183e-12
9.830443e+01  3.382183e-12
9.830443e+01  3.382183e-12
9.830443e+01  3.382183e-12
9.830443e+01  3.382183e-12
9.830443e+01  3.382183e-12
9.830443e+01  3.382183e-12
9.830443e+01  3.382183e-12
9.830443e+01  3.382183e-12
9.830443e+01  3.382183e-12
9.830443e+01  3.382183e-12
9.830443e+01  3.382183e-12
9.830443e+01  3.382183e-12
9.830443e+01  3.382183e-12
9.830443e+01  3.382183e-12
9.830443e+01  3.382183e-12
9.830443e+01  3.382183e-12
9.830443e+01  3.382183e-12
9.830443e+01  3.382183e-12
9.830443e+01  3.382183e-12
9.830443e+01  3.382183e-12
9.830443e+01  3.382183e-12
9.830443e+01  3.382183e-12
9.830443e+01  3.382183e-12
9.830443e+01  3.382183e-12
9.830436e+01  4.946305e-03
9.822855e+01  1.393663e-01
9.797259e+01  8.157031e-12
9.797259e+01  8.157031e-12
9.797259e+01  8.157031e-12
9.797259e+01  8.157031e-12
9.797259e+01  8.157031e-12
9.797259e+01  8.157031e-12
9.797259e+01  8.157031e-12
9.797259e+01  8.157031e-12
9.797259e+01  8.157031e-12
9.797259e+01  8.157031e-12
9.797259e+01  8.157031e-12
9.797259e+01  8.157031e-12
9.797259e+01  8.157031e-12
9.797259e+01  8.157031e-12
9.797259e+01  8.157031e-12
9.797259e+01  8.157031e-12
9.797259e+01  8.157031e-12
9.797259e+01  8.157031e-12
9.797259e+01  8.157031e-12
9.797259e+01  8.157031e-12
9.797259e+01  8.157031e-12
9.797259e+01  8.157031e-12
9.797259e+01  8.157031e-12
9.797244e+01  1.020890e-02
9.781500e+01  2.882285e-01
9.728768e+01  4.860112e-12
9.728768e+01  4.860112e-12
9.728768e+01  4.860112e-12
9.728768e+01  4.860112e-12
9.728768e+01  4.860112e-12
9.728768e+01  4.860112e-12
9.728768e+01  4.860112e-12
9.728768e+01  4.860112e-12
9.728768e+01  4.860112e-12
9.728768e+01  4.860112e-12
9.728768e+01  4.860112e-12
9.728768e+01  4.860112e-12
9.728768e+01  4.860112e-12
9.728768e+01  4.860112e-12
9.728768e+01  4.860112e-12
9.728768e+01  4.860112e-12
9.728768e+01  4.860112e-12
9.728768e+01  4.860112e-12
9.728768e+01  4.860112e-12
9.728768e+01  4.860112e-12
9.728768e+01  4.860112e-12
9.728768e+01  4.860112e-12
9.728768e+01  4.860112e-12
9.728768e+01  4.860112e-12
9.728768e+01  4.860112e-12
9.728768e+01  4.860112e-12
9.728768e+01  4.860112e-12
9.728768e+01  4.860112e-12
9.728768e+01  4.860112e-12
9.728768e+01  4.860112e-12
9.728768e+01  4.860112e-12
9.728768e+01  4.860112e-12
9.728768e+01  4.860112e-12
9.728768e+01  4.860112e-12
9.728768e+01  4.860112e-12
9.728768e+01  4.860112e-12
9.728768e+01  4.860112e-12
9.728768e+01  4.860112e-12
9.728768e+01  4.860112e-12
9.728768e+01  4.860112e-12
9.728768e+01  4.860112e-12
9.728768e+01  4.860112e-12
9.728768e+01  4.860112e-12
9.728768e+01  4.860112e-12
9.728768e+01  4.860112e-12
9.728768e+01  4.860112e-12
9.728768e+01  4.860112e-12
9.728768e+01  4.860112e-12
9.728768e+01  4.860112e-12
9.728768e+01  4.860112e-12
9.728768e+01  4.860112e-12
9.728768e+01  4.860112e-12
9.728768e+01  4.860112e-12
9.728768e+01  4.860112e-12
9.728768e+01  4.860112e-12
9.728768e+01  4.860112e-12
9.728768e+01  4.860112e-12
9.728768e+01  4.860112e-12
9.728768e+01  4.860112e-12
9.728768e+01  4.860112e-12
9.728768e+01  4.860112e-12
9.728768e+01  4.860112e-12
9.728768e+01  4.860112e-12
9.728768e+01  4.860112e-12
9.728768e+01  4.860112e-12
9.728768e+01  4.860112e-12
9.728768e+01  4.860112e-12
9.728768e+01  4.860112e-12
9.728768e+01  4.860112e-12
9.728768e+01  4.860112e-12
9.728768e+01  4.860112e-12
9.728768e+01  4.860112e-12
9.728768e+01  4.860112e-12
9.728768e+01  4.860112e-12
9.728768e+01  4.860112e-12
9.728768e+01  4.860112e-12
9.728768e+01  4.860112e-12
9.728768e+01  4.860112e-12
9.728768e+01  4.860112e-12
9.728768e+01  4.860112e-12
9.728768e+01  4.860112e-12
9.728768e+01  4.860112e-12
9.728768e+01  4.860112e-12
9.728768e+01  4.860112e-12
9.728768e+01  4.860112e-12
9.728768e+01  4.860112e-12
9.728768e+01  4.860112e-12
9.728768e+01  4.860112e-12
9.728768e+01  4.860112e-12
9.728768e+01  4.860112e-12
9.728768e+01  4.860112e-12
9.728768e+01  4.860112e-12
9.728768e+01  4.860112e-12
9.728768e+01  4.860112e-12
9.728768e+01  4.860112e-12
9.728768e+01  4.860112e-12
9.728768e+01  4.860112e-12
9.728768e+01  4.860112e-12
9.728768e+01  4.860112e-12
9.728768e+01  4.860112e-12
9.728768e+01  4.860112e-12
9.728768e+01  4.860112e-12
9.728768e+01  4.860112e-12
9.728768e+01  4.860112e-12
9.728768e+01  4.860112e-12
9.728768e+01  4.860112e-12
9.728768e+01  4.860112e-12
9.728768e+01  4.860112e-12
9.728768e+01  4.860112e-12
9.728768e+01  4.860112e-12
9.728768e+01  4.860112e-12
9.728768e+01  4.860112e-12
9.728768e+01  4.860112e-12
9.728768e+01  4.860112e-12
9.728768e+01  4.860112e-12
9.728768e+01  4.860112e-12
9.728768e+01  4.860112e-12
9.728768e+01  4.860112e-12
9.728768e+01  4.860112e-12
9.728768e+01  4.860112e-12
9.728768e+01  4.860112e-12
9.728768e+01  4.860112e-12
9.728768e+01  4.860112e-12
9.728768e+01  4.860112e-12
9.728768e+01  4.860112e-12
9.728768e+01  4.860112e-12
9.728768e+01  4.860112e-12
9.728768e+01  4.860112e-12
9.728768e+01  4.860112e-12
9.728768e+01  4.860112e-12
9.728768e+01  4.860112e-12
9.728768e+01  4.860112e-12
9.728768e+01  4.860112e-12
9.728768e+01  4.860112e-12
9.728768e+01  4.860112e-12
9.728768e+01  4.860112e-12
9.728768e+01  4.860112e-12
9.728768e+01  4.860112e-12
9.728768e+01  4.860112e-12
9.728768e+01  4.860112e-12
9.728768e+01  4.860112e-12
9.728768e+01  4.860112e-12
9.728768e+01  4.860112e-12
9.728768e+01  4.860112e-12
9.728768e+01  4.860112e-12
9.728768e+01  4.860112e-12
9.728768e+01  4.860112e-12
9.728768e+01  4.860112e-12
9.728768e+01  4.860112e-12
9.728768e+01  4.860112e-12
9.728768e+01  4.860112e-12
9.728768e+01  4.860112e-12
9.728768e+01  4.860112e-12
9.728768e+01  4.860112e-12
9.728768e+01  4.860112e-12
9.728768e+01  4.860112e-12
9.728768e+01  4.860112e-12
9.728768e+01  4.860112e-12
9.728768e+01  4.860112e-12
9.728768e+01  4.860112e-12
9.728768e+01  4.860112e-12
9.728768e+01  4.860112e-12
9.728768e+01  4.860112e-12
9.728768e+01  4.860112e-12
9.728768e+01  4.860112e-12
9.728768e+01  4.860112e-12
9.728768e+01  4.860112e-12
9.728768e+01  4.860112e-12
9.728768e+01  4.860112e-12
9.728768e+01  4.860112e-12
9.728768e+01  4.860112e-12
9.728768e+01  4.860112e-12
9.728768e+01  4.860112e-12
9.728768e+01  4.860112e-12
9.728768e+01  4.860112e-12
9.728768e+01  4.860112e-12
9.728768e+01  4.860112e-12
9.728768e+01  4.860112e-12
9.728768e+01  4.860112e-12
9.728768e+01  4.860112e-12
9.728768e+01  4.860112e-12
9.728768e+01  4.860112e-12
9.728768e+01  4.860112e-12
9.728768e+01  4.860112e-12
9.728768e+01  4.860112e-12
9.728768e+01  4.860112e-12
9.728768e+01  4.860112e-12
9.728768e+01  4.860112e-12
9.728768e+01  4.860112e-12
9.728768e+01  4.860112e-12
9.728768e+01  4.860112e-12
9.728768e+01  4.860112e-12
9.728768e+01  4.860112e-12
9.728768e+01  4.860112e-12
9.728768e+01  4.860112e-12
9.728768e+01  4.860112e-12
9.728768e+01  4.860112e-12
9.728768e+01  4.860112e-12
9.728768e+01  4.860112e-12
9.728768e+01  4.860112e-12
9.728768e+01  4.860112e-12
9.728768e+01  4.860112e-12
9.728768e+01  4.860112e-12
9.728768e+01  4.860112e-12
9.728768e+01  4.860112e-12
9.728768e+01  4.860112e-12
9.728768e+01  4.860112e-12
9.728768e+01  4.860112e-12
9.728768e+01  4.860112e-12
9.728768e+01  4.860112e-12
9.728768e+01  4.860112e-12
9.728768e+01  4.860112e-12
9.728768e+01  4.860112e-12
9.728768e+01  4.860112e-12
9.728768e+01  4.860112e-12
9.728768e+01  4.860112e-12
9.728768e+01  4.860112e-12
9.728768e+01  4.860112e-12
9.728768e+01  4.860112e-12
9.728768e+01  4.860112e-12
9.728768e+01  4.860112e-12
9.728768e+01  4.860112e-12
9.728768e+01  4.860112e-12
9.728768e+01  4.860112e-12
9.728768e+01  4.860112e-12
9.728768e+01  4.860112e-12
9.728768e+01  4.860112e-12
9.728768e+01  4.860112e-12
9.728768e+01  4.860112e-12
9.728768e+01  4.860112e-12
9.728768e+01  4.860112e-12
9.728768e+01  4.860112e-12
9.728768e+01  4.860112e-12
9.728768e+01  4.860112e-12
9.728768e+01  4.860112e-12
9.728768e+01  4.860112e-12
9.728768e+01  4.860112e-12
9.728768e+01  4.860112e-12
9.728768e+01  4.860112e-12
9.728768e+01  4.860112e-12
9.728768e+01  4.860112e-12
9.728768e+01  4.860112e-12
9.728768e+01  4.860112e-12
9.728768e+01  4.860112e-12
9.728768e+01  4.860112e-12
9.728768e+01  4.860112e-12
9.728768e+01  4.860112e-12
9.728768e+01  4.860112e-12
9.728768e+01  4.860112e-12
9.728768e+01  4.860112e-12
9.728768e+01  4.860112e-12
9.728768e+01  4.860112e-12
9.728768e+01  4.860112e-12
9.728768e+01  4.860112e-12
9.728768e+01  4.860112e-12
9.728768e+01  4.860112e-12
9.728768e+01  4.860112e-12
9.728768e+01  4.860112e-12
9.728768e+01  4.860112e-12
9.728768e+01  4.860112e-12
9.728768e+01  4.860112e-12
9.728768e+01  4.860112e-12
9.728768e+01  4.860112e-12
9.728768e+01  4.860112e-12
9.728768e+01  4.860112e-12
9.728768e+01  4.860112e-12
9.728768e+01  4.860112e-12
9.728768e+01  4.860112e-12
9.728768e+01  4.860112e-12
9.728768e+01  4.860112e-12
9.728768e+01  4.860112e-12
9.728768e+01  4.860112e-12
9.728768e+01  4.860112e-12
9.728768e+01  4.860112e-12
9.728768e+01  4.860112e-12
9.728768e+01  4.860112e-12
9.728768e+01  4.860112e-12
9.728768e+01  4.860112e-12
9.728768e+01  4.860112e-12
9.728768e+01  4.860112e-12
9.728768e+01  4.860112e-12
9.728768e+01  4.860112e-12
9.728768e+01  4.860112e-12
9.728768e+01  4.860112e-12
9.728768e+01  4.860112e-12
9.728768e+01  4.860112e-12
9.728768e+01  4.860112e-12
9.728768e+01  4.860112e-12
9.728768e+01  4.860112e-12
9.728768e+01  4.860112e-12
9.728768e+01  4.860112e-12
9.728768e+01  4.860112e-12
9.728768e+01  4.860112e-12
9.728768e+01  4.860112e-12
9.728768e+01  4.860112e-12
9.728768e+01  4.860112e-12
9.728768e+01  4.860112e-12
9.728768e+01  4.860112e-12
9.728768e+01  4.860112e-12
9.728768e+01  4.860112e-12
9.728768e+01  4.860112e-12
9.728768e+01  4.860112e-12
9.728768e+01  4.860112e-12
9.728768e+01  4.860112e-12
9.728768e+01  4.860112e-12
9.728768e+01  4.860112e-12
9.728768e+01  4.860112e-12
9.728768e+01  4.860112e-12
9.728768e+01  4.860112e-12
9.728768e+01  4.860112e-12
9.728768e+01  4.860112e-12
9.728768e+01  4.860112e-12
9.728768e+01  4.860112e-12
9.728768e+01  4.860112e-12
9.728768e+01  4.860112e-12
9.728768e+01  4.860112e-12
9.728768e+01  4.860112e-12
9.728768e+01  4.860112e-12
9.728768e+01  4.860112e-12
9.728768e+01  4.860112e-12
9.728768e+01  4.860112e-12
9.728768e+01  4.860112e-12
9.728768e+01  4.860112e-12
9.728768e+01  4.860112e-12
9.728768e+01  4.860112e-12
9.728768e+01  4.860112e-12
9.728768e+01  4.860112e-12
9.728768e+01  4.860112e-12
9.728768e+01  4.860112e-12
9.728768e+01  4.860112e-12
9.728768e+01  4.860112e-12
9.728768e+01  4.860112e-12
9.728768e+01  4.860112e-12
9.728768e+01  4.860112e-12
9.728768e+01  4.860112e-12
9.728768e+01  4.860112e-12
9.728768e+01  4.860112e-12
9.728768e+01  4.860112e-12
9.728768e+01  4.860112e-12
9.728768e+01  4.860112e-12
9.728768e+01  4.860112e-12
9.728768e+01  4.860112e-12
9.728768e+01  4.860112e-12
9.728768e+01  4.860112e-12
9.728768e+01  4.860112e-12
9.728768e+01  4.860112e-12
9.728768e+01  4.860112e-12
9.728768e+01  4.860112e-12
9.728768e+01  4.860112e-12
9.728768e+01  4.860112e-12
9.728768e+01  4.860112e-12
9.728768e+01  4.860112e-12
9.728768e+01  4.860112e-12
9.728768e+01  4.860112e-12
9.728768e+01  4.860112e-12
9.728768e+01  4.860112e-12
9.728768e+01  4.860112e-12
9.728768e+01  4.860112e-12
9.728768e+01  4.860112e-12
9.728768e+01  4.860112e-12
9.728768e+01  4.860112e-12
9.728768e+01  4.860112e-12
9.728768e+01  4.860112e-12
9.728768e+01  4.860112e-12
9.728768e+01  4.860112e-12
9.728768e+01  4.860112e-12
9.728768e+01  4.860112e-12
9.728768e+01  4.860112e-12
9.728768e+01  4.860112e-12
9.728768e+01  4.860112e-12
9.728768e+01  4.860112e-12
9.728768e+01  4.860112e-12
9.728768e+01  4.860112e-12
9.728768e+01  4.860112e-12
9.728768e+01  4.860112e-12
9.728768e+01  4.860112e-12
9.728768e+01  4.860112e-12
9.728768e+01  4.860112e-12
9.728768e+01  4.860112e-12
9.728768e+01  4.860112e-12
9.728768e+01  4.860112e-12
9.728768e+01  4.860112e-12
9.728768e+01  4.860112e-12
9.728768e+01  4.860112e-12
9.728768e+01  4.860112e-12
9.728768e+01  4.860112e-12
9.728768e+01  4.860112e-12
9.728768e+01  4.860112e-12
9.728768e+01  4.860112e-12
9.728768e+01  4.860112e-12
9.728768e+01  4.860112e-12
9.728768e+01  4.860112e-12
9.728768e+01  4.860112e-12
9.728768e+01  4.860112e-12
9.728768e+01  4.860112e-12
9.728768e+01  4.860112e-12
9.728768e+01  4.860112e-12
9.728768e+01  4.860112e-12
9.728768e+01  4.860112e-12
9.728768e+01  4.860112e-12
9.728768e+01  4.860112e-12
9.728768e+01  4.860112e-12
9.728768e+01  4.860112e-12
9.728768e+01  4.860112e-12
9.728768e+01  4.860112e-12
9.728768e+01  4.860112e-12
9.728768e+01  4.860112e-12
9.728768e+01  4.860112e-12
9.728768e+01  4.860112e-12
9.728768e+01  4.860112e-12
9.728768e+01  4.860112e-12
9.728768e+01  4.860112e-12
9.728768e+01  4.860112e-12
9.728768e+01  4.860112e-12
9.728768e+01  4.860112e-12
9.728768e+01  4.860112e-12
9.728768e+01  4.860112e-12
9.728768e+01  4.860112e-12
9.728768e+01  4.860112e-12
9.728768e+01  4.860112e-12
9.728768e+01  4.860112e-12
9.728768e+01  4.860112e-12
9.728768e+01  4.860112e-12
9.728768e+01  4.860112e-12
9.728768e+01  4.860112e-12
9.728768e+01  4.860112e-12
9.728768e+01  4.860112e-12
9.728768e+01  4.860112e-12
9.728768e+01  4.860112e-12
9.728768e+01  4.860112e-12
9.728768e+01  4.860112e-12
9.728768e+01  4.860112e-12
9.728768e+01  4.860112e-12
9.728768e+01  4.860112e-12
9.728768e+01  4.860112e-12
9.728768e+01  4.860112e-12
9.728768e+01  4.860112e-12
9.728768e+01  4.860112e-12
9.728768e+01  4.860112e-12
9.728768e+01  4.860112e-12
9.728768e+01  4.860112e-12
9.728768e+01  4.860112e-12
9.728768e+01  4.860112e-12
9.728768e+01  4.860112e-12
9.728768e+01  4.860112e-12
9.728768e+01  4.860112e-12
9.728768e+01  4.860112e-12
9.728768e+01  4.860112e-12
9.728768e+01  4.860112e-12
9.728768e+01  4.860112e-12
9.728768e+01  4.860112e-12
9.728768e+01  4.860112e-12
9.728768e+01  4.860112e-12
9.728768e+01  4.860112e-12
9.728768e+01  4.860112e-12
9.728768e+01  4.860112e-12
9.728768e+01  4.860112e-12
9.728768e+01  4.860112e-12
9.728768e+01  4.860112e-12
9.728768e+01  4.860112e-12
9.728768e+01  4.860112e-12
9.728768e+01  4.860112e-12
9.728768e+01  4.860112e-12
9.728768e+01  4.860112e-12
9.728768e+01  4.860112e-12
9.728768e+01  4.860112e-12
9.728768e+01  4.860112e-12
9.728768e+01  4.860112e-12
9.728768e+01  4.860112e-12
9.728768e+01  4.860112e-12
9.728768e+01  4.860112e-12
9.728768e+01  4.860112e-12
9.728768e+01  4.860112e-12
9.728768e+01  4.860112e-12
9.728768e+01  4.860112e-12
9.728768e+01  4.860112e-12
9.728768e+01  4.860112e-12
9.728768e+01  4.860112e-12
9.728768e+01  4.860112e-12
9.728768e+01  4.860112e-12
9.728768e+01  4.860112e-12
9.728768e+01  4.860112e-12
9.728768e+01  4.860112e-12
9.728768e+01  4.860112e-12
9.728768e+01  4.860112e-12
9.728768e+01  4.860112e-12
9.728768e+01  4.860112e-12
9.728768e+01  4.860112e-12
9.728768e+01  4.860112e-12
9.728768e+01  4.860112e-12
9.728768e+01  4.860112e-12
9.728768e+01  4.860112e-12
9.728768e+01  4.860112e-12
9.728768e+01  4.860112e-12
9.728768e+01  4.860112e-12
9.728768e+01  4.860112e-12
9.728768e+01  4.860112e-12
9.728768e+01  4.860112e-12
9.728768e+01  4.860112e-12
9.728768e+01  4.860112e-12
9.728768e+01  4.860112e-12
9.728768e+01  4.860112e-12
9.728768e+01  4.860112e-12
9.728768e+01  4.860112e-12
9.728768e+01  4.860112e-12
9.728768e+01  4.860112e-12
9.728768e+01  4.860112e-12
9.728768e+01  4.860112e-12
9.728768e+01  4.860112e-12
9.728768e+01  4.860112e-12
9.728768e+01  4.860112e-12
9.728768e+01  4.860112e-12
9.728768e+01  4.860112e-12
9.728768e+01  4.860112e-12
9.728768e+01  4.860112e-12
9.728768e+01  4.860112e-12
9.728768e+01  4.860112e-12
9.728768e+01  4.860112e-12
9.728768e+01  4.860112e-12
9.728768e+01  4.860112e-12
9.728768e+01  4.860112e-12
9.728768e+01  4.860112e-12
9.728768e+01  4.860112e-12
9.728768e+01  4.860112e-12
9.728768e+01  4.860112e-12
9.728768e+01  4.860112e-12
9.728768e+01  4.860112e-12
9.728768e+01  4.860112e-12
9.728768e+01  4.860112e-12
9.728768e+01  4.860112e-12
9.728768e+01  4.860112e-12
9.728768e+01  4.860112e-12
9.728768e+01  4.860112e-12
9.728768e+01  4.860112e-12
9.728768e+01  4.860112e-12
9.728768e+01  4.860112e-12
9.728768e+01  4.860112e-12
9.728768e+01  4.860112e-12
9.728768e+01  4.860112e-12
9.728768e+01  4.860112e-12
9.728768e+01  4.860112e-12
9.728768e+01  4.860112e-12
9.728768e+01  4.860112e-12
9.728768e+01  4.860112e-12
9.728768e+01  4.860112e-12
9.728768e+01  4.860112e-12
9.728768e+01  4.860112e-12
9.728768e+01  4.860112e-12
9.728768e+01  4.860112e-12
9.728768e+01  4.860112e-12
9.728768e+01  4.860112e-12
9.728768e+01  4.860112e-12
9.728768e+01  4.860112e-12
9.728768e+01  4.860112e-12
9.728768e+01  4.860112e-12
9.728768e+01  4.860112e-12
9.728768e+01  4.860112e-12
9.728768e+01  4.860112e-12
9.728768e+01  4.860112e-12
9.728768e+01  4.860112e-12
9.728768e+01  4.860112e-12
9.728768e+01  4.860112e-12
9.728768e+01  4.860112e-12
9.728768e+01  4.860112e-12
9.728768e+01  4.860112e-12
9.728768e+01  4.860112e-12
9.728768e+01  4.860112e-12
9.728768e+01  4.860112e-12
9.728768e+01  4.860112e-12
9.728768e+01  4.860112e-12
9.728768e+01  4.860112e-12
9.728768e+01  4.860112e-12
9.728768e+01  4.860112e-12
9.728768e+01  4.860112e-12
9.728768e+01  4.860112e-12
9.728768e+01  4.860112e-12
9.728768e+01  4.860112e-12
9.728768e+01  4.860112e-12
9.728768e+01  4.860112e-12
9.728768e+01  4.860112e-12
9.728768e+01  4.860112e-12
9.728768e+01  4.860112e-12
9.728768e+01  4.860112e-12
9.728768e+01  4.860112e-12
9.728768e+01  4.860112e-12
9.728768e+01  4.860112e-12
9.728768e+01  4.860112e-12
9.728768e+01  4.860112e-12
9.728768e+01  4.860112e-12
9.728768e+01  4.860112e-12
9.728768e+01  4.860112e-12
9.728768e+01  4.860112e-12
9.728768e+01  4.860112e-12
9.728768e+01  4.860112e-12
9.728768e+01  4.860112e-12
9.728768e+01  4.860112e-12
9.728768e+01  4.860112e-12
9.728768e+01  4.860112e-12
9.728768e+01  4.860112e-12
9.728768e+01  4.860112e-12
9.728768e+01  4.860112e-12
9.728768e+01  4.860112e-12
9.728768e+01  4.860112e-12
9.728768e+01  4.860112e-12
9.728768e+01  4.860112e-12
9.728768e+01  4.860112e-12
9.728768e+01  4.860112e-12
9.728768e+01  4.860112e-12
9.728768e+01  4.860112e-12
9.728768e+01  4.860112e-12
9.728768e+01  4.860112e-12
9.728768e+01  4.860112e-12
9.728768e+01  4.860112e-12
9.728768e+01  4.860112e-12
9.728768e+01  4.860112e-12
9.728768e+01  4.860112e-12
9.728768e+01  4.860112e-12
9.728768e+01  4.860112e-12
9.728768e+01  4.860112e-12
9.728768e+01  4.860112e-12
9.728768e+01  4.860112e-12
9.728768e+01  4.860112e-12
9.728768e+01  4.860112e-12
9.728768e+01  4.860112e-12
9.728768e+01  4.860112e-12
9.728768e+01  4.860112e-12
9.728768e+01  4.860112e-12
9.728768e+01  4.860112e-12
9.728768e+01  4.860112e-12
9.728768e+01  4.860112e-12
9.728768e+01  4.860112e-12
9.728768e+01  4.860112e-12
9.728768e+01  4.860112e-12
9.728768e+01  4.860112e-12
9.728768e+01  4.860112e-12
9.728768e+01  4.860112e-12
9.728768e+01  4.860112e-12
9.728768e+01  4.860112e-12
9.728768e+01  4.860112e-12
9.728768e+01  4.860112e-12
9.728768e+01  4.860112e-12
9.728768e+01  4.860112e-12
9.728768e+01  4.860112e-12
9.728768e+01  4.860112e-12
9.728768e+01  4.860112e-12
9.728768e+01  4.860112e-12
9.728768e+01  4.860112e-12
9.728768e+01  4.860112e-12
9.728768e+01  4.860112e-12
9.728768e+01  4.860112e-12
9.728768e+01  4.860112e-12
9.728768e+01  4.860112e-12
9.728768e+01  4.860112e-12
9.728768e+01  4.860112e-12
9.728768e+01  4.860112e-12
9.728768e+01  4.860112e-12
9.728768e+01  4.860112e-12
9.728768e+01  4.860112e-12
9.728768e+01  4.860112e-12
9.728768e+01  4.860112e-12
9.728768e+01  4.860112e-12
9.728768e+01  4.860112e-12
9.728768e+01  4.860112e-12
9.728768e+01  4.860112e-12
9.728768e+01  4.860112e-12
9.728768e+01  4.860112e-12
9.728768e+01  4.860112e-12
9.728768e+01  4.860112e-12
9.728768e+01  4.860112e-12
9.728768e+01  4.860112e-12
9.728768e+01  4.860112e-12
9.728768e+01  4.860112e-12
9.728768e+01  4.860112e-12
9.728768e+01  4.860112e-12
9.728768e+01  4.860112e-12
9.728768e+01  4.860112e-12
9.728768e+01  4.860112e-12
9.728768e+01  4.860112e-12
9.728768e+01  4.860112e-12
9.728768e+01  4.860112e-12
9.728768e+01  4.860112e-12
9.728768e+01  4.860112e-12
9.728768e+01  4.860112e-12
9.728768e+01  4.860112e-12
9.728768e+01  4.860112e-12
9.728768e+01  4.860112e-12
9.728768e+01  4.860112e-12
9.728768e+01  4.860112e-12
9.728768e+01  4.860112e-12
9.728768e+01  4.860112e-12
9.728768e+01  4.860112e-12
9.728768e+01  4.860112e-12
9.728768e+01  4.860112e-12
9.728768e+01  4.860112e-12
9.728768e+01  4.860112e-12
9.728768e+01  4.860112e-12
9.728768e+01  4.860112e-12
9.728768e+01  4.860112e-12
9.728768e+01  4.860112e-12
9.728768e+01  4.860112e-12
9.728768e+01  4.860112e-12
9.728768e+01  4.860112e-12
9.728768e+01  4.860112e-12
9.728768e+01  4.860112e-12
9.728768e+01  4.860112e-12
9.728768e+01  4.860112e-12
9.728768e+01  4.860112e-12
9.728768e+01  4.860112e-12
9.728768e+01  4.860112e-12
9.728768e+01  4.860112e-12
9.728768e+01  4.860112e-12
9.728768e+01  4.860112e-12
9.728768e+01  4.860112e-12
9.728768e+01  4.860112e-12
9.728768e+01  4.860112e-12
9.728768e+01  4.860112e-12
9.728768e+01  4.860112e-12
9.728768e+01  4.860112e-12
9.728768e+01  4.860112e-12
9.728768e+01  4.860112e-12
9.728768e+01  4.860112e-12
9.728768e+01  4.860112e-12
9.728768e+01  4.860112e-12
9.728768e+01  4.860112e-12
9.728768e+01  4.860112e-12
9.728768e+01  4.860112e-12
9.728768e+01  4.860112e-12
9.728768e+01  4.860112e-12
9.728768e+01  4.860112e-12
9.728768e+01  4.860112e-12
9.728768e+01  4.860112e-12
9.728768e+01  4.860112e-12
9.728768e+01  4.860112e-12
9.728768e+01  4.860112e-12
9.728768e+01  4.860112e-12
9.728768e+01  4.860112e-12
9.728768e+01  4.860112e-12
9.728768e+01  4.860112e-12
9.728768e+01  4.860112e-12
9.728768e+01  4.860112e-12
9.728768e+01  4.860112e-12
9.728768e+01  4.860112e-12
9.728768e+01  4.860112e-12
9.728768e+01  4.860112e-12
9.728768e+01  4.860112e-12
9.728768e+01  4.860112e-12
9.728768e+01  4.860112e-12
9.728768e+01  4.860112e-12
9.728768e+01  4.860112e-12
9.728768e+01  4.860112e-12
9.728768e+01  4.860112e-12
9.728768e+01  4.860112e-12
9.728768e+01  4.860112e-12
9.728768e+01  4.860112e-12
9.728768e+01  4.860112e-12
9.728768e+01  4.860112e-12
9.728768e+01  4.860112e-12
9.728768e+01  4.860112e-12
9.728768e+01  4.860112e-12
9.728768e+01  4.860112e-12
9.728768e+01  4.860112e-12
9.728768e+01  4.860112e-12
9.728768e+01  4.860112e-12
9.728768e+01  4.860112e-12
9.728768e+01  4.860112e-12
9.728768e+01  4.860112e-12
9.728768e+01  4.860112e-12
9.728768e+01  4.860112e-12
9.728768e+01  4.860112e-12
9.728768e+01  4.860112e-12
9.728768e+01  4.860112e-12
9.728768e+01  4.860112e-12
9.728768e+01  4.860112e-12
9.728768e+01  4.860112e-12
9.728768e+01  4.860112e-12
9.728768e+01  4.860112e-12
9.728768e+01  4.860112e-12
9.728768e+01  4.860112e-12
9.728768e+01  4.860112e-12
9.728768e+01  4.860112e-12
9.728768e+01  4.860112e-12
9.728768e+01  4.860112e-12
9.728768e+01  4.860112e-12
9.728768e+01  4.860112e-12
9.728768e+01  4.860112e-12
9.728768e+01  4.860112e-12
9.728768e+01  4.860112e-12
9.728768e+01  4.860112e-12
9.728768e+01  4.860112e-12
9.728768e+01  4.860112e-12
9.728768e+01  4.860112e-12
9.728768e+01  4.860112e-12
9.728768e+01  4.860112e-12
9.728768e+01  4.860112e-12
9.728768e+01  4.860112e-12
9.728768e+01  4.860112e-12
9.728768e+01  4.860112e-12
9.728768e+01  4.860112e-12
9.728768e+01  4.860112e-12
9.728768e+01  4.860112e-12
9.728768e+01  4.860112e-12
9.728768e+01  4.860112e-12
9.728768e+01  4.860112e-12
9.728768e+01  4.860112e-12
9.728768e+01  4.860112e-12
9.728768e+01  4.860112e-12
9.728768e+01  4.860112e-12
9.728768e+01  4.860112e-12
9.728768e+01  4.860112e-12
9.728768e+01  4.860112e-12
9.728768e+01  4.860112e-12
9.728768e+01  4.860112e-12
9.728768e+01  4.860112e-12
9.728768e+01  4.860112e-12
9.728768e+01  4.860112e-12
9.728768e+01  4.860112e-12
9.728768e+01  4.860112e-12
9.728768e+01  4.860112e-12
9.728768e+01  4.860112e-12
9.728768e+01  4.860112e-12
9.728768e+01  4.860112e-12
9.728768e+01  4.860112e-12
9.728768e+01  4.860112e-12
9.728768e+01  4.860112e-12
9.728768e+01  4.860112e-12
9.728768e+01  4.860112e-12
9.728768e+01  4.860112e-12
9.728768e+01  4.860112e-12
9.728768e+01  4.860112e-12
9.728768e+01  4.860112e-12
9.728768e+01  4.860112e-12
9.728768e+01  4.860112e-12
9.728768e+01  4.860112e-12
9.728768e+01  4.860112e-12
9.728768e+01  4.860112e-12
9.728768e+01  4.860112e-12
9.728768e+01  4.860112e-12
9.728768e+01  4.860112e-12
9.728768e+01  4.860112e-12
9.728768e+01  4.860112e-12
9.728768e+01  4.860112e-12
9.728768e+01  4.860112e-12
9.728768e+01  4.860112e-12
9.728768e+01  4.860112e-12
9.728768e+01  4.860112e-12
9.728768e+01  4.860112e-12
9.728768e+01  4.860112e-12
9.728768e+01  4.860112e-12
9.728768e+01  4.860112e-12
9.728768e+01  4.860112e-12
9.728768e+01  4.860112e-12
9.728768e+01  4.860112e-12
9.728768e+01  4.860112e-12
9.728768e+01  4.860112e-12
9.728768e+01  4.860112e-12
9.728768e+01  4.860112e-12
9.728768e+01  4.860112e-12
9.728768e+01  4.860112e-12
9.728768e+01  4.860112e-12
9.728768e+01  4.860112e-12
9.728768e+01  4.860112e-12
9.728768e+01  4.860112e-12
9.728768e+01  4.860112e-12
9.728768e+01  4.860112e-12
9.728768e+01  4.860112e-12
9.728768e+01  4.860112e-12
9.728768e+01  4.860112e-12
9.728768e+01  4.860112e-12
9.728768e+01  4.860112e-12
9.728768e+01  4.860112e-12
9.728768e+01  4.860112e-12
9.728768e+01  4.860112e-12
9.728768e+01  4.860112e-12
9.728768e+01  4.860112e-12
9.728768e+01  4.860112e-12
9.728768e+01  4.860112e-12
9.728768e+01  4.860112e-12
9.728768e+01  4.860112e-12
9.728768e+01  4.860112e-12
9.728768e+01  4.860112e-12
9.728768e+01  4.860112e-12
9.728768e+01  4.860112e-12
9.728768e+01  4.860112e-12
9.728768e+01  4.860112e-12
9.728768e+01  4.860112e-12
9.728768e+01  4.860112e-12
9.728768e+01  4.860112e-12
9.728768e+01  4.860112e-12
9.728768e+01  4.860112e-12
9.728768e+01  4.860112e-12
9.728768e+01  4.860112e-12
9.728768e+01  4.860112e-12
9.728768e+01  4.860112e-12
9.728768e+01  4.860112e-12
9.728768e+01  4.860112e-12
9.728768e+01  4.860112e-12
9.728768e+01  4.860112e-12
9.728768e+01  4.860112e-12
9.728768e+01  4.860112e-12
9.728768e+01  4.860112e-12
9.728768e+01  4.860112e-12
9.728768e+01  4.860112e-12
9.728768e+01  4.860112e-12
9.728768e+01  4.860112e-12
9.728768e+01  4.860112e-12
9.728768e+01  4.860112e-12
9.728768e+01  4.860112e-12
9.728768e+01  4.860112e-12
9.728768e+01  4.860112e-12
9.728768e+01  4.860112e-12
9.728768e+01  4.860112e-12
9.728768e+01  4.860112e-12
9.728768e+01  4.860112e-12
9.728768e+01  4.860112e-12
9.728768e+01  4.860112e-12
9.728768e+01  4.860112e-12
9.728768e+01  4.860112e-12
9.728768e+01  4.860112e-12
9.728768e+01  4.860112e-12
9.728768e+01  4.860112e-12
9.728768e+01  4.860112e-12
9.728768e+01  4.860112e-12
9.728768e+01  4.860112e-12
9.728768e+01  4.860112e-12
9.728768e+01  4.860112e-12
9.728768e+01  4.860112e-12
9.728768e+01  4.860112e-12
9.728768e+01  4.860112e-12
9.728768e+01  4.860112e-12
9.728768e+01  4.860112e-12
9.728768e+01  4.860112e-12
9.728768e+01  4.860112e-12
9.728768e+01  4.860112e-12
9.728768e+01  4.860112e-12
9.728768e+01  4.860112e-12
9.728768e+01  4.860112e-12
9.728768e+01  4.860112e-12
9.728768e+01  4.860112e-12
9.728768e+01  4.860112e-12
9.728768e+01  4.860112e-12
9.728768e+01  4.860112e-12
9.728768e+01  4.860112e-12
9.728768e+01  4.860112e-12
9.728768e+01  4.860112e-12
9.728768e+01  4.860112e-12
9.728768e+01  4.860112e-12
9.728768e+01  4.860112e-12
9.728768e+01  4.860112e-12
9.728768e+01  4.860112e-12
9.728768e+01  4.860112e-12
9.728768e+01  4.860112e-12
9.728768e+01  4.860112e-12
9.728768e+01  4.860112e-12
9.728768e+01  4.860112e-12
9.728768e+01  4.860112e-12
9.728768e+01  4.860112e-12
9.728768e+01  4.860112e-12
9.728768e+01  4.860112e-12
9.728768e+01  4.860112e-12
9.728768e+01  4.860112e-12
9.728768e+01  4.860112e-12
9.728768e+01  4.860112e-12
9.728768e+01  4.860112e-12
9.728768e+01  4.860112e-12
9.728768e+01  4.860112e-12
9.728768e+01  4.860112e-12
9.728768e+01  4.860112e-12
9.728768e+01  4.860112e-12
9.728768e+01  4.860112e-12
9.728768e+01  4.860112e-12
9.728768e+01  4.860112e-12
9.728768e+01  4.860112e-12
9.728768e+01  4.860112e-12
9.728768e+01  4.860112e-12
9.728768e+01  4.860112e-12
9.728768e+01  4.860112e-12
9.728768e+01  4.860112e-12
9.728768e+01  4.860112e-12
9.728768e+01  4.860112e-12
9.728768e+01  4.860112e-12
9.728768e+01  4.860112e-12
9.728768e+01  4.860112e-12
9.728768e+01  4.860112e-12
9.728768e+01  4.860112e-12
9.728768e+01  4.860112e-12
9.728768e+01  4.860112e-12
9.728768e+01  4.860112e-12
9.728768e+01  4.860112e-12
9.728768e+01  4.860112e-12
9.728768e+01  4.860112e-12
9.728768e+01  4.860112e-12
9.728768e+01  4.860112e-12
9.728768e+01  4.860112e-12
9.728768e+01  4.860112e-12
9.728768e+01  4.860112e-12
9.728768e+01  4.860112e-12
9.728768e+01  4.860112e-12
9.728768e+01  4.860112e-12
9.728768e+01  4.860112e-12
9.728768e+01  4.860112e-12
9.728768e+01  4.860112e-12
9.728768e+01  4.860112e-12
9.728768e+01  4.860112e-12
9.728768e+01  4.860112e-12
9.728768e+01  4.860112e-12
9.728768e+01  4.860112e-12
9.728768e+01  4.860112e-12
9.728768e+01  4.860112e-12
9.728768e+01  4.860112e-12
9.728768e+01  4.860112e-12
9.728768e+01  4.860112e-12
9.728768e+01  4.860112e-12
9.728768e+01  4.860112e-12
9.728768e+01  4.860112e-12
9.728768e+01  4.860112e-12
9.728768e+01  4.860112e-12
9.728768e+01  4.860112e-12
9.728768e+01  4.860112e-12
9.728768e+01  4.860112e-12
9.728768e+01  4.860112e-12
9.728768e+01  4.860112e-12
9.728768e+01  4.860112e-12
9.728768e+01  4.860112e-12
9.728768e+01  4.860112e-12
9.728768e+01  4.860112e-12
9.728768e+01  4.860112e-12
9.728768e+01  4.860112e-12
9.728768e+01  4.860112e-12
9.728768e+01  4.860112e-12
9.728768e+01  4.860112e-12
9.728768e+01  4.860112e-12
9.728768e+01  4.860112e-12
9.728768e+01  4.860112e-12
9.728768e+01  4.860112e-12
9.728768e+01  4.860112e-12
9.728768e+01  4.860112e-12
9.728768e+01  4.860112e-12
9.728768e+01  4.860112e-12
