5.488032e+02
5.144033e+02
4.930418e+02
4.722274e+02
4.578310e+02
4.326208e+02
4.150860e+02
3.989019e+02
3.880488e+02
3.729840e+02
3.564313e+02
3.443652e+02
3.316276e+02
3.150964e+02
3.067812e+02
3.013529e+02
2.959009e+02
2.922210e+02
2.845368e+02
2.800120e+02
2.724572e+02
2.664060e+02
2.632826e+02
2.579368e+02
2.517622e+02
2.488471e+02
2.394265e+02
2.365369e+02
2.311240e+02
2.299498e+02
2.285311e+02
2.267932e+02
2.249996e+02
2.226449e+02
2.207050e+02
2.180968e+02
2.136451e+02
2.129922e+02
2.114944e+02
2.090064e+02
2.072663e+02
2.048202e+02
2.024421e+02
2.013622e+02
1.988230e+02
1.952410e+02
1.914583e+02
1.873585e+02
1.827648e+02
1.818092e+02
1.805952e+02
1.789362e+02
1.768563e+02
1.746769e+02
1.737535e+02
1.727500e+02
1.703608e+02
1.692905e+02
1.683671e+02
1.675310e+02
1.671979e+02
1.658017e+02
1.639128e+02
1.632580e+02
1.621891e+02
1.618787e+02
1.610224e+02
1.584553e+02
1.573706e+02
1.571995e+02
1.570899e+02
1.561231e+02
1.552206e+02
1.545057e+02
1.539969e+02
1.534790e+02
1.530117e+02
1.523196e+02
1.512280e+02
1.502014e+02
1.487643e+02
1.433104e+02
1.411652e+02
1.391797e+02
1.390382e+02
1.390140e+02
1.387918e+02
1.381991e+02
1.380557e+02
1.371268e+02
1.369834e+02
1.368177e+02
1.360875e+02
1.357785e+02
1.357785e+02
1.352591e+02
1.346452e+02
1.346452e+02
1.339909e+02
1.339909e+02
1.338812e+02
1.337444e+02
1.335101e+02
1.331141e+02
1.329161e+02
1.327634e+02
1.327634e+02
1.327634e+02
1.327634e+02
1.324438e+02
1.323834e+02
1.320639e+02
1.319890e+02
1.319890e+02
1.319890e+02
1.318535e+02
1.318015e+02
1.315358e+02
1.310249e+02
1.310249e+02
1.310249e+02
1.302228e+02
1.302228e+02
1.301245e+02
1.301245e+02
1.298140e+02
1.290932e+02
1.230990e+02
1.227791e+02
1.226648e+02
1.223449e+02
1.223449e+02
1.223449e+02
1.223449e+02
1.220706e+02
1.219741e+02
1.219741e+02
1.219741e+02
1.219741e+02
1.217222e+02
1.217222e+02
1.217222e+02
1.217222e+02
1.214432e+02
1.202217e+02
1.199427e+02
1.199427e+02
1.198968e+02
1.198968e+02
1.196700e+02
1.196700e+02
1.196700e+02
1.196700e+02
1.196700e+02
1.196700e+02
1.196700e+02
1.196700e+02
1.196700e+02
1.196700e+02
1.177837e+02
1.176553e+02
1.175710e+02
1.169698e+02
1.163572e+02
1.159325e+02
1.158779e+02
1.151461e+02
1.151461e+02
1.151461e+02
1.149000e+02
1.148943e+02
1.148943e+02
1.148943e+02
1.148943e+02
1.146564e+02
1.144780e+02
1.144780e+02
1.144780e+02
1.139494e+02
1.139494e+02
1.139494e+02
1.139494e+02
1.139494e+02
1.139494e+02
1.139494e+02
1.139494e+02
1.138353e+02
1.137009e+02
1.137009e+02
1.137009e+02
1.137009e+02
1.135836e+02
1.133565e+02
1.133565e+02
1.133565e+02
1.133565e+02
1.133565e+02
1.133565e+02
1.133565e+02
1.131104e+02
1.131104e+02
1.131104e+02
1.131104e+02
1.131104e+02
1.131104e+02
1.131104e+02
1.131104e+02
1.131104e+02
1.126185e+02
1.126185e+02
1.126185e+02
1.126185e+02
1.126185e+02
1.126185e+02
1.126185e+02
1.126185e+02
1.126185e+02
1.126185e+02
1.126185e+02
1.126185e+02
1.124597e+02
1.124597e+02
1.124597e+02
1.124597e+02
1.124597e+02
1.124597e+02
1.124597e+02
1.124126e+02
1.119104e+02
1.119104e+02
1.119104e+02
1.119104e+02
1.119104e+02
1.119104e+02
1.119104e+02
1.119104e+02
1.119104e+02
1.119104e+02
1.119104e+02
1.119104e+02
1.119104e+02
1.119104e+02
1.119104e+02
1.119104e+02
1.119104e+02
1.119104e+02
1.119104e+02
1.119104e+02
1.119104e+02
1.119104e+02
1.119104e+02
1.119104e+02
1.119104e+02
1.119104e+02
1.119104e+02
1.119104e+02
1.119104e+02
1.119104e+02
1.119104e+02
1.119104e+02
1.119104e+02
1.119104e+02
1.119104e+02
1.119104e+02
1.119104e+02
1.119104e+02
1.105836e+02
1.105836e+02
1.104464e+02
1.104464e+02
1.104464e+02
1.104464e+02
1.104464e+02
1.104464e+02
1.104464e+02
1.104464e+02
1.104464e+02
1.101767e+02
1.101767e+02
1.101767e+02
1.101767e+02
1.101767e+02
1.101767e+02
1.101767e+02
1.101767e+02
1.101767e+02
1.101767e+02
1.101767e+02
1.101767e+02
1.101767e+02
1.083915e+02
1.083915e+02
1.083915e+02
1.083915e+02
1.083915e+02
1.083915e+02
1.080732e+02
1.077459e+02
1.071928e+02
1.054714e+02
1.053482e+02
1.053482e+02
1.045239e+02
1.042076e+02
1.042076e+02
1.042076e+02
1.040761e+02
1.028498e+02
1.028498e+02
1.028498e+02
1.028498e+02
1.024770e+02
1.016446e+02
1.016446e+02
1.016446e+02
1.016446e+02
1.016446e+02
1.016446e+02
1.016446e+02
1.016446e+02
1.016446e+02
1.016446e+02
1.016446e+02
1.015868e+02
1.013127e+02
1.013127e+02
1.013127e+02
1.013127e+02
1.013127e+02
1.013127e+02
1.013127e+02
1.013127e+02
1.013127e+02
1.013127e+02
1.013127e+02
1.013127e+02
1.013127e+02
1.013127e+02
1.009183e+02
1.008106e+02
1.008106e+02
1.008106e+02
1.008106e+02
1.008106e+02
1.008106e+02
1.008106e+02
1.008106e+02
1.004510e+02
1.003046e+02
1.003046e+02
1.003046e+02
1.003046e+02
1.003046e+02
1.003046e+02
1.003046e+02
1.003046e+02
1.003046e+02
1.003046e+02
1.003046e+02
1.001725e+02
1.000316e+02
1.000316e+02
1.000316e+02
1.000316e+02
1.000316e+02
1.000316e+02
1.000316e+02
1.000316e+02
1.000316e+02
1.000316e+02
1.000316e+02
1.000316e+02
9.951294e+01
9.951294e+01
9.951294e+01
9.951294e+01
9.951294e+01
9.951294e+01
9.951294e+01
9.951294e+01
9.951294e+01
9.951294e+01
9.951294e+01
9.951294e+01
9.951294e+01
9.951294e+01
9.951294e+01
9.951294e+01
9.951294e+01
9.951294e+01
9.951294e+01
9.951294e+01
9.951294e+01
9.951294e+01
9.951294e+01
9.951294e+01
9.951294e+01
9.951294e+01
9.951294e+01
9.951294e+01
9.951294e+01
9.951294e+01
9.951294e+01
9.951294e+01
9.951294e+01
9.951294e+01
9.951294e+01
9.951294e+01
9.951294e+01
9.951294e+01
9.951294e+01
9.951294e+01
9.951294e+01
9.951294e+01
9.951294e+01
9.951294e+01
9.951294e+01
9.951294e+01
9.951294e+01
9.951294e+01
9.951294e+01
9.951294e+01
9.951294e+01
9.951294e+01
9.951294e+01
9.951294e+01
9.951294e+01
9.951294e+01
9.951294e+01
9.951294e+01
9.951294e+01
9.951294e+01
9.951294e+01
9.951294e+01
9.951294e+01
9.951294e+01
9.951294e+01
9.951294e+01
9.951294e+01
9.951294e+01
9.951294e+01
9.951294e+01
9.951294e+01
9.895280e+01
9.895280e+01
9.895280e+01
9.895280e+01
9.895280e+01
9.895280e+01
9.895280e+01
9.895280e+01
9.895280e+01
9.895280e+01
9.895280e+01
9.895280e+01
9.895280e+01
9.895280e+01
9.895280e+01
9.895280e+01
9.895280e+01
9.895280e+01
9.895280e+01
9.895280e+01
9.895280e+01
9.895280e+01
9.895280e+01
9.895280e+01
9.895280e+01
9.895280e+01
9.895280e+01
9.895280e+01
9.895280e+01
9.895280e+01
9.895280e+01
9.895280e+01
9.895280e+01
9.895280e+01
9.895280e+01
9.895280e+01
9.895280e+01
9.895280e+01
9.895280e+01
9.895280e+01
9.895280e+01
9.895280e+01
9.895280e+01
9.895280e+01
9.895280e+01
9.895280e+01
9.895280e+01
9.895280e+01
9.895280e+01
9.895280e+01
9.895280e+01
9.895280e+01
9.895280e+01
9.895280e+01
9.895280e+01
9.895280e+01
9.895280e+01
9.895280e+01
9.895280e+01
9.895280e+01
9.895280e+01
9.895280e+01
9.895280e+01
9.895280e+01
9.895280e+01
9.895280e+01
9.895280e+01
9.895280e+01
9.895280e+01
9.895280e+01
9.895280e+01
9.895280e+01
9.895280e+01
9.895280e+01
9.895280e+01
9.895280e+01
9.895280e+01
9.895280e+01
9.895280e+01
9.895280e+01
9.895280e+01
9.895280e+01
9.895280e+01
9.895280e+01
9.895280e+01
9.895280e+01
9.895280e+01
9.895280e+01
9.895280e+01
9.895280e+01
9.895280e+01
9.895280e+01
9.895280e+01
9.895280e+01
9.895280e+01
9.895280e+01
9.895280e+01
9.895280e+01
9.895280e+01
9.895280e+01
9.895280e+01
9.895280e+01
9.895280e+01
9.895280e+01
9.895280e+01
9.895280e+01
9.895280e+01
9.895280e+01
9.895280e+01
9.895280e+01
9.895280e+01
9.895280e+01
9.895280e+01
9.895280e+01
9.895280e+01
9.895280e+01
9.895280e+01
9.895280e+01
9.895280e+01
9.895280e+01
9.895280e+01
9.895280e+01
9.895280e+01
9.895280e+01
9.895280e+01
9.895280e+01
9.895280e+01
9.895280e+01
9.895280e+01
9.895280e+01
9.895280e+01
9.895280e+01
9.895280e+01
9.895280e+01
9.895280e+01
9.895280e+01
9.895280e+01
9.895280e+01
9.895280e+01
9.895280e+01
9.895280e+01
9.895280e+01
9.895280e+01
9.895280e+01
9.895280e+01
9.895280e+01
9.895280e+01
9.895280e+01
9.895280e+01
9.895280e+01
9.895280e+01
9.895280e+01
9.895280e+01
9.895280e+01
9.895280e+01
9.895280e+01
9.895280e+01
9.895280e+01
9.895280e+01
9.895280e+01
9.895280e+01
9.895280e+01
9.895280e+01
9.895280e+01
9.895280e+01
9.895280e+01
9.895280e+01
9.895280e+01
9.895280e+01
9.895280e+01
9.895280e+01
9.895280e+01
9.895280e+01
9.895280e+01
9.895280e+01
9.819304e+01
9.819304e+01
9.819304e+01
9.819304e+01
9.819304e+01
9.819304e+01
9.819304e+01
9.819304e+01
9.819304e+01
9.819304e+01
9.819304e+01
9.819304e+01
9.819304e+01
9.819304e+01
9.819304e+01
9.819304e+01
9.819304e+01
9.819304e+01
9.819304e+01
9.819304e+01
9.819304e+01
9.819304e+01
9.819304e+01
9.819304e+01
9.819304e+01
9.819304e+01
9.819304e+01
9.819304e+01
9.819304e+01
9.819304e+01
9.819304e+01
9.819304e+01
9.819304e+01
9.819304e+01
9.819304e+01
9.819304e+01
9.819304e+01
9.819304e+01
9.819304e+01
9.819304e+01
9.819304e+01
9.819304e+01
9.819304e+01
9.819304e+01
9.819304e+01
9.819304e+01
9.819304e+01
9.819304e+01
9.819304e+01
9.819304e+01
9.819304e+01
9.819304e+01
9.819304e+01
9.819304e+01
9.819304e+01
9.819304e+01
9.819304e+01
9.819304e+01
9.819304e+01
9.819304e+01
9.819304e+01
9.819304e+01
9.819304e+01
9.819304e+01
9.819304e+01
9.819304e+01
9.819304e+01
9.819304e+01
9.819304e+01
9.819304e+01
9.819304e+01
9.819304e+01
9.819304e+01
9.819304e+01
9.819304e+01
9.819304e+01
9.819304e+01
9.819304e+01
9.819304e+01
9.819304e+01
9.819304e+01
9.819304e+01
9.819304e+01
9.819304e+01
9.819304e+01
9.819304e+01
9.819304e+01
9.819304e+01
9.819304e+01
9.819304e+01
9.819304e+01
9.819304e+01
9.819304e+01
9.819304e+01
9.819304e+01
9.819304e+01
9.819304e+01
9.819304e+01
9.819304e+01
9.819304e+01
9.819304e+01
9.819304e+01
9.819304e+01
9.819304e+01
9.819304e+01
9.819304e+01
9.819304e+01
9.819304e+01
9.819304e+01
9.819304e+01
9.819304e+01
9.819304e+01
9.819304e+01
9.819304e+01
9.819304e+01
9.819304e+01
9.819304e+01
9.819304e+01
9.819304e+01
9.819304e+01
9.819304e+01
9.819304e+01
9.819304e+01
9.819304e+01
9.819304e+01
9.819304e+01
9.819304e+01
9.819304e+01
9.819304e+01
9.819304e+01
9.819304e+01
9.819304e+01
9.819304e+01
9.819304e+01
9.819304e+01
9.819304e+01
9.819304e+01
9.819304e+01
9.819304e+01
9.819304e+01
9.819304e+01
9.819304e+01
9.819304e+01
9.819304e+01
9.819304e+01
9.819304e+01
9.819304e+01
9.819304e+01
9.819304e+01
9.819304e+01
9.819304e+01
9.819304e+01
9.819304e+01
9.819304e+01
9.819304e+01
9.819304e+01
9.819304e+01
9.819304e+01
9.819304e+01
9.819304e+01
9.819304e+01
9.819304e+01
9.819304e+01
9.819304e+01
9.819304e+01
9.819304e+01
9.819304e+01
9.819304e+01
9.819304e+01
9.819304e+01
9.819304e+01
9.819304e+01
9.819304e+01
9.819304e+01
9.819304e+01
9.819304e+01
9.819304e+01
9.819304e+01
9.819304e+01
9.819304e+01
9.819304e+01
9.819304e+01
9.819304e+01
9.819304e+01
9.819304e+01
9.819304e+01
9.819304e+01
9.819304e+01
9.819304e+01
9.819304e+01
9.819304e+01
9.819304e+01
9.819304e+01
9.819304e+01
9.819304e+01
9.819304e+01
9.819304e+01
9.819304e+01
9.819304e+01
9.819304e+01
9.819304e+01
9.819304e+01
9.819304e+01
9.819304e+01
9.819304e+01
9.819304e+01
9.819304e+01
9.819304e+01
9.819304e+01
9.819304e+01
9.819304e+01
9.819304e+01
9.819304e+01
9.819304e+01
9.819304e+01
9.819304e+01
9.819304e+01
9.819304e+01
9.819304e+01
9.819304e+01
9.819304e+01
9.819304e+01
9.819304e+01
9.819304e+01
9.819304e+01
9.819304e+01
9.819304e+01
9.819304e+01
9.819304e+01
9.819304e+01
9.819304e+01
9.819304e+01
9.819304e+01
9.819304e+01
9.819304e+01
9.819304e+01
9.819304e+01
9.819304e+01
9.819304e+01
9.819304e+01
9.819304e+01
9.819304e+01
9.819304e+01
9.819304e+01
9.819304e+01
9.819304e+01
9.819304e+01
9.819304e+01
9.819304e+01
9.819304e+01
9.819304e+01
9.819304e+01
9.819304e+01
9.819304e+01
9.819304e+01
9.819304e+01
9.819304e+01
9.819304e+01
9.819304e+01
9.819304e+01
9.819304e+01
9.819304e+01
9.819304e+01
9.819304e+01
9.819304e+01
9.819304e+01
9.819304e+01
9.819304e+01
9.819304e+01
9.819304e+01
9.819304e+01
9.819304e+01
9.819304e+01
9.819304e+01
9.819304e+01
9.819304e+01
9.819304e+01
9.819304e+01
9.819304e+01
9.819304e+01
9.819304e+01
9.819304e+01
9.819304e+01
9.819304e+01
9.819304e+01
9.819304e+01
9.819304e+01
9.819304e+01
9.819304e+01
9.819304e+01
9.819304e+01
9.819304e+01
9.819304e+01
9.819304e+01
9.819304e+01
9.819304e+01
9.819304e+01
9.819304e+01
9.819304e+01
9.819304e+01
9.819304e+01
9.819304e+01
9.819304e+01
9.819304e+01
9.819304e+01
9.819304e+01
9.819304e+01
9.819304e+01
9.819304e+01
9.819304e+01
9.819304e+01
9.819304e+01
9.819304e+01
9.819304e+01
9.819304e+01
9.819304e+01
9.819304e+01
9.819304e+01
9.819304e+01
9.819304e+01
9.819304e+01
9.819304e+01
9.819304e+01
9.819304e+01
9.819304e+01
9.819304e+01
9.819304e+01
9.819304e+01
9.819304e+01
9.819304e+01
9.819304e+01
9.819304e+01
9.819304e+01
9.819304e+01
9.819304e+01
9.819304e+01
9.819304e+01
9.819304e+01
9.819304e+01
9.819304e+01
9.819304e+01
9.819304e+01
9.819304e+01
9.819304e+01
9.819304e+01
9.819304e+01
9.819304e+01
9.819304e+01
9.819304e+01
9.819304e+01
9.819304e+01
9.819304e+01
9.819304e+01
9.819304e+01
9.819304e+01
9.819304e+01
9.819304e+01
9.819304e+01
9.819304e+01
9.819304e+01
9.819304e+01
9.819304e+01
9.819304e+01
9.819304e+01
9.819304e+01
9.819304e+01
9.819304e+01
9.819304e+01
9.819304e+01
9.819304e+01
9.819304e+01
9.819304e+01
9.819304e+01
9.819304e+01
9.819304e+01
9.819304e+01
9.819304e+01
9.819304e+01
9.819304e+01
9.819304e+01
9.819304e+01
9.819304e+01
9.819304e+01
9.819304e+01
9.819304e+01
9.819304e+01
9.819304e+01
9.819304e+01
9.819304e+01
9.819304e+01
9.819304e+01
9.819304e+01
9.819304e+01
9.819304e+01
9.819304e+01
9.819304e+01
9.819304e+01
9.819304e+01
9.819304e+01
9.819304e+01
9.819304e+01
9.819304e+01
9.819304e+01
9.819304e+01
9.819304e+01
9.819304e+01
9.819304e+01
9.819304e+01
9.819304e+01
9.819304e+01
9.819304e+01
9.819304e+01
9.819304e+01
9.819304e+01
9.819304e+01
9.819304e+01
9.819304e+01
9.819304e+01
9.819304e+01
9.819304e+01
9.819304e+01
9.819304e+01
9.819304e+01
9.819304e+01
9.819304e+01
9.819304e+01
9.819304e+01
9.819304e+01
9.819304e+01
9.819304e+01
9.819304e+01
9.819304e+01
9.819304e+01
9.819304e+01
9.819304e+01
9.819304e+01
9.819304e+01
9.819304e+01
9.819304e+01
9.819304e+01
9.819304e+01
9.819304e+01
9.819304e+01
9.819304e+01
9.819304e+01
9.819304e+01
9.819304e+01
9.819304e+01
9.819304e+01
9.819304e+01
9.819304e+01
9.819304e+01
9.819304e+01
9.819304e+01
9.819304e+01
9.819304e+01
9.819304e+01
9.819304e+01
9.819304e+01
9.819304e+01
9.819304e+01
9.819304e+01
9.819304e+01
9.819304e+01
9.819304e+01
9.819304e+01
9.819304e+01
9.819304e+01
9.819304e+01
9.819304e+01
9.819304e+01
9.819304e+01
9.819304e+01
9.819304e+01
9.819304e+01
9.819304e+01
9.819304e+01
9.819304e+01
9.819304e+01
9.819304e+01
9.819304e+01
9.819304e+01
9.819304e+01
9.819304e+01
9.819304e+01
9.819304e+01
9.819304e+01
9.819304e+01
9.819304e+01
9.819304e+01
9.819304e+01
9.819304e+01
9.819304e+01
9.819304e+01
9.819304e+01
9.819304e+01
9.819304e+01
9.819304e+01
9.819304e+01
9.819304e+01
9.819304e+01
9.819304e+01
9.819304e+01
9.819304e+01
9.819304e+01
9.819304e+01
9.819304e+01
9.819304e+01
9.819304e+01
9.819304e+01
9.819304e+01
9.819304e+01
9.819304e+01
9.819304e+01
9.819304e+01
9.819304e+01
9.819304e+01
9.819304e+01
9.819304e+01
9.819304e+01
9.819304e+01
9.819304e+01
9.819304e+01
9.819304e+01
9.819304e+01
9.819304e+01
9.819304e+01
9.819304e+01
9.819304e+01
9.819304e+01
9.819304e+01
9.819304e+01
9.819304e+01
9.819304e+01
9.819304e+01
9.819304e+01
9.819304e+01
9.819304e+01
9.819304e+01
9.819304e+01
9.819304e+01
9.819304e+01
9.819304e+01
9.819304e+01
9.819304e+01
9.819304e+01
9.819304e+01
9.819304e+01
9.819304e+01
9.819304e+01
9.819304e+01
9.819304e+01
9.819304e+01
9.819304e+01
9.819304e+01
9.819304e+01
9.819304e+01
9.819304e+01
9.819304e+01
9.819304e+01
9.819304e+01
9.819304e+01
9.819304e+01
9.819304e+01
9.819304e+01
9.819304e+01
9.819304e+01
9.819304e+01
9.819304e+01
9.819304e+01
9.819304e+01
9.819304e+01
9.819304e+01
9.819304e+01
9.819304e+01
9.819304e+01
9.819304e+01
9.819304e+01
9.819304e+01
9.819304e+01
9.819304e+01
9.819304e+01
9.819304e+01
9.819304e+01
9.819304e+01
9.819304e+01
9.819304e+01
9.819304e+01
9.819304e+01
9.819304e+01
9.819304e+01
9.819304e+01
9.819304e+01
9.819304e+01
9.819304e+01
9.819304e+01
9.819304e+01
9.819304e+01
9.819304e+01
9.819304e+01
9.819304e+01
9.819304e+01
9.819304e+01
9.819304e+01
9.819304e+01
9.819304e+01
9.819304e+01
9.819304e+01
9.819304e+01
9.819304e+01
9.819304e+01
9.819304e+01
9.819304e+01
9.819304e+01
9.819304e+01
9.819304e+01
9.819304e+01
9.819304e+01
9.819304e+01
9.819304e+01
9.819304e+01
9.819304e+01
9.819304e+01
9.819304e+01
9.819304e+01
9.819304e+01
9.819304e+01
9.819304e+01
9.819304e+01
9.819304e+01
9.819304e+01
9.819304e+01
9.819304e+01
9.819304e+01
9.819304e+01
9.819304e+01
9.819304e+01
9.819304e+01
9.819304e+01
9.819304e+01
9.819304e+01
9.819304e+01
9.819304e+01
9.819304e+01
9.819304e+01
9.819304e+01
9.819304e+01
9.819304e+01
9.819304e+01
9.819304e+01
9.819304e+01
9.819304e+01
9.819304e+01
9.819304e+01
9.819304e+01
9.819304e+01
9.819304e+01
9.819304e+01
9.819304e+01
9.819304e+01
9.819304e+01
9.819304e+01
9.819304e+01
9.819304e+01
9.819304e+01
9.819304e+01
9.819304e+01
9.819304e+01
9.819304e+01
9.819304e+01
9.819304e+01
9.819304e+01
9.819304e+01
9.819304e+01
9.819304e+01
9.819304e+01
9.819304e+01
9.819304e+01
9.819304e+01
9.819304e+01
9.819304e+01
9.819304e+01
9.819304e+01
9.819304e+01
9.819304e+01
9.819304e+01
9.819304e+01
9.819304e+01
9.819304e+01
9.819304e+01
9.819304e+01
9.819304e+01
9.819304e+01
9.819304e+01
9.819304e+01
9.819304e+01
9.819304e+01
9.819304e+01
9.819304e+01
9.819304e+01
9.819304e+01
9.819304e+01
9.819304e+01
9.819304e+01
9.819304e+01
9.819304e+01
9.819304e+01
9.819304e+01
9.819304e+01
9.819304e+01
9.819304e+01
9.819304e+01
9.819304e+01
9.819304e+01
9.819304e+01
9.819304e+01
9.819304e+01
9.819304e+01
9.819304e+01
9.819304e+01
9.819304e+01
9.819304e+01
9.819304e+01
9.819304e+01
9.819304e+01
9.819304e+01
9.819304e+01
9.819304e+01
9.819304e+01
9.819304e+01
9.819304e+01
9.819304e+01
9.819304e+01
9.819304e+01
9.819304e+01
9.819304e+01
9.819304e+01
9.819304e+01
9.819304e+01
9.819304e+01
9.819304e+01
9.819304e+01
9.819304e+01
9.819304e+01
9.819304e+01
9.819304e+01
9.819304e+01
9.819304e+01
9.819304e+01
9.819304e+01
9.819304e+01
9.819304e+01
9.819304e+01
9.819304e+01
9.819304e+01
9.819304e+01
9.819304e+01
9.819304e+01
9.819304e+01
9.819304e+01
9.819304e+01
9.819304e+01
9.819304e+01
9.819304e+01
9.819304e+01
9.819304e+01
9.819304e+01
9.819304e+01
9.819304e+01
9.819304e+01
9.819304e+01
9.819304e+01
9.819304e+01
9.819304e+01
9.819304e+01
9.819304e+01
9.819304e+01
9.819304e+01
9.819304e+01
9.819304e+01
9.819304e+01
9.819304e+01
9.819304e+01
9.819304e+01
9.819304e+01
9.819304e+01
9.819304e+01
9.819304e+01
9.819304e+01
9.819304e+01
9.819304e+01
9.819304e+01
9.819304e+01
9.819304e+01
9.819304e+01
9.819304e+01
9.819304e+01
9.819304e+01
9.819304e+01
9.819304e+01
9.819304e+01
9.819304e+01
9.819304e+01
9.819304e+01
9.819304e+01
9.819304e+01
9.819304e+01
9.819304e+01
9.819304e+01
9.819304e+01
9.819304e+01
9.819304e+01
9.819304e+01
9.819304e+01
9.819304e+01
9.819304e+01
9.819304e+01
9.819304e+01
9.819304e+01
9.819304e+01
9.819304e+01
9.819304e+01
9.819304e+01
9.819304e+01
9.819304e+01
9.819304e+01
9.819304e+01
9.819304e+01
9.819304e+01
9.819304e+01
9.819304e+01
9.819304e+01
9.819304e+01
9.819304e+01
9.819304e+01
9.819304e+01
9.819304e+01
9.819304e+01
9.819304e+01
9.819304e+01
9.819304e+01
9.819304e+01
9.819304e+01
9.819304e+01
9.819304e+01
9.819304e+01
9.819304e+01
9.819304e+01
9.819304e+01
9.819304e+01
9.819304e+01
9.819304e+01
9.819304e+01
9.819304e+01
9.819304e+01
9.819304e+01
9.819304e+01
9.819304e+01
9.819304e+01
9.819304e+01
9.819304e+01
9.819304e+01
9.819304e+01
9.819304e+01
9.819304e+01
9.819304e+01
9.819304e+01
9.819304e+01
9.819304e+01
9.819304e+01
9.819304e+01
9.819304e+01
9.819304e+01
9.819304e+01
9.819304e+01
9.819304e+01
9.819304e+01
9.819304e+01
9.819304e+01
9.819304e+01
9.819304e+01
9.819304e+01
9.819304e+01
9.819304e+01
9.819304e+01
9.819304e+01
9.819304e+01
9.819304e+01
9.819304e+01
9.819304e+01
9.819304e+01
9.819304e+01
9.819304e+01
9.819304e+01
9.819304e+01
9.819304e+01
9.819304e+01
9.819304e+01
9.819304e+01
9.819304e+01
9.819304e+01
9.819304e+01
9.819304e+01
9.819304e+01
9.819304e+01
9.819304e+01
9.819304e+01
9.819304e+01
9.819304e+01
9.819304e+01
9.819304e+01
9.819304e+01
9.819304e+01
9.819304e+01
9.819304e+01
9.819304e+01
9.819304e+01
9.819304e+01
9.819304e+01
9.819304e+01
9.819304e+01
9.819304e+01
9.819304e+01
9.819304e+01
9.819304e+01
9.819304e+01
9.819304e+01
9.819304e+01
9.819304e+01
9.819304e+01
9.819304e+01
9.819304e+01
9.819304e+01
9.819304e+01
9.819304e+01
9.819304e+01
9.819304e+01
9.819304e+01
9.819304e+01
9.819304e+01
9.819304e+01
9.819304e+01
9.819304e+01
9.819304e+01
9.819304e+01
9.819304e+01
9.819304e+01
9.819304e+01
9.819304e+01
9.819304e+01
9.819304e+01
9.819304e+01
9.819304e+01
9.819304e+01
9.819304e+01
9.819304e+01
9.819304e+01
9.819304e+01
9.819304e+01
9.819304e+01
9.819304e+01
9.819304e+01
9.819304e+01
9.819304e+01
9.819304e+01
9.819304e+01
9.819304e+01
9.819304e+01
9.819304e+01
9.819304e+01
9.819304e+01
9.819304e+01
9.819304e+01
9.819304e+01
9.819304e+01
9.819304e+01
9.819304e+01
9.819304e+01
9.819304e+01
9.819304e+01
9.819304e+01
9.819304e+01
9.819304e+01
9.819304e+01
9.819304e+01
9.819304e+01
9.819304e+01
9.819304e+01
9.819304e+01
9.819304e+01
9.819304e+01
9.819304e+01
9.819304e+01
9.819304e+01
9.819304e+01
9.819304e+01
9.819304e+01
9.819304e+01
9.819304e+01
9.819304e+01
9.819304e+01
9.819304e+01
9.819304e+01
9.819304e+01
9.819304e+01
9.819304e+01
9.819304e+01
9.819304e+01
9.819304e+01
9.819304e+01
9.819304e+01
9.819304e+01
9.819304e+01
9.819304e+01
9.819304e+01
9.819304e+01
9.819304e+01
9.819304e+01
9.819304e+01
9.819304e+01
9.819304e+01
9.819304e+01
9.819304e+01
9.819304e+01
9.819304e+01
9.819304e+01
9.819304e+01
9.819304e+01
9.819304e+01
9.819304e+01
9.819304e+01
9.819304e+01
9.789151e+01
9.789151e+01
9.789151e+01
9.789151e+01
9.789151e+01
9.789151e+01
9.789151e+01
9.789151e+01
9.789151e+01
9.789151e+01
9.789151e+01
9.789151e+01
9.789151e+01
9.789151e+01
9.789151e+01
9.789151e+01
9.789151e+01
9.789151e+01
9.789151e+01
9.789151e+01
9.789151e+01
9.789151e+01
9.789151e+01
9.789151e+01
9.789151e+01
9.789151e+01
9.789151e+01
9.789151e+01
9.789151e+01
9.789151e+01
9.789151e+01
9.789151e+01
9.789151e+01
9.789151e+01
9.789151e+01
9.789151e+01
9.789151e+01
9.789151e+01
9.789151e+01
9.789151e+01
9.789151e+01
9.789151e+01
9.789151e+01
9.789151e+01
9.789151e+01
9.789151e+01
9.789151e+01
9.789151e+01
9.789151e+01
9.789151e+01
9.789151e+01
9.789151e+01
9.789151e+01
9.789151e+01
9.789151e+01
9.789151e+01
9.789151e+01
9.789151e+01
9.789151e+01
9.789151e+01
9.789151e+01
9.789151e+01
9.789151e+01
9.789151e+01
9.789151e+01
9.789151e+01
9.789151e+01
9.789151e+01
9.789151e+01
9.789151e+01
9.789151e+01
9.789151e+01
9.789151e+01
9.789151e+01
9.789151e+01
9.789151e+01
9.789151e+01
9.789151e+01
9.789151e+01
9.789151e+01
9.789151e+01
9.789151e+01
9.789151e+01
9.789151e+01
9.789151e+01
9.789151e+01
9.789151e+01
9.789151e+01
9.789151e+01
9.789151e+01
9.789151e+01
9.789151e+01
9.789151e+01
9.789151e+01
9.789151e+01
9.789151e+01
9.789151e+01
9.789151e+01
9.789151e+01
9.789151e+01
9.789151e+01
9.789151e+01
9.789151e+01
9.789151e+01
9.789151e+01
9.789151e+01
9.789151e+01
9.789151e+01
9.789151e+01
9.789151e+01
9.789151e+01
9.789151e+01
9.789151e+01
9.789151e+01
9.789151e+01
9.789151e+01
9.789151e+01
9.789151e+01
9.789151e+01
9.789151e+01
9.789151e+01
9.789151e+01
9.789151e+01
9.789151e+01
9.789151e+01
9.789151e+01
9.789151e+01
9.789151e+01
9.789151e+01
9.789151e+01
9.789151e+01
9.789151e+01
9.789151e+01
9.789151e+01
9.789151e+01
9.789151e+01
9.789151e+01
9.789151e+01
9.789151e+01
9.789151e+01
9.789151e+01
9.789151e+01
9.789151e+01
9.789151e+01
9.789151e+01
9.789151e+01
9.789151e+01
9.789151e+01
9.789151e+01
9.789151e+01
9.789151e+01
9.789151e+01
9.789151e+01
9.789151e+01
9.789151e+01
9.789151e+01
9.789151e+01
9.789151e+01
9.789151e+01
9.789151e+01
9.789151e+01
9.789151e+01
9.789151e+01
9.789151e+01
9.789151e+01
9.789151e+01
9.789151e+01
9.789151e+01
9.789151e+01
9.789151e+01
9.789151e+01
9.789151e+01
9.789151e+01
9.789151e+01
9.789151e+01
9.789151e+01
9.789151e+01
9.789151e+01
9.789151e+01
9.789151e+01
9.789151e+01
9.789151e+01
9.789151e+01
9.789151e+01
9.789151e+01
9.789151e+01
9.789151e+01
9.789151e+01
9.789151e+01
9.789151e+01
9.789151e+01
9.789151e+01
9.789151e+01
9.789151e+01
9.789151e+01
9.789151e+01
9.789151e+01
9.789151e+01
9.789151e+01
9.789151e+01
9.789151e+01
9.789151e+01
9.789151e+01
9.789151e+01
9.789151e+01
9.789151e+01
9.789151e+01
9.789151e+01
9.789151e+01
9.789151e+01
9.789151e+01
9.789151e+01
9.789151e+01
9.789151e+01
9.789151e+01
9.789151e+01
9.789151e+01
9.789151e+01
9.789151e+01
9.789151e+01
9.789151e+01
9.789151e+01
9.789151e+01
9.789151e+01
9.789151e+01
9.789151e+01
9.789151e+01
9.789151e+01
9.789151e+01
9.789151e+01
9.789151e+01
9.789151e+01
9.789151e+01
9.789151e+01
9.789151e+01
9.789151e+01
9.789151e+01
9.789151e+01
9.789151e+01
9.789151e+01
9.789151e+01
9.789151e+01
9.789151e+01
9.789151e+01
9.789151e+01
9.789151e+01
9.789151e+01
9.789151e+01
9.789151e+01
9.789151e+01
9.789151e+01
9.789151e+01
9.789151e+01
9.789151e+01
9.789151e+01
9.789151e+01
9.789151e+01
9.789151e+01
9.789151e+01
9.789151e+01
9.789151e+01
9.789151e+01
9.789151e+01
9.789151e+01
9.789151e+01
9.789151e+01
9.789151e+01
9.789151e+01
9.789151e+01
9.789151e+01
9.789151e+01
9.789151e+01
9.789151e+01
9.737940e+01
9.736494e+01
9.736494e+01
9.736494e+01
9.736494e+01
9.736494e+01
9.736494e+01
9.736494e+01
9.736494e+01
9.736494e+01
9.736494e+01
9.736494e+01
9.736494e+01
9.736494e+01
9.736494e+01
9.736494e+01
9.736494e+01
9.736494e+01
9.736494e+01
9.736494e+01
9.736494e+01
9.736494e+01
9.736494e+01
9.736494e+01
9.736494e+01
9.736494e+01
9.736494e+01
9.736494e+01
9.736494e+01
9.736494e+01
9.736494e+01
9.736494e+01
9.736494e+01
9.736494e+01
9.736494e+01
9.736494e+01
9.736494e+01
9.736494e+01
9.736494e+01
9.736494e+01
9.736494e+01
9.736494e+01
9.736494e+01
9.736494e+01
9.736494e+01
9.736494e+01
9.736494e+01
9.736494e+01
9.736494e+01
9.736494e+01
9.736494e+01
9.736494e+01
9.736494e+01
9.736494e+01
9.736494e+01
9.736494e+01
9.736494e+01
9.736494e+01
9.736494e+01
9.736494e+01
9.736494e+01
9.736494e+01
9.736494e+01
9.736494e+01
9.736494e+01
9.736494e+01
9.736494e+01
9.736494e+01
9.736494e+01
9.736494e+01
9.736494e+01
9.736494e+01
9.736494e+01
9.736494e+01
9.736494e+01
9.736494e+01
9.736494e+01
9.736494e+01
9.736494e+01
9.736494e+01
9.736494e+01
9.736494e+01
9.736494e+01
9.736494e+01
9.736494e+01
9.736494e+01
9.736494e+01
9.736494e+01
9.736494e+01
9.736494e+01
9.736494e+01
9.736494e+01
9.736494e+01
9.736494e+01
9.736494e+01
9.736494e+01
9.736494e+01
9.736494e+01
9.736494e+01
9.736494e+01
9.736494e+01
9.736494e+01
9.736494e+01
9.736494e+01
9.736494e+01
9.736494e+01
9.736494e+01
9.736494e+01
9.736494e+01
9.736494e+01
9.736494e+01
9.736494e+01
9.736494e+01
9.736494e+01
9.736494e+01
9.736494e+01
9.736494e+01
9.736494e+01
9.736494e+01
9.736494e+01
9.736494e+01
9.736494e+01
9.736494e+01
9.736494e+01
9.736494e+01
9.736494e+01
9.736494e+01
9.736494e+01
9.736494e+01
9.736494e+01
9.736494e+01
9.736494e+01
9.736494e+01
9.736494e+01
9.736494e+01
9.736494e+01
9.736494e+01
9.736494e+01
9.736494e+01
9.736494e+01
9.736494e+01
9.736494e+01
9.736494e+01
9.736494e+01
9.736494e+01
9.736494e+01
9.736494e+01
9.736494e+01
9.736494e+01
9.736494e+01
9.736494e+01
9.736494e+01
9.736494e+01
9.736494e+01
9.736494e+01
9.736494e+01
9.736494e+01
9.736494e+01
9.736494e+01
9.736494e+01
9.736494e+01
9.736494e+01
9.736494e+01
9.736494e+01
9.736494e+01
9.736494e+01
9.736494e+01
9.736494e+01
9.736494e+01
9.736494e+01
9.736494e+01
9.736494e+01
9.736494e+01
9.736494e+01
9.736494e+01
9.736494e+01
9.736494e+01
9.736494e+01
9.736494e+01
9.736494e+01
9.736494e+01
9.736494e+01
9.736494e+01
9.736494e+01
9.736494e+01
9.736494e+01
9.736494e+01
9.736494e+01
9.736494e+01
9.736494e+01
9.736494e+01
9.736494e+01
9.736494e+01
9.736494e+01
9.736494e+01
9.736494e+01
9.736494e+01
9.736494e+01
9.736494e+01
9.736494e+01
9.736494e+01
9.736494e+01
9.736494e+01
9.736494e+01
9.736494e+01
9.736494e+01
9.736494e+01
9.736494e+01
9.736494e+01
9.736494e+01
9.736494e+01
9.736494e+01
9.736494e+01
9.736494e+01
9.725470e+01
9.691108e+01
9.691108e+01
9.691108e+01
9.691108e+01
9.691108e+01
9.691108e+01
9.691108e+01
9.691108e+01
9.691108e+01
9.691108e+01
9.691108e+01
9.691108e+01
9.691108e+01
9.691108e+01
9.691108e+01
9.691108e+01
9.691108e+01
9.691108e+01
9.691108e+01
9.691108e+01
9.691108e+01
9.691108e+01
9.691108e+01
9.691108e+01
9.691108e+01
9.691108e+01
9.691108e+01
9.691108e+01
9.691108e+01
9.691108e+01
9.691108e+01
9.691108e+01
9.691108e+01
9.691108e+01
9.691108e+01
9.691108e+01
9.691108e+01
9.691108e+01
9.691108e+01
9.691108e+01
9.691108e+01
9.691108e+01
9.691108e+01
9.691108e+01
9.691108e+01
9.691108e+01
9.691108e+01
9.691108e+01
9.691108e+01
9.691108e+01
9.691108e+01
9.691108e+01
9.691108e+01
9.691108e+01
9.691108e+01
9.691108e+01
9.691108e+01
9.691108e+01
9.691108e+01
9.691108e+01
9.691108e+01
9.691108e+01
9.691108e+01
9.691108e+01
9.691108e+01
9.691108e+01
9.691108e+01
9.691108e+01
9.691108e+01
9.691108e+01
9.691108e+01
9.691108e+01
9.691108e+01
9.691108e+01
9.691108e+01
9.691108e+01
9.691108e+01
9.691108e+01
9.691108e+01
9.691108e+01
9.691108e+01
9.691108e+01
9.691108e+01
9.691108e+01
9.691108e+01
9.691108e+01
9.691108e+01
9.691108e+01
9.691108e+01
9.691108e+01
9.691108e+01
9.691108e+01
9.691108e+01
9.691108e+01
9.691108e+01
9.691108e+01
9.691108e+01
9.691108e+01
9.691108e+01
9.691108e+01
9.691108e+01
9.691108e+01
9.691108e+01
9.691108e+01
9.691108e+01
9.691108e+01
9.691108e+01
9.691108e+01
9.691108e+01
9.691108e+01
9.691108e+01
9.691108e+01
9.691108e+01
9.691108e+01
9.691108e+01
9.691108e+01
9.691108e+01
9.691108e+01
9.691108e+01
9.691108e+01
9.691108e+01
9.691108e+01
9.691108e+01
9.691108e+01
9.691108e+01
9.691108e+01
9.691108e+01
9.691108e+01
9.691108e+01
9.691108e+01
9.691108e+01
9.691108e+01
9.691108e+01
9.691108e+01
9.691108e+01
9.691108e+01
9.691108e+01
9.691108e+01
9.691108e+01
9.691108e+01
9.691108e+01
9.691108e+01
9.691108e+01
9.691108e+01
9.691108e+01
9.691108e+01
9.691108e+01
9.691108e+01
9.691108e+01
9.691108e+01
9.691108e+01
9.691108e+01
9.691108e+01
9.691108e+01
9.691108e+01
9.691108e+01
9.691108e+01
9.691108e+01
9.691108e+01
9.691108e+01
9.691108e+01
9.691108e+01
9.691108e+01
9.691108e+01
9.691108e+01
9.691108e+01
9.691108e+01
9.691108e+01
9.691108e+01
9.691108e+01
9.691108e+01
9.691108e+01
9.691108e+01
9.691108e+01
9.691108e+01
9.691108e+01
9.691108e+01
9.691108e+01
9.691108e+01
9.691108e+01
9.691108e+01
9.691108e+01
9.691108e+01
9.691108e+01
9.691108e+01
9.691108e+01
9.691108e+01
9.691108e+01
9.691108e+01
9.691108e+01
9.691108e+01
9.691108e+01
9.691108e+01
9.691108e+01
9.691108e+01
9.691108e+01
9.691108e+01
9.691108e+01
9.691108e+01
9.691108e+01
9.691108e+01
9.691108e+01
9.691108e+01
9.691108e+01
9.691108e+01
9.691108e+01
9.691108e+01
9.691108e+01
9.691108e+01
9.691108e+01
9.691108e+01
9.691108e+01
9.691108e+01
9.691108e+01
9.691108e+01
9.691108e+01
9.691108e+01
9.691108e+01
9.691108e+01
9.691108e+01
9.691108e+01
9.691108e+01
9.691108e+01
9.691108e+01
9.691108e+01
9.691108e+01
9.691108e+01
9.691108e+01
9.691108e+01
9.691108e+01
9.691108e+01
9.691108e+01
9.691108e+01
9.691108e+01
9.691108e+01
9.691108e+01
9.691108e+01
9.691108e+01
9.691108e+01
9.691108e+01
9.691108e+01
9.691108e+01
9.691108e+01
9.691108e+01
9.691108e+01
9.691108e+01
9.691108e+01
9.691108e+01
9.691108e+01
9.691108e+01
9.691108e+01
9.691108e+01
9.691108e+01
9.691108e+01
9.691108e+01
9.691108e+01
9.691108e+01
9.691108e+01
9.691108e+01
9.691108e+01
9.691108e+01
9.691108e+01
9.691108e+01
9.691108e+01
9.691108e+01
9.691108e+01
9.691108e+01
9.691108e+01
9.691108e+01
9.691108e+01
9.691108e+01
9.691108e+01
9.691108e+01
9.691108e+01
9.691108e+01
9.691108e+01
9.691108e+01
9.691108e+01
9.691108e+01
9.691108e+01
9.691108e+01
9.691108e+01
9.691108e+01
9.691108e+01
9.691108e+01
9.691108e+01
9.691108e+01
9.691108e+01
9.691108e+01
9.691108e+01
9.691108e+01
9.691108e+01
9.691108e+01
9.691108e+01
9.691108e+01
9.691108e+01
9.691108e+01
9.691108e+01
9.691108e+01
9.691108e+01
9.691108e+01
9.691108e+01
9.691108e+01
9.691108e+01
9.691108e+01
9.691108e+01
9.691108e+01
9.691108e+01
9.691108e+01
9.691108e+01
9.691108e+01
9.691108e+01
9.691108e+01
9.691108e+01
9.691108e+01
9.691108e+01
9.691108e+01
9.691108e+01
9.691108e+01
9.691108e+01
9.691108e+01
9.691108e+01
9.691108e+01
9.691108e+01
9.691108e+01
9.691108e+01
9.691108e+01
9.691108e+01
9.691108e+01
9.691108e+01
9.691108e+01
9.691108e+01
9.691108e+01
9.691108e+01
9.691108e+01
9.691108e+01
9.691108e+01
9.691108e+01
9.691108e+01
9.691108e+01
9.691108e+01
9.691108e+01
9.691108e+01
9.691108e+01
9.691108e+01
9.691108e+01
9.691108e+01
9.691108e+01
9.691108e+01
9.691108e+01
9.691108e+01
9.691108e+01
9.691108e+01
9.691108e+01
9.691108e+01
9.691108e+01
9.691108e+01
9.691108e+01
9.691108e+01
9.691108e+01
9.691108e+01
9.691108e+01
9.691108e+01
9.691108e+01
9.691108e+01
9.691108e+01
9.691108e+01
9.691108e+01
9.691108e+01
9.691108e+01
9.691108e+01
9.691108e+01
9.691108e+01
9.691108e+01
9.691108e+01
9.691108e+01
9.691108e+01
9.691108e+01
9.691108e+01
9.691108e+01
9.691108e+01
9.691108e+01
9.691108e+01
9.691108e+01
9.691108e+01
9.691108e+01
9.691108e+01
9.691108e+01
9.691108e+01
9.691108e+01
9.691108e+01
9.691108e+01
9.691108e+01
9.691108e+01
9.691108e+01
9.691108e+01
9.691108e+01
9.691108e+01
9.691108e+01
9.691108e+01
9.691108e+01
9.691108e+01
9.691108e+01
9.691108e+01
9.691108e+01
9.691108e+01
9.691108e+01
9.691108e+01
9.691108e+01
9.691108e+01
9.691108e+01
9.691108e+01
9.691108e+01
9.691108e+01
9.691108e+01
9.691108e+01
9.691108e+01
9.691108e+01
9.691108e+01
9.691108e+01
9.691108e+01
9.691108e+01
9.691108e+01
9.691108e+01
9.691108e+01
9.691108e+01
9.691108e+01
9.691108e+01
9.691108e+01
9.691108e+01
9.691108e+01
9.691108e+01
9.691108e+01
9.691108e+01
9.691108e+01
9.691108e+01
9.691108e+01
9.691108e+01
9.691108e+01
9.691108e+01
9.691108e+01
9.691108e+01
9.691108e+01
9.691108e+01
9.691108e+01
9.691108e+01
9.691108e+01
9.691108e+01
9.691108e+01
9.691108e+01
9.691108e+01
9.691108e+01
9.623124e+01
9.623124e+01
9.623124e+01
9.623124e+01
9.623124e+01
9.623124e+01
9.623124e+01
9.623124e+01
9.623124e+01
9.623124e+01
9.623124e+01
9.623124e+01
9.623124e+01
9.623124e+01
9.623124e+01
9.623124e+01
9.623124e+01
9.623124e+01
9.623124e+01
9.623124e+01
9.623124e+01
9.623124e+01
9.623124e+01
9.623124e+01
9.623124e+01
9.623124e+01
9.623124e+01
9.623124e+01
9.623124e+01
9.623124e+01
9.623124e+01
9.623124e+01
9.623124e+01
9.623124e+01
9.623124e+01
9.623124e+01
9.623124e+01
9.623124e+01
9.623124e+01
9.623124e+01
9.623124e+01
9.623124e+01
9.623124e+01
9.623124e+01
9.623124e+01
9.623124e+01
9.623124e+01
9.623124e+01
9.623124e+01
9.623124e+01
9.623124e+01
9.623124e+01
9.623124e+01
9.623124e+01
9.623124e+01
9.623124e+01
9.623124e+01
9.623124e+01
9.623124e+01
9.623124e+01
9.623124e+01
9.623124e+01
9.623124e+01
9.623124e+01
9.623124e+01
9.623124e+01
9.623124e+01
9.623124e+01
9.623124e+01
9.623124e+01
9.623124e+01
9.623124e+01
9.623124e+01
9.623124e+01
9.623124e+01
9.623124e+01
9.623124e+01
9.623124e+01
9.623124e+01
9.623124e+01
9.623124e+01
9.623124e+01
9.623124e+01
9.623124e+01
9.623124e+01
9.623124e+01
9.623124e+01
9.623124e+01
9.623124e+01
9.623124e+01
9.623124e+01
9.623124e+01
9.623124e+01
9.623124e+01
9.623124e+01
9.623124e+01
9.623124e+01
9.623124e+01
9.623124e+01
9.623124e+01
9.623124e+01
9.623124e+01
9.623124e+01
9.623124e+01
9.623124e+01
9.623124e+01
9.623124e+01
9.623124e+01
9.623124e+01
9.623124e+01
9.623124e+01
9.623124e+01
9.623124e+01
9.623124e+01
9.623124e+01
9.623124e+01
9.623124e+01
9.623124e+01
9.623124e+01
9.623124e+01
9.623124e+01
9.623124e+01
9.623124e+01
9.623124e+01
9.623124e+01
9.623124e+01
9.623124e+01
9.623124e+01
9.623124e+01
9.623124e+01
9.623124e+01
9.623124e+01
9.623124e+01
9.623124e+01
9.623124e+01
9.623124e+01
9.623124e+01
9.623124e+01
9.623124e+01
9.623124e+01
9.623124e+01
9.623124e+01
9.623124e+01
9.623124e+01
9.623124e+01
9.623124e+01
9.623124e+01
9.623124e+01
9.623124e+01
9.623124e+01
9.623124e+01
9.623124e+01
9.623124e+01
9.623124e+01
9.623124e+01
9.623124e+01
9.623124e+01
9.623124e+01
9.623124e+01
9.623124e+01
9.623124e+01
9.623124e+01
9.623124e+01
9.623124e+01
9.623124e+01
9.623124e+01
9.623124e+01
9.623124e+01
9.614655e+01
9.614655e+01
9.614655e+01
9.614655e+01
9.614655e+01
9.614655e+01
9.614655e+01
9.614655e+01
9.614655e+01
9.605533e+01
9.605533e+01
9.605533e+01
9.605533e+01
9.605533e+01
9.605533e+01
9.605533e+01
9.605533e+01
9.605533e+01
9.605533e+01
9.605533e+01
9.605533e+01
9.605533e+01
9.605533e+01
9.605533e+01
9.605533e+01
9.605533e+01
9.605533e+01
9.605533e+01
9.605533e+01
9.605533e+01
9.605533e+01
9.605533e+01
9.605533e+01
9.605533e+01
9.605533e+01
9.605533e+01
9.605533e+01
9.605533e+01
9.605533e+01
9.605533e+01
9.605533e+01
9.605533e+01
9.605533e+01
9.605533e+01
9.605533e+01
9.605533e+01
9.605533e+01
9.605533e+01
9.605533e+01
9.605533e+01
9.605533e+01
9.605533e+01
9.605533e+01
9.605533e+01
9.605533e+01
9.605533e+01
9.605533e+01
9.605533e+01
9.605533e+01
9.605533e+01
9.605533e+01
9.605533e+01
9.605533e+01
9.605533e+01
9.605533e+01
9.605533e+01
9.605533e+01
9.605533e+01
9.605533e+01
9.605533e+01
9.605533e+01
9.605533e+01
9.605533e+01
9.605533e+01
9.605533e+01
9.605533e+01
9.605533e+01
9.605533e+01
9.605533e+01
9.605533e+01
9.605533e+01
9.605533e+01
9.605533e+01
9.605533e+01
9.605533e+01
9.605533e+01
9.605533e+01
9.605533e+01
9.605533e+01
9.605533e+01
9.605533e+01
9.605533e+01
9.605533e+01
9.605533e+01
9.605533e+01
9.605533e+01
9.605533e+01
9.605533e+01
9.605533e+01
9.605533e+01
9.605533e+01
9.605533e+01
9.605533e+01
9.605533e+01
9.605533e+01
9.605533e+01
9.605533e+01
9.605533e+01
9.605533e+01
9.605533e+01
9.605533e+01
9.605533e+01
9.605533e+01
9.605533e+01
9.605533e+01
9.605533e+01
9.605533e+01
9.605533e+01
9.605533e+01
9.605533e+01
9.605533e+01
9.605533e+01
9.605533e+01
9.605533e+01
9.605533e+01
9.605533e+01
9.605533e+01
9.605533e+01
9.605533e+01
9.605533e+01
9.605533e+01
9.605533e+01
9.605533e+01
9.605533e+01
9.605533e+01
9.605533e+01
9.605533e+01
9.605533e+01
9.605533e+01
9.605533e+01
9.605533e+01
9.605533e+01
9.605533e+01
9.605533e+01
9.605533e+01
9.605533e+01
9.605533e+01
9.605533e+01
9.605533e+01
9.605533e+01
9.605533e+01
9.605533e+01
9.605533e+01
9.605533e+01
9.605533e+01
9.605533e+01
9.605533e+01
9.605533e+01
9.605533e+01
9.605533e+01
9.605533e+01
9.605533e+01
9.605533e+01
9.605533e+01
9.605533e+01
9.605533e+01
9.605533e+01
9.605533e+01
9.605533e+01
9.605533e+01
9.605533e+01
9.605533e+01
9.605533e+01
9.605533e+01
9.605533e+01
9.605533e+01
9.605533e+01
9.605533e+01
9.605533e+01
9.605533e+01
9.605533e+01
9.605533e+01
9.605533e+01
9.605533e+01
9.605533e+01
9.605533e+01
9.605533e+01
9.605533e+01
9.605533e+01
9.605533e+01
9.605533e+01
9.605533e+01
9.605533e+01
9.605533e+01
9.605533e+01
9.605533e+01
9.605533e+01
9.605533e+01
9.605533e+01
9.605533e+01
9.605533e+01
9.605533e+01
9.605533e+01
9.605533e+01
9.605533e+01
9.605533e+01
9.605533e+01
9.605533e+01
9.605533e+01
9.605533e+01
9.605533e+01
9.605533e+01
9.605533e+01
9.605533e+01
9.605533e+01
9.605533e+01
9.605533e+01
9.605533e+01
9.605533e+01
9.605533e+01
9.605533e+01
9.605533e+01
9.605533e+01
9.605533e+01
9.605533e+01
9.605533e+01
9.605533e+01
9.605533e+01
9.605533e+01
9.605533e+01
9.605533e+01
9.605533e+01
9.605533e+01
9.605533e+01
9.605533e+01
9.605533e+01
9.605533e+01
9.605533e+01
9.605533e+01
9.605533e+01
9.605533e+01
9.605533e+01
9.605533e+01
9.605533e+01
9.605533e+01
9.605533e+01
9.605533e+01
9.605533e+01
9.605533e+01
9.605533e+01
9.605533e+01
9.605533e+01
9.605533e+01
9.605533e+01
9.605533e+01
9.605533e+01
9.605533e+01
9.605533e+01
9.605533e+01
9.605533e+01
9.605533e+01
9.605533e+01
9.605533e+01
9.605533e+01
9.605533e+01
9.605533e+01
9.605533e+01
9.605533e+01
9.605533e+01
9.605533e+01
9.605533e+01
9.605533e+01
9.605533e+01
9.605533e+01
9.605533e+01
9.605533e+01
9.605533e+01
9.605533e+01
9.605533e+01
9.605533e+01
9.605533e+01
9.605533e+01
9.605533e+01
9.605533e+01
9.605533e+01
9.605533e+01
9.605533e+01
9.605533e+01
9.605533e+01
9.605533e+01
9.605533e+01
9.605533e+01
9.605533e+01
9.605533e+01
9.605533e+01
9.605533e+01
9.605533e+01
9.605533e+01
9.605533e+01
9.605533e+01
9.605533e+01
9.605533e+01
9.605533e+01
9.605533e+01
9.605533e+01
9.605533e+01
9.605533e+01
9.605533e+01
9.605533e+01
9.605533e+01
9.605533e+01
9.605533e+01
9.605533e+01
9.605533e+01
9.605533e+01
9.605533e+01
9.605533e+01
9.605533e+01
9.605533e+01
9.605533e+01
9.605533e+01
9.605533e+01
9.605533e+01
9.605533e+01
9.605533e+01
9.605533e+01
9.605533e+01
9.605533e+01
9.605533e+01
9.605533e+01
9.605533e+01
9.605533e+01
9.605533e+01
9.605533e+01
9.605533e+01
9.605533e+01
9.605533e+01
9.605533e+01
9.605533e+01
9.605533e+01
9.605533e+01
9.605533e+01
9.605533e+01
9.605533e+01
9.605533e+01
9.605533e+01
9.605533e+01
9.605533e+01
9.605533e+01
9.605533e+01
9.605533e+01
9.605533e+01
9.605533e+01
9.605533e+01
9.605533e+01
9.605533e+01
9.605533e+01
9.605533e+01
9.605533e+01
9.605533e+01
9.605533e+01
9.605533e+01
9.605533e+01
9.605533e+01
9.605533e+01
9.605533e+01
9.605533e+01
9.605533e+01
9.605533e+01
9.605533e+01
9.605533e+01
9.605533e+01
9.605533e+01
9.605533e+01
9.605533e+01
9.605533e+01
9.605533e+01
9.605533e+01
9.605533e+01
9.605533e+01
9.605533e+01
9.605533e+01
9.605533e+01
9.605533e+01
9.605533e+01
9.605533e+01
9.605533e+01
9.605533e+01
9.605533e+01
9.605533e+01
9.605533e+01
9.605533e+01
9.605533e+01
9.605533e+01
9.605533e+01
9.605533e+01
9.605533e+01
9.605533e+01
9.605533e+01
9.605533e+01
9.605533e+01
9.605533e+01
9.605533e+01
9.605533e+01
9.605533e+01
9.605533e+01
9.605533e+01
9.605533e+01
9.605533e+01
9.605533e+01
9.605533e+01
9.605533e+01
9.605533e+01
9.605533e+01
9.605533e+01
9.605533e+01
9.605533e+01
9.605533e+01
9.605533e+01
9.605533e+01
9.605533e+01
9.605533e+01
9.605533e+01
9.605533e+01
9.605533e+01
9.605533e+01
9.605533e+01
9.605533e+01
9.605533e+01
9.605533e+01
9.605533e+01
9.605533e+01
9.605533e+01
9.605533e+01
9.605533e+01
9.605533e+01
9.605533e+01
9.605533e+01
9.605533e+01
9.605533e+01
9.605533e+01
9.605533e+01
9.605533e+01
9.605533e+01
9.605533e+01
9.605533e+01
9.605533e+01
9.605533e+01
9.605533e+01
9.605533e+01
9.605533e+01
9.605533e+01
9.605533e+01
9.605533e+01
9.605533e+01
9.605533e+01
9.605533e+01
9.605533e+01
9.605533e+01
9.605533e+01
9.605533e+01
9.605533e+01
9.605533e+01
9.605533e+01
9.605533e+01
9.605533e+01
9.605533e+01
9.605533e+01
9.605533e+01
9.605533e+01
9.605533e+01
9.605533e+01
9.605533e+01
9.605533e+01
9.605533e+01
9.605533e+01
9.605533e+01
9.605533e+01
9.605533e+01
9.605533e+01
9.605533e+01
9.605533e+01
9.605533e+01
9.605533e+01
9.605533e+01
9.605533e+01
9.605533e+01
9.605533e+01
9.605533e+01
9.605533e+01
9.605533e+01
9.605533e+01
9.605533e+01
9.605533e+01
9.605533e+01
9.605533e+01
9.605533e+01
9.605533e+01
9.605533e+01
9.605533e+01
9.605533e+01
9.605533e+01
9.605533e+01
9.605533e+01
9.605533e+01
9.605533e+01
9.605533e+01
9.605533e+01
9.605533e+01
9.605533e+01
9.605533e+01
9.605533e+01
9.605533e+01
9.605533e+01
9.605533e+01
9.605533e+01
9.605533e+01
9.605533e+01
9.605533e+01
9.605533e+01
9.605533e+01
9.605533e+01
9.605533e+01
9.605533e+01
9.605533e+01
9.605533e+01
9.605533e+01
9.605533e+01
9.605533e+01
9.605533e+01
9.605533e+01
9.605533e+01
9.605533e+01
9.605533e+01
9.605533e+01
9.605533e+01
9.605533e+01
9.605533e+01
9.605533e+01
9.605533e+01
9.605533e+01
9.605533e+01
9.605533e+01
9.605533e+01
9.605533e+01
9.605533e+01
9.605533e+01
9.605533e+01
9.605533e+01
9.605533e+01
9.605533e+01
9.605533e+01
9.605533e+01
9.605533e+01
9.605533e+01
9.605533e+01
9.605533e+01
9.605533e+01
9.605533e+01
9.605533e+01
9.605533e+01
9.605533e+01
9.605533e+01
9.605533e+01
9.605533e+01
9.605533e+01
9.605533e+01
9.605533e+01
9.605533e+01
9.605533e+01
9.605533e+01
9.605533e+01
9.605533e+01
9.605533e+01
9.605533e+01
9.605533e+01
9.605533e+01
9.605533e+01
9.605533e+01
9.605533e+01
9.605533e+01
9.605533e+01
9.605533e+01
9.605533e+01
9.605533e+01
9.605533e+01
9.605533e+01
9.605533e+01
9.605533e+01
9.605533e+01
9.605533e+01
9.605533e+01
9.605533e+01
9.605533e+01
9.605533e+01
9.605533e+01
9.605533e+01
9.605533e+01
9.605533e+01
9.605533e+01
9.605533e+01
9.605533e+01
9.605533e+01
9.605533e+01
9.605533e+01
9.605533e+01
9.605533e+01
9.605533e+01
9.605533e+01
9.605533e+01
9.605533e+01
9.605533e+01
9.605533e+01
9.605533e+01
9.605533e+01
9.605533e+01
9.605533e+01
9.605533e+01
9.605533e+01
9.605533e+01
9.605533e+01
9.605533e+01
9.605533e+01
9.605533e+01
9.605533e+01
9.605533e+01
9.605533e+01
9.605533e+01
9.605533e+01
9.605533e+01
9.605533e+01
9.605533e+01
9.605533e+01
9.605533e+01
9.605533e+01
9.605533e+01
9.605533e+01
9.605533e+01
9.605533e+01
9.605533e+01
9.605533e+01
9.605533e+01
9.605533e+01
9.605533e+01
9.605533e+01
9.605533e+01
9.605533e+01
9.605533e+01
9.605533e+01
9.605533e+01
9.605533e+01
9.605533e+01
9.605533e+01
9.605533e+01
9.605533e+01
9.605533e+01
9.605533e+01
9.605533e+01
9.605533e+01
9.605533e+01
9.605533e+01
9.605533e+01
9.605533e+01
9.605533e+01
9.605533e+01
9.605533e+01
9.605533e+01
9.605533e+01
9.605533e+01
9.605533e+01
9.605533e+01
9.605533e+01
9.605533e+01
9.605533e+01
9.605533e+01
9.605533e+01
9.605533e+01
9.605533e+01
9.605533e+01
9.605533e+01
9.605533e+01
9.605533e+01
9.605533e+01
9.605533e+01
9.605533e+01
9.605533e+01
9.605533e+01
9.605533e+01
9.605533e+01
9.605533e+01
9.605533e+01
9.605533e+01
9.605533e+01
9.605533e+01
9.605533e+01
9.605533e+01
9.605533e+01
9.605533e+01
9.605533e+01
9.605533e+01
9.605533e+01
9.605533e+01
9.605533e+01
9.605533e+01
9.605533e+01
9.605533e+01
9.605533e+01
9.605533e+01
9.605533e+01
9.605533e+01
9.605533e+01
9.605533e+01
9.605533e+01
9.605533e+01
9.605533e+01
9.605533e+01
9.605533e+01
9.605533e+01
9.605533e+01
9.605533e+01
9.605533e+01
9.605533e+01
9.605533e+01
9.605533e+01
9.605533e+01
9.605533e+01
9.605533e+01
9.605533e+01
9.605533e+01
9.605533e+01
9.605533e+01
9.605533e+01
9.605533e+01
9.605533e+01
9.605533e+01
9.605533e+01
9.605533e+01
9.605533e+01
9.605533e+01
9.605533e+01
9.605533e+01
9.605533e+01
