6.454783e+02  1.964757e+01
5.787248e+02  2.892351e+01
5.292687e+02  8.562511e+00
5.017310e+02  1.394164e+01
4.726911e+02  9.934206e+00
4.555854e+02  4.003415e+00
4.484431e+02  3.262546e+00
4.403901e+02  4.299949e+00
4.314874e+02  3.624471e+00
4.237564e+02  2.942333e+00
4.172786e+02  3.839775e+00
4.087318e+02  2.910415e+00
4.021366e+02  3.493653e+00
3.926192e+02  5.047700e+00
3.814622e+02  4.509524e+00
3.737057e+02  4.298974e+00
3.655421e+02  2.694285e+00
3.607391e+02  2.618611e+00
3.536515e+02  3.865227e+00
3.466759e+02  1.542236e+00
3.429271e+02  2.204334e+00
3.388094e+02  1.500034e+00
3.348515e+02  2.291175e+00
3.292071e+02  2.862514e+00
3.242091e+02  1.638201e+00
3.189425e+02  4.060655e+00
3.120010e+02  1.422416e+00
3.081212e+02  2.563250e+00
3.033937e+02  1.578532e+00
3.006817e+02  1.404657e+00
2.983872e+02  1.423687e+00
2.960643e+02  9.530778e-01
2.929116e+02  2.669989e+00
2.869795e+02  2.995634e+00
2.801590e+02  3.524019e+00
2.732022e+02  2.264203e+00
2.705010e+02  1.258230e-01
2.696551e+02  9.694995e-01
2.667943e+02  1.761467e+00
2.635164e+02  1.455257e+00
2.606846e+02  1.365971e+00
2.589406e+02  3.352591e-01
2.575227e+02  1.355218e+00
2.549214e+02  1.671512e+00
2.523552e+02  9.410260e-01
2.512593e+02  5.707531e-01
2.497632e+02  1.056493e+00
2.483776e+02  2.093793e-01
2.477761e+02  5.147845e-01
2.460990e+02  1.707699e+00
2.421795e+02  2.897050e+00
2.375720e+02  1.775697e+00
2.346060e+02  1.590076e+00
2.311595e+02  1.938512e+00
2.274707e+02  1.335009e+00
2.249186e+02  9.503999e-01
2.233698e+02  5.534350e-01
2.216606e+02  9.745489e-01
2.196185e+02  1.033466e+00
2.176015e+02  8.721246e-01
2.164359e+02  1.638262e-01
2.159392e+02  5.033224e-01
2.146871e+02  6.353682e-01
2.136193e+02  7.070255e-01
2.127668e+02  2.103867e-01
2.122630e+02  7.912976e-01
2.109413e+02  5.138219e-01
2.103472e+02  5.340669e-01
2.096306e+02  9.947598e-13
2.096289e+02  2.882311e-02
2.095237e+02  2.507408e-01
2.085297e+02  1.065438e+00
2.070546e+02  8.432615e-01
2.061761e+02  6.279544e-01
2.053420e+02  1.514899e-01
2.052580e+02  7.340972e-02
2.047449e+02  5.976019e-01
2.038445e+02  2.835419e-01
2.029102e+02  6.136572e-01
2.021442e+02  3.505955e-01
2.011128e+02  6.563993e-01
1.998966e+02  6.122354e-01
1.990083e+02  2.069540e-01
1.988523e+02  5.750734e-02
1.988249e+02  9.688037e-02
1.982255e+02  9.474577e-01
1.966608e+02  4.831691e-13
1.966579e+02  4.333033e-02
1.963759e+02  3.533112e-01
1.958956e+02  9.383289e-02
1.956935e+02  1.974577e-01
1.951402e+02  3.270218e-01
1.946844e+02  1.488106e-01
1.944545e+02  6.151545e-02
1.942640e+02  1.694225e-01
1.938350e+02  3.234212e-01
1.933519e+02  3.348462e-02
1.932466e+02  2.231697e-01
1.929037e+02  3.328258e-01
1.922563e+02  9.388043e-01
1.907526e+02  9.896489e-01
1.897497e+02  4.422119e-01
1.888002e+02  4.994641e-01
1.880284e+02  2.884671e-01
1.872992e+02  5.851656e-01
1.864393e+02  2.987034e-01
1.860711e+02  2.418578e-01
1.856192e+02  1.945392e-01
1.850122e+02  1.104586e+00
1.831970e+02  1.224320e+00
1.822653e+02  2.972258e-01
1.817250e+02  2.106497e-01
1.816053e+02  3.185761e-02
1.813534e+02  3.434074e-01
1.807008e+02  3.020403e-01
1.798995e+02  4.317697e-01
1.793594e+02  2.160210e-03
1.793451e+02  2.832539e-02
1.791971e+02  1.701153e-01
1.789416e+02  3.400915e-02
1.788037e+02  2.473622e-01
1.782184e+02  4.561855e-01
1.776103e+02  1.728850e-01
1.771128e+02  3.331844e-01
1.766743e+02  3.756774e-01
1.756849e+02  3.459322e-01
1.754565e+02  2.777721e-02
1.753869e+02  1.975958e-01
1.750568e+02  2.970401e-01
1.748360e+02  5.115908e-13
1.748360e+02  5.115908e-13
1.748359e+02  1.763792e-03
1.748255e+02  1.744440e-02
1.748005e+02  3.210896e-02
1.745636e+02  3.107509e-01
1.741483e+02  9.379164e-13
1.741483e+02  9.376959e-13
1.741472e+02  1.961643e-02
1.740282e+02  1.893698e-01
1.737783e+02  1.450488e-01
1.737176e+02  1.573802e-02
1.736168e+02  1.595167e-01
1.733724e+02  4.683406e-02
1.733660e+02  8.445601e-13
1.733660e+02  8.242296e-13
1.733645e+02  2.657814e-02
1.731518e+02  2.650626e-01
1.728035e+02  2.479055e-02
1.726952e+02  1.949922e-01
1.724004e+02  1.775756e-01
1.723179e+02  6.538179e-13
1.723179e+02  6.731039e-13
1.723179e+02  7.105427e-13
1.723179e+02  7.105427e-13
1.723175e+02  9.035809e-03
1.722633e+02  8.979043e-02
1.721227e+02  6.012192e-02
1.717812e+02  4.530299e-01
1.709312e+02  3.958980e-01
1.703059e+02  9.947598e-13
1.703058e+02  1.776097e-03
1.702953e+02  1.364420e-02
1.702749e+02  4.587530e-02
1.699821e+02  3.984327e-01
1.692347e+02  3.756245e-01
1.687665e+02  1.014866e-01
1.682437e+02  5.411936e-01
1.674132e+02  8.944524e-02
1.671120e+02  3.106132e-01
1.666831e+02  1.421085e-13
1.666831e+02  1.420176e-13
1.666831e+02  1.338659e-13
1.666825e+02  1.346518e-02
1.666176e+02  1.240988e-01
1.664339e+02  1.150449e-01
1.662976e+02  1.209145e-01
1.659783e+02  2.299104e-01
1.656210e+02  1.002202e-02
1.655541e+02  1.027788e-01
1.654101e+02  5.212882e-02
1.653971e+02  3.126388e-13
1.653971e+02  3.126388e-13
1.653971e+02  3.126388e-13
1.653963e+02  1.736133e-02
1.652634e+02  1.845868e-01
1.650085e+02  1.222134e-12
1.650085e+02  1.222134e-12
1.650085e+02  1.222134e-12
1.650073e+02  2.186393e-02
1.648894e+02  2.022385e-01
1.644266e+02  3.456588e-01
1.638679e+02  2.405461e-01
1.634771e+02  8.318923e-02
1.633782e+02  1.136868e-12
1.633782e+02  1.136868e-12
1.633782e+02  1.136868e-12
1.633777e+02  1.051592e-02
1.633020e+02  1.149976e-01
1.629565e+02  2.370329e-01
1.626212e+02  2.842171e-13
1.626212e+02  2.842171e-13
1.626210e+02  4.610738e-03
1.625892e+02  6.191421e-02
1.623265e+02  3.679465e-01
1.616671e+02  3.414545e-01
1.613838e+02  1.850928e-02
1.612881e+02  1.758212e-01
1.610409e+02  2.263832e-01
1.608335e+02  1.225528e-01
1.607720e+02  2.557954e-13
1.607720e+02  2.557954e-13
1.607720e+02  2.557954e-13
1.607720e+02  2.557954e-13
1.607720e+02  2.557954e-13
1.607720e+02  2.557954e-13
1.607720e+02  2.557954e-13
1.607714e+02  1.191507e-02
1.606857e+02  1.255639e-01
1.604259e+02  1.013999e-01
1.602964e+02  7.105427e-13
1.602963e+02  7.951925e-04
1.602909e+02  8.231849e-03
1.602786e+02  1.136868e-12
1.602786e+02  1.136868e-12
1.602784e+02  4.587396e-03
1.602466e+02  5.579745e-02
1.600275e+02  2.760482e-01
1.596297e+02  1.787381e-01
1.593892e+02  2.701895e-01
1.589917e+02  1.278977e-12
1.589917e+02  1.278977e-12
1.589917e+02  1.278977e-12
1.589917e+02  1.278977e-12
1.589917e+02  1.278977e-12
1.589917e+02  1.278977e-12
1.589917e+02  1.278977e-12
1.589907e+02  2.155437e-02
1.588134e+02  2.486562e-01
1.580846e+02  6.872161e-01
1.568278e+02  5.074334e-01
1.563104e+02  4.541500e-02
1.562253e+02  4.240735e-02
1.561577e+02  4.645472e-03
1.561536e+02  5.684342e-14
1.561536e+02  5.684342e-14
1.561536e+02  5.684342e-14
1.561536e+02  5.684342e-14
1.561536e+02  5.684342e-14
1.561536e+02  5.684342e-14
1.561536e+02  5.684342e-14
1.561526e+02  2.104849e-02
1.560134e+02  2.148906e-01
1.556853e+02  3.638392e-02
1.556824e+02  1.620037e-12
1.556824e+02  1.620037e-12
1.556824e+02  1.620037e-12
1.556819e+02  1.216370e-02
1.555964e+02  1.265776e-01
1.554102e+02  1.989520e-13
1.554102e+02  1.989520e-13
1.554091e+02  2.346547e-02
1.552389e+02  2.461998e-01
1.548849e+02  9.379164e-13
1.548849e+02  1.502699e-04
1.548804e+02  4.509465e-02
1.546479e+02  3.037696e-01
1.540944e+02  3.032919e-01
1.536838e+02  1.468558e-02
1.535690e+02  1.567481e-01
1.533558e+02  5.684342e-14
1.533556e+02  3.592363e-03
1.533297e+02  3.763101e-02
1.532754e+02  4.832894e-13
1.532742e+02  2.543281e-02
1.531572e+02  2.306099e-01
1.528202e+02  2.285575e-01
1.526739e+02  1.400202e-01
1.523672e+02  2.326421e-01
1.520941e+02  4.831691e-13
1.520941e+02  4.831691e-13
1.520941e+02  4.831691e-13
1.520941e+02  4.831691e-13
1.520941e+02  4.831691e-13
1.520941e+02  4.831691e-13
1.520941e+02  4.831691e-13
1.520941e+02  4.831691e-13
1.520937e+02  9.221477e-03
1.520393e+02  9.100851e-02
1.518982e+02  4.498610e-02
1.518877e+02  8.526513e-14
1.518877e+02  8.526513e-14
1.518871e+02  1.174518e-02
1.518046e+02  1.222225e-01
1.516248e+02  1.648459e-12
1.516248e+02  1.648459e-12
1.516242e+02  1.358557e-02
1.515196e+02  1.446520e-01
1.513207e+02  1.705303e-12
1.513207e+02  1.705303e-12
1.513204e+02  5.845982e-03
1.512765e+02  6.189628e-02
1.511898e+02  8.242296e-13
1.511898e+02  8.242296e-13
1.511898e+02  8.242296e-13
1.511898e+02  8.242296e-13
1.511898e+02  8.242296e-13
1.511898e+02  8.242296e-13
1.511898e+02  8.242296e-13
1.511898e+02  8.242296e-13
1.511898e+02  8.242296e-13
1.511898e+02  8.242296e-13
1.511898e+02  8.242296e-13
1.511898e+02  8.242296e-13
1.511898e+02  8.242296e-13
1.511891e+02  1.684427e-02
1.510607e+02  1.791261e-01
1.508140e+02  1.227224e-01
1.505661e+02  1.929746e-01
1.503210e+02  4.305175e-02
1.502599e+02  1.757930e-02
1.501181e+02  1.911738e-01
1.497009e+02  2.208545e-01
1.494077e+02  1.989520e-12
1.494077e+02  1.989520e-12
1.494077e+02  1.989520e-12
1.494077e+02  1.989520e-12
1.494077e+02  1.989520e-12
1.494077e+02  1.989520e-12
1.494075e+02  5.006618e-03
1.493720e+02  5.218791e-02
1.492956e+02  2.557954e-13
1.492956e+02  2.557954e-13
1.492956e+02  2.557954e-13
1.492956e+02  2.557954e-13
1.492945e+02  2.416270e-02
1.491496e+02  2.401090e-01
1.487630e+02  6.517255e-02
1.487548e+02  1.932676e-12
1.487548e+02  1.932676e-12
1.487548e+02  1.932676e-12
1.487548e+02  1.932676e-12
1.487548e+02  1.932676e-12
1.487548e+02  1.932676e-12
1.487548e+02  1.932676e-12
1.487548e+02  1.932676e-12
1.487548e+02  1.932676e-12
1.487548e+02  1.932676e-12
1.487548e+02  1.932676e-12
1.487547e+02  7.988804e-04
1.487484e+02  8.551049e-03
1.487369e+02  7.958079e-13
1.487369e+02  7.958079e-13
1.487369e+02  7.958079e-13
1.487369e+02  7.958079e-13
1.487369e+02  7.958079e-13
1.487364e+02  1.196765e-02
1.486740e+02  1.194336e-01
1.483420e+02  3.816908e-01
1.477865e+02  1.862425e-01
1.477341e+02  1.307399e-12
1.477341e+02  1.307399e-12
1.477341e+02  1.307399e-12
1.477341e+02  4.415971e-04
1.477320e+02  4.067531e-03
1.477254e+02  3.188755e-03
1.477242e+02  2.557954e-13
1.477242e+02  2.557954e-13
1.477242e+02  2.557954e-13
1.477242e+02  2.557954e-13
1.477242e+02  2.557954e-13
1.477242e+02  2.557954e-13
1.477242e+02  2.557954e-13
1.477237e+02  1.104713e-02
1.476817e+02  9.331434e-02
1.475348e+02  1.046867e-01
1.474769e+02  6.536993e-13
1.474769e+02  6.536993e-13
1.474758e+02  2.535134e-02
1.473314e+02  2.475583e-01
1.469835e+02  1.900894e-01
1.469095e+02  5.968559e-13
1.469095e+02  5.968559e-13
1.469095e+02  5.968559e-13
1.469095e+02  5.968559e-13
1.469095e+02  5.968559e-13
1.469095e+02  5.968559e-13
1.469095e+02  5.968559e-13
1.469095e+02  5.968559e-13
1.469095e+02  5.968559e-13
1.469093e+02  5.421732e-03
1.468730e+02  5.569834e-02
1.467823e+02  6.530852e-03
1.467750e+02  7.389644e-13
1.467750e+02  7.389644e-13
1.467750e+02  7.389644e-13
1.467750e+02  7.389644e-13
1.467750e+02  7.389644e-13
1.467750e+02  7.389644e-13
1.467733e+02  3.703626e-02
1.466270e+02  3.146438e-01
1.461274e+02  3.379828e-01
1.459460e+02  6.252776e-13
1.459460e+02  6.252776e-13
1.459451e+02  2.155437e-02
1.457656e+02  2.334415e-01
1.454636e+02  3.126388e-13
1.454635e+02  2.202097e-03
1.454498e+02  2.213102e-02
1.454184e+02  1.428045e-02
1.453946e+02  2.153866e-02
1.453710e+02  2.842171e-13
1.453696e+02  3.095105e-02
1.452089e+02  2.933218e-01
1.448121e+02  4.090294e-01
1.425290e+02  2.990803e+00
1.381046e+02  2.261873e-01
1.377580e+02  4.263256e-13
1.377580e+02  4.263256e-13
1.377580e+02  4.263256e-13
1.377580e+02  4.263256e-13
1.377580e+02  4.263256e-13
1.377580e+02  4.263256e-13
1.377577e+02  6.448545e-03
1.377035e+02  6.998784e-02
1.376137e+02  1.023182e-12
1.376137e+02  1.023182e-12
1.376137e+02  1.023182e-12
1.376137e+02  1.023182e-12
1.376137e+02  1.023182e-12
1.376137e+02  1.023182e-12
1.376137e+02  1.023182e-12
1.376137e+02  1.023182e-12
1.376137e+02  1.023182e-12
1.376137e+02  1.023182e-12
1.376137e+02  1.023182e-12
1.376137e+02  1.023182e-12
1.376137e+02  1.023182e-12
1.376137e+02  1.023182e-12
1.376137e+02  1.023182e-12
1.376137e+02  1.023182e-12
1.376137e+02  1.023182e-12
1.376137e+02  1.023182e-12
1.376135e+02  3.308192e-03
1.375894e+02  3.476418e-02
1.375396e+02  1.676881e-12
1.375396e+02  1.676881e-12
1.375396e+02  1.676881e-12
1.375396e+02  1.676881e-12
1.375396e+02  1.676881e-12
1.375396e+02  1.811655e-03
1.375271e+02  3.181008e-02
1.373249e+02  2.575201e-01
1.369442e+02  1.051603e-12
1.369442e+02  1.051603e-12
1.369442e+02  1.051603e-12
1.369442e+02  1.051603e-12
1.369442e+02  1.051603e-12
1.369442e+02  1.051603e-12
1.369437e+02  1.179697e-02
1.368582e+02  1.237738e-01
1.366802e+02  8.526513e-14
1.366800e+02  3.996365e-03
1.366476e+02  4.303919e-02
1.365876e+02  6.994035e-02
1.362183e+02  6.626356e-01
1.352171e+02  5.063260e-01
1.349234e+02  1.438376e-01
1.347203e+02  1.818989e-12
1.347203e+02  1.818989e-12
1.347203e+02  1.818989e-12
1.347203e+02  1.818989e-12
1.347203e+02  1.818989e-12
1.347203e+02  1.818989e-12
1.347203e+02  1.818989e-12
1.347203e+02  1.818989e-12
1.347203e+02  1.818989e-12
1.347203e+02  1.818989e-12
1.347203e+02  1.818989e-12
1.347186e+02  3.817002e-02
1.344878e+02  3.801267e-01
1.338692e+02  4.557312e-02
1.338659e+02  7.958079e-13
1.338659e+02  7.958079e-13
1.338659e+02  7.958079e-13
1.338657e+02  4.812208e-03
1.338355e+02  4.846753e-02
1.337582e+02  4.831691e-13
1.337582e+02  4.831691e-13
1.337582e+02  4.831691e-13
1.337582e+02  4.831691e-13
1.337582e+02  4.831691e-13
1.337582e+02  4.831691e-13
1.337582e+02  4.831691e-13
1.337582e+02  4.831691e-13
1.337582e+02  4.831691e-13
1.337582e+02  4.831691e-13
1.337582e+02  4.831691e-13
1.337582e+02  4.831691e-13
1.337582e+02  4.831691e-13
1.337582e+02  4.831691e-13
1.337582e+02  4.831691e-13
1.337582e+02  4.831691e-13
1.337582e+02  4.831691e-13
1.337582e+02  4.831691e-13
1.337582e+02  4.831691e-13
1.337582e+02  4.831691e-13
1.337582e+02  4.831691e-13
1.337582e+02  4.831691e-13
1.337582e+02  4.831691e-13
1.337582e+02  4.831691e-13
1.337582e+02  4.831691e-13
1.337582e+02  4.831691e-13
1.337582e+02  4.831691e-13
1.337582e+02  4.831691e-13
1.337582e+02  4.831691e-13
1.337582e+02  4.831691e-13
1.337582e+02  4.831691e-13
1.337582e+02  4.831691e-13
1.337582e+02  4.831691e-13
1.337582e+02  4.831691e-13
1.337582e+02  4.831691e-13
1.337582e+02  4.831691e-13
1.337582e+02  4.831691e-13
1.337580e+02  3.728171e-03
1.337310e+02  3.911598e-02
1.336748e+02  1.250555e-12
1.336748e+02  1.250555e-12
1.336748e+02  1.250555e-12
1.336748e+02  1.250555e-12
1.336748e+02  1.250555e-12
1.336748e+02  1.250555e-12
1.336748e+02  1.250555e-12
1.336748e+02  1.250555e-12
1.336748e+02  1.250555e-12
1.336748e+02  1.250555e-12
1.336741e+02  1.520400e-02
1.335434e+02  1.656745e-01
1.333340e+02  9.070041e-03
1.332743e+02  9.267470e-02
1.331314e+02  6.821210e-13
1.331314e+02  6.821210e-13
1.331314e+02  6.821210e-13
1.331314e+02  6.821210e-13
1.331314e+02  6.821210e-13
1.331314e+02  6.821210e-13
1.331314e+02  6.821210e-13
1.331314e+02  6.821210e-13
1.331314e+02  6.821210e-13
1.331314e+02  6.821210e-13
1.331314e+02  6.821210e-13
1.331314e+02  6.821210e-13
1.331314e+02  6.821210e-13
1.331312e+02  5.106823e-03
1.330919e+02  5.437477e-02
1.330171e+02  1.421085e-13
1.330171e+02  1.421085e-13
1.330171e+02  1.421085e-13
1.330171e+02  1.421085e-13
1.330171e+02  1.421085e-13
1.330171e+02  1.421085e-13
1.330171e+02  1.421085e-13
1.330171e+02  1.421085e-13
1.330171e+02  1.421085e-13
1.330171e+02  1.421085e-13
1.330171e+02  1.421085e-13
1.330171e+02  1.421085e-13
1.330171e+02  1.421085e-13
1.330171e+02  1.421085e-13
1.330171e+02  1.421085e-13
1.330171e+02  1.421085e-13
1.330165e+02  1.438555e-02
1.329070e+02  1.527468e-01
1.326951e+02  1.364242e-12
1.326951e+02  1.364242e-12
1.326951e+02  1.364242e-12
1.326951e+02  1.364242e-12
1.326951e+02  1.364242e-12
1.326951e+02  1.364242e-12
1.326951e+02  1.364242e-12
1.326951e+02  1.364242e-12
1.326951e+02  1.364242e-12
1.326945e+02  1.425411e-02
1.325975e+02  1.470013e-01
1.323761e+02  8.526513e-14
1.323761e+02  8.526513e-14
1.323761e+02  8.526513e-14
1.323761e+02  8.526513e-14
1.323761e+02  8.526513e-14
1.323761e+02  8.526513e-14
1.323761e+02  8.526513e-14
1.323761e+02  8.526513e-14
1.323761e+02  8.526513e-14
1.323761e+02  8.526513e-14
1.323761e+02  8.526513e-14
1.323761e+02  8.526513e-14
1.323761e+02  8.526513e-14
1.323761e+02  8.526513e-14
1.323761e+02  8.526513e-14
1.323761e+02  8.526513e-14
1.323761e+02  8.526513e-14
1.323761e+02  8.526513e-14
1.323761e+02  8.526513e-14
1.323746e+02  3.256442e-02
1.321678e+02  3.314134e-01
1.315599e+02  2.872801e-01
1.313187e+02  6.252776e-13
1.313187e+02  6.252776e-13
1.313187e+02  6.252776e-13
1.313187e+02  6.252776e-13
1.313187e+02  6.252776e-13
1.313187e+02  6.252776e-13
1.313187e+02  6.252776e-13
1.313187e+02  6.252776e-13
1.313187e+02  6.252776e-13
1.313187e+02  6.252776e-13
1.313187e+02  6.252776e-13
1.313187e+02  6.252776e-13
1.313187e+02  6.252776e-13
1.313187e+02  6.252776e-13
1.313187e+02  6.252776e-13
1.313187e+02  6.252776e-13
1.313187e+02  6.252776e-13
1.313187e+02  6.252776e-13
1.313187e+02  6.252776e-13
1.313187e+02  6.252776e-13
1.313187e+02  6.252776e-13
1.313187e+02  6.252776e-13
1.313187e+02  6.252776e-13
1.313187e+02  6.252776e-13
1.313187e+02  6.252776e-13
1.313187e+02  6.252776e-13
1.313187e+02  6.252776e-13
1.313187e+02  6.252776e-13
1.313187e+02  6.252776e-13
1.313187e+02  6.252776e-13
1.313187e+02  6.252776e-13
1.313187e+02  6.252776e-13
1.313187e+02  6.252776e-13
1.313187e+02  6.252776e-13
1.313187e+02  6.252776e-13
1.313187e+02  6.252776e-13
1.313187e+02  6.252776e-13
1.313187e+02  6.252776e-13
1.313187e+02  6.252776e-13
1.313187e+02  6.252776e-13
1.313187e+02  6.252776e-13
1.313187e+02  6.252776e-13
1.313187e+02  6.252776e-13
1.313187e+02  6.252776e-13
1.313187e+02  6.252776e-13
1.313187e+02  6.252776e-13
1.313187e+02  6.252776e-13
1.313187e+02  6.252776e-13
1.313187e+02  6.252776e-13
1.313187e+02  6.252776e-13
1.313187e+02  6.252776e-13
1.313187e+02  6.252776e-13
1.313187e+02  6.252776e-13
1.313187e+02  6.252776e-13
1.313187e+02  6.252776e-13
1.313187e+02  6.252776e-13
1.313187e+02  6.252776e-13
1.313187e+02  6.252776e-13
1.313187e+02  6.252776e-13
1.313187e+02  6.252776e-13
1.313187e+02  6.252776e-13
1.313187e+02  6.252776e-13
1.313187e+02  6.252776e-13
1.313187e+02  6.252776e-13
1.313187e+02  6.252776e-13
1.313187e+02  6.252776e-13
1.313187e+02  6.252776e-13
1.313187e+02  6.252776e-13
1.313187e+02  6.252776e-13
1.313187e+02  6.252776e-13
1.313187e+02  6.252776e-13
1.313187e+02  6.252776e-13
1.313187e+02  6.252776e-13
1.313187e+02  6.252776e-13
1.313187e+02  6.252776e-13
1.313187e+02  6.252776e-13
1.313187e+02  6.252776e-13
1.313187e+02  6.252776e-13
1.313187e+02  6.252776e-13
1.313187e+02  6.252776e-13
1.313187e+02  6.252776e-13
1.313187e+02  6.252776e-13
1.313187e+02  6.252776e-13
1.313187e+02  6.252776e-13
1.313187e+02  6.252776e-13
1.313186e+02  1.841010e-03
1.313062e+02  1.891939e-02
1.312775e+02  8.810730e-13
1.312775e+02  8.810730e-13
1.312775e+02  8.810730e-13
1.312775e+02  8.810730e-13
1.312775e+02  8.810730e-13
1.312775e+02  8.810730e-13
1.312775e+02  8.810730e-13
1.312775e+02  8.810730e-13
1.312775e+02  8.810730e-13
1.312775e+02  8.810730e-13
1.312775e+02  8.810730e-13
1.312775e+02  8.810730e-13
1.312775e+02  8.810730e-13
1.312775e+02  8.810730e-13
1.312775e+02  8.810730e-13
1.312775e+02  8.810730e-13
1.312775e+02  8.810730e-13
1.312775e+02  8.810730e-13
1.312775e+02  8.810730e-13
1.312775e+02  8.810730e-13
1.312775e+02  8.810730e-13
1.312775e+02  8.810730e-13
1.312775e+02  8.810730e-13
1.312768e+02  1.402506e-02
1.311889e+02  1.409093e-01
1.309716e+02  4.931566e-02
1.309635e+02  7.958079e-13
1.309635e+02  7.958079e-13
1.309635e+02  7.958079e-13
1.309635e+02  7.958079e-13
1.309635e+02  7.958079e-13
1.309635e+02  7.958079e-13
1.309635e+02  7.958079e-13
1.309635e+02  7.958079e-13
1.309631e+02  9.521177e-03
1.309026e+02  9.630359e-02
1.307504e+02  5.684342e-13
1.307504e+02  5.684342e-13
1.307504e+02  5.684342e-13
1.307504e+02  5.684342e-13
1.307504e+02  5.684342e-13
1.307504e+02  5.684342e-13
1.307504e+02  5.684342e-13
1.307504e+02  5.684342e-13
1.307504e+02  5.684342e-13
1.307504e+02  5.684342e-13
1.307497e+02  1.707318e-02
1.306534e+02  1.663490e-01
1.304050e+02  1.125781e-01
1.303683e+02  1.506351e-12
1.303683e+02  1.506351e-12
1.303683e+02  1.506351e-12
1.303683e+02  1.506351e-12
1.303683e+02  1.506351e-12
1.303683e+02  1.506351e-12
1.303683e+02  1.506351e-12
1.303683e+02  1.506351e-12
1.303683e+02  1.506351e-12
1.303683e+02  1.506351e-12
1.303683e+02  1.506351e-12
1.303683e+02  1.506351e-12
1.303683e+02  1.506351e-12
1.303683e+02  1.506351e-12
1.303683e+02  1.506351e-12
1.303683e+02  1.506351e-12
1.303683e+02  1.506351e-12
1.303683e+02  1.506351e-12
1.303683e+02  1.506351e-12
1.303683e+02  1.506351e-12
1.303683e+02  1.506351e-12
1.303683e+02  1.506351e-12
1.303683e+02  1.506351e-12
1.303683e+02  1.506351e-12
1.303683e+02  1.506351e-12
1.303683e+02  1.506351e-12
1.303683e+02  1.506351e-12
1.303683e+02  1.506351e-12
1.303683e+02  1.506351e-12
1.303683e+02  1.506351e-12
1.303683e+02  1.506351e-12
1.303683e+02  1.506351e-12
1.303683e+02  1.506351e-12
1.303683e+02  1.506351e-12
1.303683e+02  1.506351e-12
1.303683e+02  1.506351e-12
1.303683e+02  1.506351e-12
1.303683e+02  1.506351e-12
1.303683e+02  1.506351e-12
1.303683e+02  1.506351e-12
1.303683e+02  1.506351e-12
1.303683e+02  1.506351e-12
1.303683e+02  1.506351e-12
1.303683e+02  1.506351e-12
1.303683e+02  1.506351e-12
1.303683e+02  1.506351e-12
1.303683e+02  1.506351e-12
1.303683e+02  1.506351e-12
1.303683e+02  1.506351e-12
1.303683e+02  1.506351e-12
1.303683e+02  1.506351e-12
1.303683e+02  1.506351e-12
1.303683e+02  1.506351e-12
1.303683e+02  1.506351e-12
1.303683e+02  1.506351e-12
1.303683e+02  1.506351e-12
1.303683e+02  1.506351e-12
1.303683e+02  1.506351e-12
1.303683e+02  1.506351e-12
1.303683e+02  1.506351e-12
1.303683e+02  1.506351e-12
1.303683e+02  1.506351e-12
1.303683e+02  1.506351e-12
1.303683e+02  1.506351e-12
1.303683e+02  1.506351e-12
1.303683e+02  1.506351e-12
1.303683e+02  1.506351e-12
1.303683e+02  1.506351e-12
1.303683e+02  1.506351e-12
1.303683e+02  1.506351e-12
1.303683e+02  1.506351e-12
1.303683e+02  1.506351e-12
1.303683e+02  1.506351e-12
1.303683e+02  1.506351e-12
1.303683e+02  1.506351e-12
1.303683e+02  1.506351e-12
1.303683e+02  1.506351e-12
1.303683e+02  1.506351e-12
1.303683e+02  1.506351e-12
1.303683e+02  1.506351e-12
1.303683e+02  1.506351e-12
1.303683e+02  1.506351e-12
1.303683e+02  1.506351e-12
1.303683e+02  1.506351e-12
1.303683e+02  1.506351e-12
1.303683e+02  1.506351e-12
1.303683e+02  1.506351e-12
1.303683e+02  1.506351e-12
1.303683e+02  1.506351e-12
1.303683e+02  1.506351e-12
1.303683e+02  1.506351e-12
1.303683e+02  1.506351e-12
1.303679e+02  8.927179e-03
1.303279e+02  8.022525e-02
1.301976e+02  7.055687e-02
1.301684e+02  1.023182e-12
1.301684e+02  1.023182e-12
1.301684e+02  1.023182e-12
1.301684e+02  1.023182e-12
1.301684e+02  1.023182e-12
1.301684e+02  1.023182e-12
1.301684e+02  1.023182e-12
1.301684e+02  1.023182e-12
1.301684e+02  1.023182e-12
1.301684e+02  1.023182e-12
1.301684e+02  1.023071e-12
1.301684e+02  1.098432e-12
1.301684e+02  1.205295e-12
1.301684e+02  1.193712e-12
1.301684e+02  1.193712e-12
1.301684e+02  1.193712e-12
1.301684e+02  1.193712e-12
1.301684e+02  1.193712e-12
1.301684e+02  1.193712e-12
1.301684e+02  1.193712e-12
1.301684e+02  1.193712e-12
1.301684e+02  1.193712e-12
1.301684e+02  1.193712e-12
1.301684e+02  1.193712e-12
1.301684e+02  1.193712e-12
1.301684e+02  1.193712e-12
1.301682e+02  6.272114e-03
1.301409e+02  5.573009e-02
1.300528e+02  5.346304e-02
1.300281e+02  1.165290e-12
1.300281e+02  1.165290e-12
1.300281e+02  1.165290e-12
1.300281e+02  1.165290e-12
1.300281e+02  1.165290e-12
1.300281e+02  1.165290e-12
1.300281e+02  1.165290e-12
1.300281e+02  1.165290e-12
1.300281e+02  1.165290e-12
1.300281e+02  1.165290e-12
1.300281e+02  1.165290e-12
1.300281e+02  1.165290e-12
1.300281e+02  1.165290e-12
1.300281e+02  1.165290e-12
1.300281e+02  1.165290e-12
1.300281e+02  1.165290e-12
1.300281e+02  1.165290e-12
1.300281e+02  1.165290e-12
1.300281e+02  1.165290e-12
1.300281e+02  1.165290e-12
1.300281e+02  1.165290e-12
1.300281e+02  1.165290e-12
1.300281e+02  1.165290e-12
1.300281e+02  1.165290e-12
1.300281e+02  1.165290e-12
1.300281e+02  1.165290e-12
1.300264e+02  3.674055e-02
1.297591e+02  3.851588e-01
1.292057e+02  1.534772e-12
1.292057e+02  1.534772e-12
1.292057e+02  1.534772e-12
1.292057e+02  1.534772e-12
1.292057e+02  1.534772e-12
1.292057e+02  1.534772e-12
1.292057e+02  1.534772e-12
1.292057e+02  1.534772e-12
1.292057e+02  1.534772e-12
1.292057e+02  1.534772e-12
1.292057e+02  1.534772e-12
1.292057e+02  1.534772e-12
1.292057e+02  1.534772e-12
1.292057e+02  1.534772e-12
1.292057e+02  1.534772e-12
1.292057e+02  1.534772e-12
1.292057e+02  1.534772e-12
1.292057e+02  1.534772e-12
1.292052e+02  1.096362e-02
1.291243e+02  1.244868e-01
1.286295e+02  4.416212e-01
1.280375e+02  2.601379e-02
1.279031e+02  2.457262e-01
1.275507e+02  2.145373e-01
1.274564e+02  5.968559e-13
1.274564e+02  5.968559e-13
1.274564e+02  5.968559e-13
1.274564e+02  5.968559e-13
1.274564e+02  5.968559e-13
1.274564e+02  5.968559e-13
1.274564e+02  5.968559e-13
1.274564e+02  5.968559e-13
1.274564e+02  5.968559e-13
1.274564e+02  5.968559e-13
1.274564e+02  5.968559e-13
1.274564e+02  5.968559e-13
1.274564e+02  5.968559e-13
1.274564e+02  5.968559e-13
1.274564e+02  5.968559e-13
1.274564e+02  5.968559e-13
1.274561e+02  6.494327e-03
1.274107e+02  6.746535e-02
1.273110e+02  5.400125e-13
1.273110e+02  5.400125e-13
1.273110e+02  5.400125e-13
1.273110e+02  5.400125e-13
1.273110e+02  5.400125e-13
1.273110e+02  5.400125e-13
1.273110e+02  5.400125e-13
1.273110e+02  5.400125e-13
1.273110e+02  5.400125e-13
1.273110e+02  5.400125e-13
1.273110e+02  5.400125e-13
1.273110e+02  5.400125e-13
1.273110e+02  5.400125e-13
1.273110e+02  5.400125e-13
1.273110e+02  5.400125e-13
1.273110e+02  5.400125e-13
1.273110e+02  5.400125e-13
1.273110e+02  5.400125e-13
1.273110e+02  5.400125e-13
1.273110e+02  5.400125e-13
1.273110e+02  5.400125e-13
1.273110e+02  5.400125e-13
1.273110e+02  5.400125e-13
1.273110e+02  5.400125e-13
1.273110e+02  5.400125e-13
1.273110e+02  5.400125e-13
1.273110e+02  5.400125e-13
1.273110e+02  5.400125e-13
1.273110e+02  5.400125e-13
1.273110e+02  5.400125e-13
1.273110e+02  5.400125e-13
1.273110e+02  5.400125e-13
1.273097e+02  2.979362e-02
1.270827e+02  3.226945e-01
1.263893e+02  2.544785e-01
1.261165e+02  1.008971e-12
1.261165e+02  1.008971e-12
1.261165e+02  1.008971e-12
1.261165e+02  1.008971e-12
1.261165e+02  1.008971e-12
1.261165e+02  1.008971e-12
1.261165e+02  1.008971e-12
1.261165e+02  1.008971e-12
1.261165e+02  1.008971e-12
1.261165e+02  1.008971e-12
1.261165e+02  1.008971e-12
1.261162e+02  7.526304e-03
1.260589e+02  7.991485e-02
1.259480e+02  1.520561e-12
1.259480e+02  1.520561e-12
1.259480e+02  1.520561e-12
1.259480e+02  1.520561e-12
1.259480e+02  1.520561e-12
1.259480e+02  1.520561e-12
1.259480e+02  1.520561e-12
1.259480e+02  1.520561e-12
1.259480e+02  1.520561e-12
1.259480e+02  1.520561e-12
1.259480e+02  1.520561e-12
1.259480e+02  1.520561e-12
1.259480e+02  1.520561e-12
1.259480e+02  1.520561e-12
1.259480e+02  1.520561e-12
1.259480e+02  1.520561e-12
1.259480e+02  1.520561e-12
