5.838191e+02
5.666470e+02
5.311488e+02
5.062078e+02
4.843022e+02
4.720720e+02
4.596622e+02
4.498999e+02
4.430721e+02
4.365654e+02
4.281208e+02
4.220493e+02
4.098213e+02
4.004606e+02
3.966244e+02
3.908198e+02
3.868054e+02
3.822577e+02
3.747383e+02
3.685504e+02
3.603095e+02
3.549343e+02
3.477342e+02
3.423216e+02
3.391119e+02
3.345546e+02
3.316006e+02
3.284389e+02
3.211752e+02
3.164154e+02
3.134317e+02
3.086704e+02
3.031789e+02
2.974973e+02
2.944453e+02
2.919125e+02
2.889370e+02
2.870705e+02
2.835740e+02
2.821464e+02
2.811189e+02
2.801053e+02
2.777799e+02
2.738875e+02
2.698082e+02
2.678719e+02
2.665662e+02
2.650600e+02
2.633596e+02
2.618534e+02
2.588693e+02
2.535191e+02
2.489022e+02
2.469317e+02
2.455681e+02
2.441278e+02
2.429528e+02
2.422563e+02
2.413054e+02
2.403970e+02
2.388741e+02
2.373750e+02
2.339306e+02
2.311850e+02
2.307480e+02
2.295704e+02
2.275222e+02
2.263310e+02
2.241423e+02
2.235931e+02
2.200843e+02
2.188850e+02
2.176322e+02
2.159702e+02
2.153370e+02
2.135864e+02
2.135864e+02
2.093282e+02
2.067590e+02
2.060076e+02
2.057906e+02
2.047724e+02
2.029508e+02
2.014986e+02
1.999033e+02
1.999033e+02
1.990194e+02
1.980900e+02
1.974859e+02
1.974350e+02
1.965775e+02
1.963668e+02
1.954743e+02
1.946556e+02
1.944448e+02
1.937123e+02
1.923728e+02
1.914899e+02
1.914899e+02
1.899033e+02
1.899033e+02
1.887229e+02
1.887129e+02
1.887129e+02
1.887129e+02
1.883595e+02
1.883595e+02
1.883251e+02
1.877893e+02
1.868067e+02
1.846588e+02
1.843287e+02
1.840155e+02
1.833628e+02
1.833628e+02
1.833628e+02
1.829368e+02
1.823675e+02
1.820207e+02
1.820207e+02
1.820207e+02
1.820207e+02
1.820207e+02
1.809728e+02
1.808467e+02
1.808467e+02
1.798293e+02
1.798293e+02
1.798293e+02
1.798293e+02
1.798293e+02
1.794010e+02
1.790796e+02
1.788826e+02
1.788826e+02
1.780894e+02
1.775307e+02
1.775307e+02
1.773329e+02
1.761588e+02
1.756762e+02
1.751947e+02
1.749868e+02
1.749868e+02
1.747852e+02
1.733475e+02
1.721323e+02
1.719307e+02
1.717846e+02
1.717846e+02
1.717846e+02
1.717846e+02
1.717846e+02
1.706792e+02
1.694972e+02
1.694972e+02
1.694972e+02
1.694972e+02
1.694972e+02
1.694972e+02
1.690105e+02
1.686330e+02
1.686330e+02
1.686330e+02
1.678254e+02
1.678254e+02
1.677045e+02
1.676690e+02
1.676690e+02
1.669774e+02
1.669774e+02
1.669774e+02
1.659262e+02
1.659262e+02
1.656558e+02
1.652255e+02
1.644192e+02
1.644192e+02
1.644192e+02
1.640874e+02
1.640106e+02
1.640106e+02
1.640106e+02
1.640106e+02
1.634194e+02
1.633566e+02
1.633340e+02
1.632253e+02
1.632253e+02
1.632253e+02
1.632253e+02
1.632253e+02
1.632253e+02
1.632253e+02
1.632253e+02
1.631320e+02
1.631320e+02
1.631320e+02
1.631320e+02
1.621730e+02
1.621730e+02
1.620338e+02
1.620338e+02
1.616162e+02
1.615243e+02
1.614529e+02
1.609434e+02
1.609434e+02
1.609434e+02
1.609434e+02
1.606712e+02
1.594286e+02
1.573671e+02
1.501727e+02
1.501727e+02
1.486297e+02
1.486297e+02
1.485318e+02
1.483157e+02
1.482177e+02
1.480128e+02
1.480128e+02
1.480128e+02
1.480128e+02
1.480128e+02
1.480128e+02
1.480128e+02
1.473127e+02
1.471696e+02
1.471696e+02
1.471696e+02
1.471696e+02
1.471696e+02
1.471696e+02
1.471696e+02
1.471696e+02
1.471696e+02
1.471696e+02
1.471696e+02
1.471696e+02
1.471696e+02
1.471696e+02
1.471696e+02
1.466116e+02
1.465622e+02
1.464146e+02
1.463652e+02
1.458731e+02
1.458731e+02
1.458731e+02
1.458731e+02
1.458731e+02
1.455995e+02
1.449862e+02
1.449862e+02
1.448680e+02
1.447422e+02
1.447422e+02
1.447422e+02
1.447422e+02
1.447422e+02
1.447422e+02
1.447422e+02
1.447422e+02
1.443265e+02
1.443265e+02
1.443265e+02
1.443265e+02
1.443265e+02
1.443265e+02
1.438952e+02
1.434885e+02
1.434885e+02
1.433611e+02
1.433611e+02
1.433611e+02
1.429544e+02
1.425801e+02
1.425801e+02
1.425801e+02
1.414074e+02
1.414074e+02
1.414074e+02
1.409602e+02
1.409602e+02
1.409602e+02
1.409602e+02
1.409602e+02
1.409602e+02
1.409115e+02
1.409115e+02
1.409115e+02
1.409115e+02
1.409115e+02
1.402994e+02
1.402994e+02
1.400163e+02
1.398147e+02
1.398147e+02
1.398147e+02
1.398147e+02
1.398147e+02
1.398147e+02
1.398147e+02
1.398147e+02
1.398147e+02
1.398147e+02
1.398147e+02
1.398147e+02
1.392635e+02
1.392635e+02
1.392635e+02
1.392635e+02
1.392635e+02
1.392424e+02
1.392424e+02
1.392424e+02
1.392424e+02
1.392424e+02
1.392424e+02
1.392424e+02
1.392424e+02
1.392424e+02
1.392424e+02
1.392424e+02
1.392424e+02
1.392424e+02
1.392424e+02
1.383772e+02
1.383772e+02
1.383772e+02
1.383772e+02
1.379678e+02
1.375916e+02
1.371822e+02
1.371132e+02
1.371132e+02
1.371132e+02
1.371132e+02
1.370362e+02
1.370362e+02
1.370362e+02
1.370362e+02
1.367075e+02
1.367075e+02
1.367075e+02
1.367075e+02
1.367075e+02
1.358744e+02
1.358744e+02
1.358744e+02
1.358685e+02
1.358685e+02
1.358685e+02
1.358685e+02
1.358685e+02
1.358685e+02
1.358685e+02
1.358685e+02
1.358685e+02
1.356571e+02
1.356571e+02
1.356571e+02
1.356571e+02
1.356571e+02
1.356571e+02
1.356571e+02
1.356571e+02
1.356571e+02
1.355472e+02
1.355472e+02
1.355472e+02
1.355061e+02
1.354485e+02
1.354485e+02
1.352034e+02
1.351152e+02
1.351152e+02
1.351152e+02
1.343746e+02
1.343746e+02
1.343746e+02
1.343746e+02
1.343746e+02
1.343746e+02
1.343746e+02
1.338507e+02
1.320019e+02
1.315737e+02
1.315737e+02
1.306260e+02
1.306260e+02
1.306260e+02
1.306260e+02
1.306260e+02
1.306260e+02
1.306260e+02
1.306260e+02
1.306260e+02
1.305488e+02
1.303654e+02
1.303654e+02
1.303654e+02
1.303654e+02
1.303654e+02
1.303654e+02
1.303654e+02
1.303654e+02
1.303654e+02
1.303654e+02
1.303654e+02
1.303654e+02
1.303654e+02
1.303654e+02
1.303654e+02
1.303654e+02
1.303654e+02
1.303654e+02
1.303654e+02
1.303654e+02
1.303654e+02
1.303654e+02
1.303654e+02
1.303654e+02
1.301779e+02
1.301779e+02
1.301779e+02
1.301779e+02
1.301779e+02
1.301779e+02
1.301779e+02
1.301779e+02
1.301779e+02
1.299518e+02
1.299518e+02
1.299518e+02
1.299518e+02
1.299518e+02
1.299518e+02
1.299518e+02
1.299518e+02
1.299518e+02
1.299518e+02
1.299518e+02
1.299518e+02
1.299518e+02
1.299518e+02
1.299518e+02
1.299518e+02
1.299518e+02
1.299518e+02
1.299518e+02
1.299518e+02
1.295010e+02
1.290040e+02
1.290040e+02
1.290040e+02
1.290040e+02
1.290040e+02
1.290040e+02
1.290040e+02
1.290040e+02
1.289167e+02
1.289167e+02
1.289167e+02
1.289167e+02
1.289167e+02
1.289167e+02
1.289167e+02
1.289167e+02
1.289167e+02
1.289167e+02
1.289167e+02
1.289167e+02
1.289167e+02
1.289167e+02
1.287837e+02
1.287837e+02
1.287837e+02
1.287837e+02
1.287837e+02
1.287837e+02
1.287837e+02
1.287837e+02
1.287837e+02
1.287837e+02
1.287837e+02
1.287837e+02
1.285391e+02
1.285391e+02
1.285391e+02
1.285391e+02
1.285391e+02
1.285391e+02
1.285391e+02
1.285391e+02
1.285391e+02
1.285391e+02
1.285391e+02
1.285391e+02
1.285391e+02
1.285391e+02
1.285391e+02
1.285391e+02
1.285391e+02
1.285391e+02
1.285391e+02
1.285391e+02
1.285391e+02
1.285391e+02
1.285391e+02
1.285391e+02
1.285391e+02
1.285391e+02
1.285391e+02
1.285391e+02
1.285391e+02
1.285391e+02
1.285391e+02
1.285391e+02
1.285391e+02
1.276758e+02
1.260030e+02
1.260030e+02
1.259284e+02
1.259284e+02
1.259284e+02
1.259284e+02
1.259284e+02
1.259284e+02
1.259284e+02
1.259284e+02
1.259284e+02
1.256253e+02
1.256253e+02
1.256253e+02
1.256253e+02
1.256253e+02
1.256253e+02
1.256253e+02
1.256253e+02
1.256253e+02
1.256253e+02
1.256253e+02
1.256253e+02
1.256253e+02
1.255748e+02
1.255748e+02
1.255748e+02
1.255748e+02
1.248351e+02
1.248351e+02
1.248351e+02
1.248351e+02
1.248351e+02
1.248351e+02
1.248351e+02
1.248351e+02
1.248351e+02
1.248351e+02
1.245208e+02
1.245208e+02
1.245208e+02
1.245208e+02
1.245208e+02
1.245208e+02
1.245208e+02
1.245208e+02
1.178675e+02
1.168905e+02
1.168905e+02
1.168905e+02
1.168905e+02
1.168905e+02
1.168905e+02
1.168905e+02
1.168905e+02
1.168905e+02
1.168905e+02
1.168215e+02
1.168159e+02
1.168159e+02
1.168159e+02
1.168159e+02
1.168159e+02
1.168159e+02
1.165858e+02
1.162410e+02
1.162410e+02
1.162410e+02
1.162410e+02
1.162410e+02
1.162410e+02
1.162410e+02
1.162410e+02
1.162410e+02
1.162410e+02
1.162410e+02
1.162410e+02
1.162410e+02
1.162410e+02
1.162410e+02
1.162410e+02
1.162410e+02
1.162410e+02
1.162410e+02
1.152693e+02
1.152693e+02
1.152693e+02
1.152693e+02
1.152693e+02
1.152693e+02
1.152693e+02
1.152645e+02
1.152645e+02
1.142520e+02
1.142520e+02
1.142520e+02
1.142520e+02
1.142520e+02
1.142520e+02
1.142520e+02
1.142520e+02
1.142520e+02
1.142520e+02
1.142520e+02
1.142520e+02
1.142520e+02
1.142520e+02
1.142520e+02
1.142520e+02
1.142520e+02
1.142520e+02
1.142520e+02
1.142520e+02
1.142520e+02
1.142520e+02
1.142520e+02
1.142520e+02
1.142375e+02
1.142375e+02
1.142375e+02
1.142375e+02
1.142375e+02
1.142375e+02
1.142375e+02
1.142375e+02
1.142375e+02
1.142375e+02
1.142375e+02
1.142375e+02
1.142375e+02
1.142375e+02
1.142375e+02
1.142375e+02
1.142375e+02
1.142375e+02
1.142375e+02
1.142375e+02
1.142375e+02
1.142375e+02
1.142375e+02
1.141917e+02
1.141917e+02
1.141917e+02
1.141917e+02
1.141917e+02
1.141917e+02
1.141917e+02
1.141917e+02
1.141917e+02
1.141917e+02
1.141917e+02
1.141917e+02
1.141917e+02
1.141917e+02
1.141917e+02
1.141917e+02
1.141917e+02
1.141917e+02
1.141917e+02
1.141917e+02
1.141917e+02
1.141917e+02
1.141917e+02
1.141917e+02
1.141885e+02
1.141885e+02
1.141885e+02
1.141885e+02
1.141885e+02
1.141885e+02
1.141885e+02
1.141885e+02
1.141885e+02
1.141885e+02
1.141885e+02
1.141885e+02
1.136164e+02
1.136164e+02
1.136164e+02
1.135965e+02
1.132046e+02
1.132046e+02
1.132046e+02
1.132046e+02
1.132046e+02
1.132046e+02
1.123844e+02
1.123844e+02
1.117009e+02
1.117009e+02
1.115102e+02
1.110686e+02
1.110686e+02
1.110686e+02
1.110686e+02
1.110686e+02
1.110686e+02
1.110686e+02
1.110686e+02
1.110686e+02
1.110686e+02
1.110686e+02
1.110686e+02
1.110686e+02
1.110686e+02
1.110686e+02
1.110686e+02
1.110686e+02
1.110686e+02
1.110171e+02
1.110171e+02
1.110171e+02
1.110171e+02
1.110171e+02
1.110171e+02
1.110171e+02
1.110171e+02
1.110171e+02
1.110171e+02
1.110171e+02
1.110171e+02
1.110171e+02
1.110171e+02
1.110171e+02
1.110171e+02
1.110171e+02
1.110171e+02
1.110171e+02
1.110171e+02
1.110171e+02
1.110171e+02
1.110171e+02
1.110171e+02
1.110171e+02
1.110171e+02
1.110171e+02
1.110171e+02
1.110171e+02
1.110171e+02
1.110171e+02
1.110171e+02
1.110171e+02
1.110171e+02
1.110171e+02
1.110171e+02
1.110171e+02
1.110171e+02
1.110171e+02
1.110171e+02
1.110171e+02
1.110171e+02
1.110171e+02
1.110171e+02
1.110171e+02
1.110171e+02
1.110171e+02
1.110171e+02
1.110171e+02
1.110171e+02
1.110171e+02
1.110171e+02
1.110171e+02
1.110171e+02
1.110171e+02
1.110171e+02
1.110171e+02
1.110171e+02
1.106282e+02
1.104928e+02
1.104928e+02
1.104928e+02
1.104928e+02
1.104928e+02
1.104928e+02
1.104928e+02
1.104928e+02
1.104928e+02
1.104928e+02
1.104834e+02
1.104834e+02
1.104834e+02
1.104834e+02
1.104059e+02
1.104059e+02
1.104059e+02
1.104059e+02
1.104059e+02
1.104059e+02
1.104059e+02
1.104059e+02
1.104059e+02
1.104059e+02
1.104059e+02
1.104059e+02
1.104059e+02
1.104059e+02
1.104059e+02
1.104059e+02
1.104059e+02
1.104059e+02
1.104059e+02
1.104059e+02
1.104059e+02
1.104059e+02
1.104059e+02
1.104059e+02
1.104059e+02
1.104059e+02
1.104059e+02
1.104059e+02
1.104059e+02
1.104059e+02
1.104059e+02
1.104059e+02
1.104059e+02
1.104059e+02
1.104059e+02
1.104059e+02
1.104059e+02
1.104059e+02
1.104059e+02
1.104059e+02
1.104059e+02
1.104059e+02
1.104059e+02
1.104059e+02
1.103554e+02
1.103554e+02
1.103554e+02
1.103554e+02
1.103554e+02
1.099574e+02
1.099574e+02
1.099574e+02
1.099574e+02
1.099574e+02
1.099574e+02
1.099574e+02
1.099574e+02
1.099574e+02
1.099574e+02
1.099574e+02
1.099574e+02
1.099574e+02
1.099574e+02
1.099574e+02
1.099574e+02
1.099574e+02
1.099574e+02
1.099574e+02
1.099574e+02
1.099574e+02
1.099574e+02
1.099574e+02
1.099574e+02
1.099574e+02
1.099574e+02
1.099574e+02
1.099574e+02
1.099574e+02
1.099574e+02
1.099574e+02
1.099574e+02
1.099574e+02
1.099574e+02
1.099574e+02
1.099574e+02
1.099574e+02
1.099574e+02
1.099574e+02
1.099574e+02
1.099574e+02
1.099574e+02
1.099574e+02
1.099574e+02
1.099574e+02
1.099574e+02
1.099574e+02
1.099574e+02
1.099574e+02
1.099574e+02
1.099574e+02
1.099574e+02
1.099574e+02
1.099574e+02
1.099574e+02
1.099574e+02
1.099574e+02
1.099574e+02
1.099574e+02
1.099574e+02
1.099574e+02
1.098511e+02
1.098511e+02
1.098511e+02
1.098511e+02
1.098511e+02
1.098511e+02
1.098511e+02
1.098511e+02
1.098511e+02
1.098511e+02
1.098511e+02
1.098511e+02
1.098511e+02
1.098511e+02
1.098511e+02
1.098511e+02
1.098511e+02
1.098511e+02
1.098511e+02
1.098511e+02
1.098511e+02
1.098511e+02
1.098511e+02
1.098511e+02
1.098511e+02
1.098511e+02
1.095561e+02
1.095561e+02
1.095561e+02
1.095561e+02
1.095561e+02
1.095561e+02
1.095561e+02
1.095561e+02
1.095561e+02
1.095561e+02
1.095561e+02
1.095561e+02
1.095561e+02
1.095561e+02
1.095561e+02
1.095561e+02
1.095561e+02
1.095561e+02
1.095561e+02
1.095561e+02
1.095544e+02
1.095544e+02
1.095544e+02
1.095544e+02
1.095544e+02
1.095544e+02
1.095544e+02
1.095544e+02
1.095544e+02
1.095544e+02
1.095544e+02
1.095544e+02
1.095544e+02
1.095544e+02
1.095544e+02
1.095544e+02
1.095544e+02
1.095544e+02
1.095544e+02
1.095544e+02
1.095544e+02
1.092260e+02
1.092260e+02
1.088664e+02
1.073664e+02
1.073664e+02
1.068390e+02
1.068390e+02
1.068390e+02
1.068390e+02
1.068390e+02
1.068390e+02
1.068390e+02
1.068390e+02
1.068390e+02
1.068390e+02
1.068390e+02
1.065248e+02
1.065248e+02
1.065248e+02
