5.703728e+02
5.391859e+02
5.077580e+02
4.696494e+02
4.553885e+02
4.428002e+02
4.328011e+02
4.185427e+02
4.166646e+02
4.104208e+02
4.061384e+02
3.999618e+02
3.905750e+02
3.846618e+02
3.787202e+02
3.731234e+02
3.651355e+02
3.565132e+02
3.497623e+02
3.418087e+02
3.391595e+02
3.344797e+02
3.245949e+02
3.174964e+02
3.144969e+02
3.102959e+02
3.102073e+02
3.090808e+02
3.057557e+02
3.002019e+02
2.940596e+02
2.864500e+02
2.837231e+02
2.818368e+02
2.802152e+02
2.672370e+02
2.652848e+02
2.631355e+02
2.607335e+02
2.579324e+02
2.550557e+02
2.506623e+02
2.468316e+02
2.434910e+02
2.418651e+02
2.389524e+02
2.378548e+02
2.337385e+02
2.312378e+02
2.299811e+02
2.277616e+02
2.269300e+02
2.252852e+02
2.246399e+02
2.215887e+02
2.208070e+02
2.205498e+02
2.187943e+02
2.179188e+02
2.175702e+02
2.138062e+02
2.084994e+02
2.077110e+02
2.072451e+02
2.067153e+02
2.054610e+02
2.046451e+02
2.035806e+02
2.032519e+02
2.027958e+02
2.022735e+02
2.013982e+02
2.009567e+02
1.978111e+02
1.930295e+02
1.930295e+02
1.920619e+02
1.908968e+02
1.908968e+02
1.903699e+02
1.893452e+02
1.879049e+02
1.856569e+02
1.853552e+02
1.842743e+02
1.827438e+02
1.814807e+02
1.814272e+02
1.806228e+02
1.806228e+02
1.805362e+02
1.798946e+02
1.786063e+02
1.786063e+02
1.778570e+02
1.778570e+02
1.776883e+02
1.776883e+02
1.775414e+02
1.775414e+02
1.775414e+02
1.764753e+02
1.764753e+02
1.757690e+02
1.751148e+02
1.751148e+02
1.746485e+02
1.746401e+02
1.746401e+02
1.740504e+02
1.716193e+02
1.709524e+02
1.706548e+02
1.706548e+02
1.701313e+02
1.701313e+02
1.690874e+02
1.677285e+02
1.668974e+02
1.668974e+02
1.656937e+02
1.656937e+02
1.655494e+02
1.649419e+02
1.644731e+02
1.644731e+02
1.643288e+02
1.643288e+02
1.643288e+02
1.635929e+02
1.635929e+02
1.625382e+02
1.617710e+02
1.615953e+02
1.615953e+02
1.605731e+02
1.602247e+02
1.602247e+02
1.599152e+02
1.588930e+02
1.588930e+02
1.588930e+02
1.587498e+02
1.584942e+02
1.582798e+02
1.581608e+02
1.581608e+02
1.581366e+02
1.581366e+02
1.581366e+02
1.581366e+02
1.573307e+02
1.573307e+02
1.572365e+02
1.572365e+02
1.572365e+02
1.572365e+02
1.572365e+02
1.572365e+02
1.572365e+02
1.566379e+02
1.566379e+02
1.566379e+02
1.565481e+02
1.565481e+02
1.561305e+02
1.561305e+02
1.558556e+02
1.558556e+02
1.552062e+02
1.549313e+02
1.549313e+02
1.543820e+02
1.543791e+02
1.539861e+02
1.535589e+02
1.532710e+02
1.526391e+02
1.526391e+02
1.524818e+02
1.524818e+02
1.522144e+02
1.522144e+02
1.519198e+02
1.519198e+02
1.519198e+02
1.519198e+02
1.519198e+02
1.513162e+02
1.513162e+02
1.513162e+02
1.507637e+02
1.503899e+02
1.498374e+02
1.498374e+02
1.498374e+02
1.498374e+02
1.498374e+02
1.498374e+02
1.498374e+02
1.495235e+02
1.495235e+02
1.495235e+02
1.495235e+02
1.494816e+02
1.494816e+02
1.494816e+02
1.494816e+02
1.494816e+02
1.494256e+02
1.489831e+02
1.489831e+02
1.484579e+02
1.484579e+02
1.481213e+02
1.481213e+02
1.481213e+02
1.481213e+02
1.481213e+02
1.481201e+02
1.479416e+02
1.479070e+02
1.479070e+02
1.479070e+02
1.470089e+02
1.470089e+02
1.470089e+02
1.470089e+02
1.470089e+02
1.470089e+02
1.470089e+02
1.470089e+02
1.470089e+02
1.470089e+02
1.470089e+02
1.468881e+02
1.468881e+02
1.468881e+02
1.468881e+02
1.468881e+02
1.468881e+02
1.468317e+02
1.468317e+02
1.468317e+02
1.468317e+02
1.468317e+02
1.468317e+02
1.468317e+02
1.468317e+02
1.468317e+02
1.468317e+02
1.468317e+02
1.468317e+02
1.468317e+02
1.468317e+02
1.468317e+02
1.468317e+02
1.455644e+02
1.455644e+02
1.455644e+02
1.436411e+02
1.436411e+02
1.436109e+02
1.436109e+02
1.436109e+02
1.432373e+02
1.432373e+02
1.432373e+02
1.432373e+02
1.429316e+02
1.429316e+02
1.429316e+02
1.429316e+02
1.417637e+02
1.417637e+02
1.417637e+02
1.417637e+02
1.417637e+02
1.417637e+02
1.417637e+02
1.417637e+02
1.417637e+02
1.417637e+02
1.408462e+02
1.407267e+02
1.404524e+02
1.400892e+02
1.400892e+02
1.398630e+02
1.396825e+02
1.396825e+02
1.396825e+02
1.396825e+02
1.396825e+02
1.396825e+02
1.396825e+02
1.396825e+02
1.394907e+02
1.386362e+02
1.386362e+02
1.386362e+02
1.386362e+02
1.386362e+02
1.380270e+02
1.379899e+02
1.377229e+02
1.375046e+02
1.375046e+02
1.365869e+02
1.365869e+02
1.365869e+02
1.365869e+02
1.365869e+02
1.365869e+02
1.365869e+02
1.365869e+02
1.365869e+02
1.365869e+02
1.361293e+02
1.361293e+02
1.354921e+02
1.354921e+02
1.354921e+02
1.354921e+02
1.354336e+02
1.349079e+02
1.349079e+02
1.347329e+02
1.347329e+02
1.347329e+02
1.347329e+02
1.347329e+02
1.347329e+02
1.345974e+02
1.345974e+02
1.345974e+02
1.345974e+02
1.345974e+02
1.345974e+02
1.345974e+02
1.345974e+02
1.345974e+02
1.341941e+02
1.341941e+02
1.341941e+02
1.341941e+02
1.341941e+02
1.341941e+02
1.341941e+02
1.341941e+02
1.341941e+02
1.341941e+02
1.341941e+02
1.341941e+02
1.341941e+02
1.338563e+02
1.338563e+02
1.338563e+02
1.338563e+02
1.316190e+02
1.316190e+02
1.316190e+02
1.316190e+02
1.316190e+02
1.316190e+02
1.316190e+02
1.316190e+02
1.316190e+02
1.315203e+02
1.315203e+02
1.315203e+02
1.315203e+02
1.315203e+02
1.315203e+02
1.315203e+02
1.315203e+02
1.315203e+02
1.315203e+02
1.315203e+02
1.315203e+02
1.313475e+02
1.313475e+02
1.313475e+02
1.313475e+02
1.313475e+02
1.313475e+02
1.313475e+02
1.313475e+02
1.311911e+02
1.311911e+02
1.311911e+02
1.311911e+02
1.311911e+02
1.311911e+02
1.311911e+02
1.311911e+02
1.311911e+02
1.303187e+02
1.303187e+02
1.303187e+02
1.303187e+02
1.303187e+02
1.303187e+02
1.303187e+02
1.303187e+02
1.301404e+02
1.301404e+02
1.301404e+02
1.301404e+02
1.294832e+02
1.294832e+02
1.281107e+02
1.281107e+02
1.281107e+02
1.281107e+02
1.281107e+02
1.281107e+02
1.281107e+02
1.281107e+02
1.281107e+02
1.281107e+02
1.281107e+02
1.281107e+02
1.281107e+02
1.271430e+02
1.243643e+02
1.227112e+02
1.227112e+02
1.227112e+02
1.227112e+02
1.227112e+02
1.227112e+02
1.227112e+02
1.227112e+02
1.227112e+02
1.227112e+02
1.227112e+02
1.227112e+02
1.227112e+02
1.227112e+02
1.227112e+02
1.227112e+02
1.227112e+02
1.227112e+02
1.227112e+02
1.227112e+02
1.227112e+02
1.220158e+02
1.211371e+02
1.211371e+02
1.211371e+02
1.211371e+02
1.211371e+02
1.211371e+02
1.211371e+02
1.211371e+02
1.211371e+02
1.211371e+02
1.207774e+02
1.207774e+02
1.207774e+02
1.207774e+02
1.207774e+02
1.207774e+02
1.206366e+02
1.206366e+02
1.205484e+02
1.201344e+02
1.201344e+02
1.201344e+02
1.201344e+02
1.201344e+02
1.201344e+02
1.201344e+02
1.201344e+02
1.201344e+02
1.201344e+02
1.201344e+02
1.201344e+02
1.201344e+02
1.201344e+02
1.201344e+02
1.201344e+02
1.201344e+02
1.201344e+02
1.201344e+02
1.201344e+02
1.201344e+02
1.199940e+02
1.197749e+02
1.196345e+02
1.196345e+02
1.196345e+02
1.196345e+02
1.196345e+02
1.192413e+02
1.192413e+02
1.192413e+02
1.192413e+02
1.192413e+02
1.192413e+02
1.192413e+02
1.192413e+02
1.192413e+02
1.192413e+02
1.192413e+02
1.192413e+02
1.182120e+02
1.179536e+02
1.179536e+02
1.174488e+02
1.174488e+02
1.174488e+02
1.174488e+02
1.174488e+02
1.174488e+02
1.174488e+02
1.174488e+02
1.174488e+02
1.174488e+02
1.174488e+02
1.174488e+02
1.174488e+02
1.174488e+02
1.174488e+02
1.174488e+02
1.174488e+02
1.174488e+02
1.174488e+02
1.174488e+02
1.174488e+02
1.170182e+02
1.170182e+02
1.170182e+02
1.166124e+02
1.166124e+02
1.166124e+02
1.166124e+02
1.166124e+02
1.166124e+02
1.166124e+02
1.166124e+02
1.166124e+02
1.166124e+02
1.166124e+02
1.166124e+02
1.166124e+02
1.166124e+02
1.166124e+02
1.166124e+02
1.166124e+02
1.166124e+02
1.166124e+02
1.166124e+02
1.166124e+02
1.166124e+02
1.166124e+02
1.166124e+02
1.166124e+02
1.166124e+02
1.166124e+02
1.166124e+02
1.166124e+02
1.166124e+02
1.166124e+02
1.165258e+02
1.165258e+02
1.165258e+02
1.165258e+02
1.165258e+02
1.165258e+02
1.165258e+02
1.165258e+02
1.165258e+02
1.165258e+02
1.165258e+02
1.165258e+02
1.165258e+02
1.165258e+02
1.165258e+02
1.165258e+02
1.165258e+02
1.165258e+02
1.165258e+02
1.165258e+02
1.165258e+02
1.165258e+02
1.165258e+02
1.165258e+02
1.165258e+02
1.165258e+02
1.165258e+02
1.165258e+02
1.165258e+02
1.165258e+02
1.165258e+02
1.165258e+02
1.165258e+02
1.165258e+02
1.165258e+02
1.165258e+02
1.165258e+02
1.165258e+02
1.165258e+02
1.165258e+02
1.165258e+02
1.165258e+02
1.165258e+02
1.165258e+02
1.164026e+02
1.164026e+02
1.164026e+02
1.164026e+02
1.164026e+02
1.164026e+02
1.164026e+02
1.164026e+02
1.164026e+02
1.164026e+02
1.164026e+02
1.164026e+02
1.164026e+02
1.164026e+02
1.164026e+02
1.164026e+02
1.164026e+02
1.164026e+02
1.164026e+02
1.164026e+02
1.164026e+02
1.164026e+02
1.164026e+02
1.164026e+02
1.164026e+02
1.164026e+02
1.164026e+02
1.164026e+02
1.164026e+02
1.164026e+02
1.164026e+02
1.164026e+02
1.164026e+02
1.164026e+02
1.164026e+02
1.164026e+02
1.164026e+02
1.164026e+02
1.155996e+02
1.155996e+02
1.155996e+02
1.155996e+02
1.155996e+02
1.155996e+02
1.155996e+02
1.155996e+02
1.155996e+02
1.155996e+02
1.155996e+02
1.155996e+02
1.153124e+02
1.153124e+02
1.153124e+02
1.153124e+02
1.153124e+02
1.151766e+02
1.151766e+02
1.151766e+02
1.151766e+02
1.151766e+02
1.151766e+02
1.151766e+02
1.151766e+02
1.144364e+02
1.144364e+02
1.140458e+02
1.140458e+02
1.140458e+02
1.140458e+02
1.140458e+02
1.140458e+02
1.140458e+02
1.140458e+02
1.140458e+02
1.140458e+02
1.140458e+02
1.140458e+02
1.140458e+02
1.140458e+02
1.140458e+02
1.140458e+02
1.139141e+02
1.139141e+02
1.139141e+02
1.139141e+02
1.139141e+02
1.139141e+02
1.139141e+02
1.139141e+02
1.139141e+02
1.139141e+02
1.139141e+02
1.139141e+02
1.139141e+02
1.139141e+02
1.139141e+02
1.139141e+02
1.139141e+02
1.139141e+02
1.139141e+02
1.139141e+02
1.139141e+02
1.139141e+02
1.139141e+02
1.139141e+02
1.139141e+02
1.139141e+02
1.139141e+02
1.139141e+02
1.139141e+02
1.139141e+02
1.139141e+02
1.139141e+02
1.139141e+02
1.139141e+02
1.139141e+02
1.139141e+02
1.139141e+02
1.139141e+02
1.139141e+02
1.139141e+02
1.139141e+02
1.139141e+02
1.139141e+02
1.139141e+02
1.139141e+02
1.139141e+02
1.139141e+02
1.139141e+02
1.139141e+02
1.139141e+02
1.136574e+02
1.136574e+02
1.136574e+02
1.136574e+02
1.136574e+02
1.136574e+02
1.136574e+02
1.136574e+02
1.136574e+02
1.136574e+02
1.136574e+02
1.136574e+02
1.136574e+02
1.135659e+02
1.135659e+02
1.135659e+02
1.135659e+02
1.135659e+02
1.135659e+02
1.135659e+02
1.135659e+02
1.135659e+02
1.135659e+02
1.135659e+02
1.135659e+02
1.135659e+02
1.135659e+02
1.135659e+02
1.135659e+02
1.135659e+02
1.135659e+02
1.135659e+02
1.135659e+02
1.135659e+02
1.135659e+02
1.135659e+02
1.135659e+02
1.135659e+02
1.135659e+02
1.135659e+02
1.135659e+02
1.135659e+02
1.135659e+02
1.135659e+02
1.135659e+02
1.135659e+02
1.135659e+02
1.135659e+02
1.135659e+02
1.135659e+02
1.135659e+02
1.135659e+02
1.135659e+02
1.135659e+02
1.135659e+02
1.135659e+02
1.135659e+02
1.135659e+02
1.135659e+02
1.135659e+02
1.135659e+02
1.135659e+02
1.135659e+02
1.135659e+02
1.135659e+02
1.135659e+02
1.135659e+02
1.135659e+02
1.135659e+02
1.135659e+02
1.135659e+02
1.135659e+02
1.135659e+02
1.135659e+02
1.135659e+02
1.135659e+02
1.135659e+02
1.135659e+02
1.135659e+02
1.135659e+02
1.135659e+02
1.135659e+02
1.135659e+02
1.135659e+02
1.135659e+02
1.135659e+02
1.135659e+02
1.133989e+02
1.129066e+02
1.129066e+02
1.129066e+02
1.129066e+02
1.129066e+02
1.129066e+02
1.129066e+02
1.129066e+02
1.129066e+02
1.129066e+02
1.129066e+02
1.129066e+02
1.129066e+02
1.129066e+02
1.129066e+02
1.129066e+02
1.129066e+02
1.129066e+02
1.129066e+02
1.129066e+02
1.129066e+02
1.129066e+02
1.128887e+02
1.128887e+02
1.128887e+02
1.128887e+02
1.128887e+02
1.128887e+02
1.128887e+02
1.128887e+02
1.128887e+02
1.128887e+02
1.128887e+02
1.128887e+02
1.128887e+02
1.128887e+02
1.128887e+02
1.128887e+02
1.128887e+02
1.128887e+02
1.128887e+02
1.128887e+02
1.128887e+02
1.128887e+02
1.128887e+02
1.128887e+02
1.128887e+02
1.128887e+02
1.128887e+02
1.128887e+02
1.128887e+02
1.128887e+02
1.128887e+02
1.128887e+02
1.128887e+02
1.128887e+02
1.128887e+02
1.128887e+02
1.128887e+02
1.128887e+02
1.128887e+02
1.128887e+02
1.128887e+02
1.128887e+02
1.128887e+02
1.128887e+02
1.128887e+02
1.128887e+02
1.128887e+02
1.128887e+02
1.128887e+02
1.128887e+02
1.128887e+02
1.128887e+02
1.128887e+02
1.128887e+02
1.128887e+02
1.128887e+02
1.128887e+02
1.128887e+02
1.128887e+02
1.128887e+02
1.128887e+02
1.128887e+02
1.128887e+02
1.128887e+02
1.128887e+02
1.128887e+02
1.128887e+02
1.128887e+02
1.128887e+02
1.128887e+02
1.128887e+02
1.128887e+02
1.128887e+02
1.128887e+02
1.128887e+02
1.128887e+02
1.128887e+02
1.128887e+02
1.128887e+02
1.128887e+02
1.128887e+02
1.128887e+02
1.128887e+02
1.128887e+02
1.128887e+02
1.128887e+02
1.128887e+02
1.128887e+02
1.128887e+02
1.128887e+02
1.128887e+02
1.120512e+02
1.120512e+02
1.120512e+02
1.120512e+02
1.120512e+02
1.120512e+02
1.120512e+02
1.120512e+02
1.120512e+02
1.120512e+02
1.120512e+02
1.120512e+02
1.120512e+02
1.120512e+02
1.120512e+02
1.120512e+02
1.120512e+02
1.120512e+02
1.120512e+02
1.120512e+02
1.120512e+02
1.120512e+02
1.120512e+02
1.120512e+02
1.120512e+02
1.120512e+02
1.120512e+02
1.120512e+02
1.120512e+02
1.120512e+02
1.120512e+02
1.120512e+02
1.120512e+02
1.120512e+02
1.120512e+02
1.120512e+02
1.120512e+02
1.120512e+02
1.120512e+02
1.120512e+02
1.120512e+02
1.120512e+02
1.120512e+02
1.120512e+02
1.120512e+02
1.120512e+02
1.120512e+02
1.120512e+02
1.120512e+02
1.120512e+02
1.120512e+02
1.120512e+02
1.120512e+02
1.120512e+02
1.120512e+02
1.120512e+02
1.120512e+02
1.120512e+02
1.120512e+02
