6.468783e+02  1.937740e+01
5.922937e+02  1.820853e+01
5.539340e+02  1.411087e+01
5.212589e+02  1.294986e+01
4.953934e+02  8.373004e+00
4.780084e+02  5.199360e+00
4.588771e+02  9.883240e+00
4.409179e+02  4.752959e+00
4.282223e+02  6.120992e+00
4.139749e+02  6.030950e+00
3.990862e+02  6.184406e+00
3.875821e+02  3.954278e+00
3.791983e+02  2.766037e+00
3.728167e+02  2.864909e+00
3.643446e+02  4.253605e+00
3.573380e+02  2.725212e+00
3.517048e+02  3.830724e+00
3.429205e+02  4.244185e+00
3.333988e+02  4.775288e+00
3.248932e+02  2.389923e+00
3.197750e+02  3.549938e+00
3.121264e+02  3.904186e+00
3.031815e+02  4.792954e+00
2.931472e+02  4.918391e+00
2.847716e+02  3.026452e+00
2.794407e+02  2.513637e+00
2.757496e+02  1.417146e+00
2.734735e+02  1.010930e+00
2.714122e+02  1.415443e+00
2.682268e+02  1.676143e+00
2.639689e+02  2.340742e+00
2.597084e+02  1.808155e+00
2.558440e+02  1.796324e+00
2.524536e+02  1.341180e+00
2.504898e+02  1.454222e+00
2.469462e+02  1.722874e+00
2.445514e+02  9.357054e-01
2.429097e+02  6.533468e-01
2.415864e+02  4.555054e-01
2.404796e+02  8.896940e-01
2.382721e+02  1.377650e+00
2.360276e+02  6.166919e-01
2.343497e+02  1.432329e+00
2.319365e+02  1.042701e+00
2.309216e+02  6.428933e-01
2.295182e+02  8.932806e-01
2.275086e+02  1.359550e+00
2.249575e+02  5.464943e-01
2.233345e+02  1.588013e+00
2.205346e+02  1.903074e+00
2.179165e+02  1.431626e+00
2.153829e+02  1.352909e+00
2.128942e+02  9.639886e-01
2.112830e+02  4.998186e-01
2.093875e+02  1.479869e+00
2.069418e+02  4.203775e-01
2.059124e+02  7.106065e-01
2.042322e+02  6.999552e-01
2.028589e+02  1.104927e+00
2.009017e+02  1.449040e+00
1.991920e+02  3.322234e-01
1.982641e+02  7.034140e-01
1.956738e+02  2.132584e+00
1.916079e+02  1.640041e+00
1.886650e+02  8.106577e-01
1.869276e+02  9.194283e-01
1.847152e+02  1.026790e+00
1.828583e+02  1.088869e+00
1.817214e+02  2.631158e-01
1.812434e+02  4.529236e-01
1.796575e+02  1.955872e+00
1.765606e+02  1.344950e+00
1.752283e+02  4.349745e-01
1.745339e+02  9.895922e-01
1.730179e+02  1.304783e+00
1.717018e+02  4.424478e-01
1.713299e+02  1.392234e-01
1.710561e+02  2.733038e-01
1.705273e+02  4.330603e-01
1.697683e+02  3.840620e-01
1.692632e+02  1.413709e-01
1.687505e+02  5.550202e-01
1.677850e+02  4.182549e-01
1.670821e+02  4.431237e-01
1.665109e+02  4.238832e-01
1.658393e+02  6.663069e-01
1.645745e+02  6.804178e-01
1.638845e+02  1.751735e-01
1.635964e+02  7.900010e-02
1.635791e+02  2.958976e-03
1.635524e+02  9.479179e-02
1.630888e+02  9.396232e-01
1.615330e+02  1.100670e+00
1.607897e+02  1.445355e-01
1.604219e+02  2.396290e-01
1.598949e+02  2.070449e-01
1.595658e+02  2.208641e-02
1.593544e+02  2.995929e-01
1.587143e+02  2.738562e-01
1.578913e+02  4.917328e-01
1.564915e+02  1.384676e+00
1.540561e+02  3.632076e-01
1.537509e+02  3.092831e-01
1.530884e+02  6.067880e-01
1.519115e+02  8.727449e-01
1.505091e+02  6.723210e-01
1.499071e+02  2.856471e-02
1.498587e+02  2.905047e-02
1.497421e+02  2.056174e-01
1.493508e+02  2.729175e-01
1.488270e+02  3.587551e-01
1.480975e+02  2.769904e-01
1.477600e+02  3.950663e-12
1.477600e+02  3.962828e-12
1.477600e+02  4.001677e-12
1.477600e+02  4.007461e-12
1.477588e+02  4.120849e-02
1.474476e+02  5.877412e-01
1.464939e+02  4.689259e-01
1.462525e+02  7.682736e-02
1.461516e+02  6.546564e-03
1.460975e+02  9.808771e-02
1.459435e+02  7.643047e-02
1.456994e+02  4.199794e-01
1.447359e+02  5.770273e-01
1.439532e+02  1.115497e-01
1.438127e+02  3.185387e-01
1.430248e+02  2.991633e-01
1.429187e+02  2.017479e-02
1.427735e+02  2.567933e-01
1.423395e+02  1.781572e-01
1.422408e+02  4.051685e-02
1.418383e+02  6.461060e-01
1.407883e+02  1.750232e-01
1.407282e+02  2.679843e-02
1.406841e+02  2.059216e-02
1.406601e+02  2.857346e-02
1.406135e+02  3.207676e-02
1.405927e+02  2.516506e-02
1.404155e+02  3.564335e-01
1.397678e+02  4.787530e-01
1.390118e+02  5.056891e-01
1.383420e+02  1.557773e-01
1.383016e+02  3.699029e-03
1.383005e+02  1.170357e-02
1.381984e+02  1.788036e-01
1.378603e+02  6.207299e-02
1.377987e+02  2.444267e-12
1.377983e+02  1.377786e-02
1.376586e+02  2.204073e-01
1.373114e+02  2.557954e-13
1.373114e+02  2.557954e-13
1.373114e+02  2.557954e-13
1.373109e+02  1.444490e-02
1.371933e+02  2.150637e-01
1.368546e+02  1.564539e-01
1.367789e+02  3.751136e-02
1.366185e+02  2.266464e-01
1.362388e+02  1.599698e-01
1.360768e+02  2.392451e-01
1.356426e+02  2.200166e-01
1.355047e+02  8.006480e-02
1.353730e+02  1.051603e-12
1.353730e+02  1.051603e-12
1.353730e+02  1.051603e-12
1.353730e+02  1.051603e-12
1.353730e+02  1.051603e-12
1.353723e+02  1.687632e-02
1.352381e+02  2.114292e-01
1.349243e+02  1.195397e-01
1.348889e+02  1.790568e-12
1.348889e+02  1.790568e-12
1.348889e+02  1.790568e-12
1.348889e+02  1.790568e-12
1.348889e+02  2.711226e-03
1.348625e+02  4.291432e-02
1.347881e+02  3.554251e-02
1.345885e+02  2.692418e-01
1.341498e+02  2.557954e-13
1.341498e+02  2.557954e-13
1.341498e+02  1.633901e-03
1.341320e+02  3.194600e-02
1.339412e+02  2.582121e-01
1.334914e+02  4.131960e-02
1.334560e+02  3.494255e-03
1.334411e+02  2.645578e-02
1.333447e+02  8.399097e-02
1.330921e+02  1.367373e-01
1.327685e+02  2.125300e-01
1.322484e+02  1.892098e-01
1.320894e+02  4.588772e-02
1.316205e+02  7.279675e-01
1.301268e+02  3.820991e-01
1.293901e+02  3.537689e-01
1.286272e+02  5.685409e-01
1.276015e+02  4.132197e-01
1.272449e+02  8.919984e-03
1.271614e+02  1.393392e-01
1.269326e+02  2.970537e-02
1.269297e+02  5.826450e-13
1.269296e+02  4.489253e-03
1.268860e+02  7.101708e-02
1.267480e+02  3.856562e-02
1.265458e+02  2.033818e-01
1.261425e+02  1.623401e-01
1.257135e+02  2.198820e-01
1.254575e+02  8.384404e-13
1.254575e+02  8.384404e-13
1.254575e+02  8.384404e-13
1.254575e+02  8.384404e-13
1.254575e+02  8.384404e-13
1.254574e+02  1.188537e-03
1.254445e+02  2.265917e-02
1.253354e+02  9.911293e-02
1.252079e+02  2.557954e-13
1.252079e+02  2.557954e-13
1.252079e+02  2.557954e-13
1.252079e+02  2.557954e-13
1.252079e+02  7.379241e-05
1.252071e+02  1.170862e-03
1.252052e+02  1.293188e-12
1.252052e+02  1.293188e-12
1.252037e+02  4.948839e-02
1.247255e+02  7.618523e-01
1.234699e+02  7.202060e-02
1.231494e+02  3.626044e-01
1.226179e+02  1.335820e-12
1.226179e+02  1.335820e-12
1.226179e+02  1.335820e-12
1.226179e+02  1.335820e-12
1.226179e+02  1.335820e-12
1.226179e+02  1.335820e-12
1.226179e+02  1.335820e-12
1.226177e+02  9.006196e-03
1.225236e+02  1.454127e-01
1.222992e+02  6.062451e-03
1.222390e+02  9.644429e-02
1.220850e+02  2.557954e-12
1.220846e+02  1.175408e-02
1.220095e+02  1.602721e-01
1.217307e+02  1.476277e-01
1.216692e+02  1.037392e-12
1.216692e+02  1.037392e-12
1.216683e+02  3.164429e-02
1.213194e+02  5.287480e-01
1.199866e+02  6.821732e-01
1.190429e+02  3.552714e-13
1.190429e+02  3.552714e-13
1.190429e+02  3.552714e-13
1.190429e+02  3.552714e-13
1.190429e+02  3.552714e-13
1.190422e+02  2.293013e-02
1.188089e+02  3.671068e-01
1.182362e+02  5.028036e-02
1.182318e+02  3.268497e-12
1.182313e+02  1.840159e-02
1.180245e+02  3.031531e-01
1.175810e+02  1.591616e-12
1.175810e+02  1.591616e-12
1.175807e+02  9.165610e-03
1.174785e+02  1.665382e-01
1.165950e+02  1.152749e+00
1.130169e+02  1.682243e+00
1.115033e+02  4.184390e-03
1.114673e+02  6.356481e-02
1.113579e+02  2.941108e-02
1.111393e+02  3.495315e-01
1.099763e+02  7.220007e-01
1.091266e+02  1.108447e-12
1.091264e+02  6.698433e-03
1.090562e+02  1.082364e-01
1.088896e+02  3.979039e-13
1.088895e+02  5.270294e-03
1.088396e+02  8.274462e-02
1.086871e+02  3.719268e-02
1.086464e+02  7.105427e-13
1.086462e+02  8.045982e-03
1.085647e+02  1.286376e-01
1.083618e+02  1.776357e-12
1.083615e+02  6.602845e-03
1.082970e+02  8.957907e-02
1.081648e+02  9.237056e-13
1.081648e+02  9.237056e-13
1.081648e+02  9.237056e-13
1.081648e+02  9.237056e-13
1.081648e+02  9.237056e-13
1.081648e+02  9.237056e-13
1.081648e+02  9.237056e-13
1.081648e+02  9.237056e-13
1.081646e+02  6.200455e-03
1.080992e+02  1.004161e-01
1.079455e+02  2.273737e-12
1.079455e+02  2.273737e-12
1.079455e+02  2.273737e-12
1.079455e+02  2.273737e-12
1.079455e+02  2.273737e-12
1.079455e+02  2.273737e-12
1.079455e+02  2.273737e-12
1.079455e+02  2.273737e-12
1.079455e+02  2.273737e-12
1.079455e+02  2.273737e-12
1.079455e+02  2.273737e-12
1.079455e+02  2.273737e-12
1.079453e+02  5.697409e-03
1.078857e+02  9.206139e-02
1.077440e+02  2.003731e-12
1.077440e+02  2.003731e-12
1.077440e+02  2.003731e-12
1.077440e+02  2.003731e-12
1.077440e+02  2.003731e-12
1.077440e+02  2.003731e-12
1.077440e+02  2.003731e-12
1.077440e+02  2.003731e-12
1.077440e+02  2.003731e-12
1.077440e+02  2.003731e-12
1.077440e+02  2.003731e-12
1.077440e+02  2.003731e-12
1.077440e+02  2.003731e-12
1.077440e+02  2.003731e-12
1.077440e+02  2.003731e-12
1.077440e+02  2.003731e-12
1.077440e+02  2.003731e-12
1.077440e+02  2.003731e-12
1.077440e+02  2.003731e-12
1.077440e+02  2.003731e-12
1.077440e+02  2.003731e-12
1.077440e+02  2.003731e-12
1.077440e+02  2.003731e-12
1.077440e+02  2.003731e-12
1.077440e+02  2.003731e-12
1.077440e+02  2.003731e-12
1.077440e+02  2.003731e-12
1.077440e+02  2.003731e-12
1.077440e+02  2.003731e-12
1.077440e+02  2.003731e-12
1.077440e+02  2.003731e-12
1.077440e+02  2.003731e-12
1.077440e+02  2.003731e-12
1.077440e+02  2.003731e-12
1.077440e+02  2.003731e-12
1.077440e+02  2.003731e-12
1.077440e+02  2.003731e-12
1.077440e+02  2.003731e-12
1.077440e+02  2.003731e-12
1.077440e+02  2.003731e-12
1.077440e+02  2.003731e-12
1.077440e+02  2.003731e-12
1.077440e+02  2.003731e-12
1.077440e+02  2.003731e-12
1.077440e+02  2.003731e-12
1.077440e+02  2.003731e-12
1.077440e+02  2.003731e-12
1.077440e+02  2.003731e-12
1.077440e+02  2.003731e-12
1.077440e+02  2.003731e-12
1.077440e+02  2.003731e-12
1.077440e+02  2.003731e-12
1.077440e+02  2.003731e-12
1.077440e+02  2.003731e-12
1.077440e+02  2.003731e-12
1.077440e+02  2.003731e-12
1.077440e+02  2.003731e-12
1.077440e+02  2.003731e-12
1.077440e+02  2.003731e-12
1.077440e+02  2.003731e-12
1.077440e+02  2.003731e-12
1.077439e+02  3.550501e-03
1.077128e+02  5.423169e-02
1.076214e+02  1.921980e-02
1.076184e+02  1.421085e-13
1.076184e+02  1.421085e-13
1.076184e+02  1.421085e-13
1.076184e+02  1.421085e-13
1.076184e+02  1.421085e-13
1.076184e+02  1.421085e-13
1.076184e+02  1.421085e-13
1.076184e+02  1.421085e-13
1.076184e+02  1.421085e-13
1.076184e+02  1.421085e-13
1.076184e+02  1.421085e-13
1.076184e+02  1.421085e-13
1.076184e+02  1.421085e-13
1.076184e+02  1.421085e-13
1.076182e+02  7.062569e-03
1.075738e+02  9.562724e-02
1.074030e+02  8.596476e-02
1.073686e+02  1.250555e-12
1.073686e+02  1.250555e-12
1.073686e+02  1.250555e-12
1.073686e+02  1.250555e-12
1.073686e+02  1.250555e-12
1.073686e+02  1.250555e-12
1.073679e+02  2.406280e-02
1.071241e+02  3.881584e-01
1.062366e+02  3.838211e-01
1.057007e+02  9.947598e-13
1.057007e+02  9.947598e-13
1.057007e+02  9.947598e-13
1.057007e+02  9.947598e-13
1.057007e+02  9.947598e-13
1.057007e+02  8.790160e-04
1.056918e+02  1.409029e-02
1.056706e+02  5.337756e-03
1.056696e+02  1.037011e-12
1.056696e+02  1.037392e-12
1.056696e+02  1.037392e-12
1.056696e+02  1.037392e-12
1.056696e+02  1.037392e-12
1.056696e+02  1.037392e-12
1.056696e+02  1.037392e-12
1.056696e+02  1.037392e-12
1.056696e+02  1.037392e-12
1.056696e+02  1.037392e-12
1.056696e+02  1.037392e-12
1.056696e+02  1.037392e-12
1.056696e+02  1.037392e-12
1.056696e+02  1.037392e-12
1.056694e+02  9.803738e-03
1.056073e+02  1.331418e-01
1.053783e+02  1.266961e-01
1.053229e+02  2.060574e-12
1.053229e+02  2.060574e-12
1.053229e+02  2.060574e-12
1.053229e+02  2.060574e-12
1.053229e+02  2.060574e-12
1.053229e+02  2.060574e-12
1.053229e+02  2.060574e-12
1.053229e+02  2.060574e-12
1.053226e+02  9.177588e-03
1.052314e+02  1.474273e-01
1.048371e+02  2.625613e-01
1.044093e+02  1.577405e-12
1.044093e+02  1.577405e-12
1.044093e+02  1.577405e-12
1.044093e+02  1.577405e-12
1.044093e+02  1.577405e-12
1.044093e+02  1.577405e-12
1.044093e+02  1.577405e-12
1.044093e+02  1.577405e-12
1.044093e+02  1.577405e-12
1.044093e+02  1.577405e-12
1.044093e+02  1.577405e-12
1.044093e+02  1.577405e-12
1.044093e+02  1.577405e-12
1.044093e+02  1.577405e-12
1.044093e+02  1.577405e-12
1.044093e+02  1.577405e-12
1.044093e+02  1.577405e-12
1.044093e+02  1.577405e-12
1.044093e+02  1.577405e-12
1.044093e+02  1.577405e-12
1.044089e+02  1.459548e-02
1.042916e+02  2.165825e-01
1.039232e+02  1.210562e-01
1.038931e+02  1.065814e-12
1.038931e+02  1.065814e-12
1.038931e+02  1.065814e-12
1.038931e+02  1.065814e-12
1.038931e+02  1.065814e-12
1.038931e+02  1.065814e-12
1.038931e+02  1.065814e-12
1.038931e+02  1.065814e-12
1.038931e+02  1.065814e-12
1.038931e+02  1.065814e-12
1.038931e+02  1.065814e-12
1.038931e+02  1.065814e-12
1.038931e+02  1.065814e-12
1.038931e+02  1.065814e-12
1.038931e+02  1.065814e-12
1.038931e+02  1.065814e-12
1.038931e+02  1.065814e-12
1.038931e+02  1.065814e-12
1.038931e+02  1.065814e-12
1.038931e+02  1.065814e-12
1.038931e+02  1.065814e-12
1.038931e+02  1.065814e-12
1.038931e+02  1.065814e-12
1.038931e+02  1.065814e-12
1.038931e+02  1.065814e-12
1.038931e+02  1.065814e-12
1.038931e+02  1.065814e-12
1.038931e+02  1.065814e-12
1.038931e+02  1.065814e-12
1.038931e+02  1.065814e-12
1.038931e+02  1.065814e-12
1.038931e+02  1.065814e-12
1.038931e+02  1.065814e-12
1.038930e+02  4.527388e-03
1.038508e+02  7.058580e-02
1.037330e+02  5.258016e-13
1.037330e+02  5.258016e-13
1.037330e+02  5.258016e-13
1.037330e+02  5.258016e-13
1.037330e+02  5.258016e-13
1.037321e+02  2.877341e-02
1.035283e+02  4.075428e-01
1.028610e+02  3.560927e-01
1.026428e+02  1.003098e-01
1.025040e+02  4.689816e-13
1.025040e+02  4.761881e-13
1.025040e+02  4.971811e-13
1.025040e+02  4.973799e-13
1.025040e+02  4.973799e-13
1.025040e+02  4.973799e-13
1.025040e+02  4.973799e-13
1.025040e+02  4.973799e-13
1.025040e+02  4.973799e-13
1.025040e+02  4.973799e-13
1.025040e+02  4.973799e-13
1.025034e+02  1.508965e-02
1.023410e+02  2.288555e-01
1.019462e+02  8.599637e-02
1.018175e+02  1.591616e-12
1.018175e+02  1.591616e-12
1.018175e+02  1.591616e-12
1.018175e+02  1.591616e-12
1.018175e+02  1.591616e-12
1.018175e+02  1.591616e-12
1.018175e+02  1.591616e-12
1.018175e+02  1.591616e-12
1.018175e+02  1.591616e-12
1.018175e+02  1.591616e-12
1.018175e+02  1.591616e-12
1.018175e+02  1.591616e-12
1.018175e+02  1.591616e-12
1.018175e+02  1.591616e-12
1.018175e+02  1.591616e-12
1.018175e+02  1.591616e-12
1.018175e+02  1.591616e-12
1.018175e+02  1.591616e-12
1.018175e+02  1.591616e-12
1.018175e+02  1.591616e-12
1.018175e+02  1.591616e-12
1.018175e+02  1.591616e-12
1.018175e+02  1.591616e-12
1.018175e+02  1.591616e-12
1.018175e+02  1.591616e-12
1.018175e+02  1.591616e-12
1.018175e+02  1.591616e-12
1.018175e+02  1.591616e-12
1.018175e+02  1.591616e-12
1.018175e+02  1.591616e-12
1.018175e+02  1.591616e-12
1.018175e+02  1.591616e-12
1.018175e+02  1.591616e-12
1.018175e+02  1.591616e-12
1.018175e+02  1.591616e-12
1.018175e+02  1.591616e-12
1.018175e+02  1.591616e-12
1.018175e+02  1.591616e-12
1.018175e+02  1.591616e-12
1.018175e+02  1.591616e-12
1.018175e+02  1.591616e-12
1.018175e+02  1.591616e-12
1.018175e+02  1.591616e-12
1.018175e+02  1.591616e-12
1.018175e+02  1.591616e-12
1.018175e+02  1.591616e-12
1.018175e+02  1.591616e-12
1.018175e+02  1.591616e-12
1.018175e+02  1.591616e-12
1.018175e+02  1.591616e-12
1.018175e+02  1.591616e-12
1.018175e+02  1.591616e-12
1.018175e+02  1.591616e-12
1.018175e+02  1.591616e-12
1.018175e+02  1.591616e-12
1.018175e+02  1.591616e-12
1.018175e+02  1.591616e-12
1.018175e+02  1.591616e-12
1.018175e+02  1.591616e-12
1.018174e+02  3.981508e-03
1.017775e+02  6.350267e-02
1.016767e+02  2.629008e-12
1.016767e+02  2.629008e-12
1.016767e+02  2.629008e-12
1.016767e+02  2.629008e-12
1.016767e+02  2.629008e-12
1.016767e+02  2.629008e-12
1.016767e+02  2.629008e-12
1.016767e+02  2.629008e-12
1.016767e+02  2.629008e-12
1.016767e+02  2.629008e-12
1.016767e+02  2.629008e-12
1.016767e+02  2.629008e-12
1.016767e+02  2.629008e-12
1.016767e+02  2.629008e-12
1.016767e+02  2.629008e-12
1.016767e+02  2.629008e-12
1.016767e+02  2.629008e-12
1.016767e+02  2.629008e-12
1.016767e+02  2.629008e-12
1.016767e+02  2.629008e-12
1.016767e+02  2.629008e-12
1.016767e+02  2.629008e-12
1.016767e+02  2.629008e-12
1.016767e+02  2.629008e-12
1.016767e+02  2.629008e-12
1.016767e+02  2.629008e-12
1.016767e+02  2.629008e-12
1.016767e+02  2.629008e-12
1.016767e+02  2.629008e-12
1.016767e+02  2.629008e-12
1.016767e+02  2.629008e-12
1.016767e+02  2.629008e-12
1.016767e+02  2.629008e-12
1.016767e+02  2.629008e-12
1.016767e+02  2.629008e-12
1.016767e+02  2.629008e-12
1.016767e+02  2.629008e-12
1.016767e+02  2.629008e-12
1.016767e+02  2.629008e-12
1.016767e+02  2.629008e-12
1.016767e+02  2.629008e-12
1.016767e+02  2.629008e-12
1.016767e+02  2.629008e-12
1.016767e+02  2.629008e-12
1.016767e+02  2.629008e-12
1.016767e+02  2.629008e-12
1.016767e+02  2.629008e-12
1.016767e+02  2.629008e-12
1.016767e+02  2.629008e-12
1.016767e+02  2.629008e-12
1.016767e+02  2.629008e-12
1.016767e+02  2.629008e-12
1.016767e+02  2.629008e-12
1.016767e+02  2.629008e-12
1.016767e+02  2.629008e-12
1.016767e+02  2.629008e-12
1.016767e+02  2.629008e-12
1.016767e+02  2.629008e-12
1.016767e+02  2.629008e-12
1.016767e+02  2.629008e-12
1.016767e+02  2.629008e-12
1.016767e+02  2.629008e-12
1.016767e+02  2.629008e-12
1.016767e+02  2.629008e-12
1.016767e+02  2.629008e-12
1.016767e+02  2.629008e-12
1.016767e+02  2.629008e-12
1.016767e+02  2.629008e-12
1.016767e+02  2.629008e-12
1.016767e+02  2.629008e-12
1.016767e+02  2.629008e-12
1.016767e+02  2.629008e-12
1.016767e+02  2.629008e-12
1.016767e+02  2.629008e-12
1.016767e+02  2.629008e-12
1.016767e+02  2.629008e-12
1.016765e+02  4.762955e-03
1.016320e+02  7.903361e-02
1.013229e+02  2.423402e-01
1.009904e+02  5.400125e-13
1.009904e+02  5.400125e-13
1.009904e+02  5.400125e-13
1.009904e+02  5.400125e-13
1.009904e+02  5.400125e-13
1.009904e+02  5.400125e-13
1.009904e+02  5.400125e-13
1.009904e+02  5.400125e-13
1.009904e+02  5.400125e-13
1.009904e+02  5.400125e-13
1.009904e+02  5.400125e-13
1.009904e+02  5.400125e-13
1.009904e+02  5.400125e-13
1.009904e+02  5.400125e-13
1.009904e+02  5.400125e-13
1.009904e+02  5.400125e-13
1.009904e+02  5.400125e-13
1.009904e+02  5.400125e-13
1.009904e+02  5.400125e-13
1.009904e+02  5.400125e-13
1.009904e+02  5.400125e-13
1.009904e+02  5.400125e-13
1.009904e+02  5.400125e-13
1.009904e+02  5.400125e-13
1.009904e+02  5.400125e-13
1.009904e+02  5.400125e-13
1.009904e+02  5.400125e-13
1.009904e+02  5.400125e-13
1.009904e+02  5.400125e-13
1.009904e+02  5.400125e-13
1.009904e+02  5.400125e-13
1.009904e+02  5.400125e-13
1.009904e+02  5.400125e-13
1.009904e+02  5.400125e-13
1.009904e+02  5.400125e-13
1.009904e+02  5.400125e-13
1.009904e+02  5.400125e-13
1.009904e+02  5.400125e-13
1.009904e+02  5.400125e-13
1.009904e+02  5.400125e-13
1.009904e+02  5.400125e-13
1.009904e+02  5.400125e-13
1.009904e+02  5.400125e-13
1.009904e+02  5.400125e-13
1.009904e+02  5.400125e-13
1.009904e+02  5.400125e-13
1.009904e+02  5.400125e-13
1.009904e+02  5.400125e-13
1.009904e+02  5.400125e-13
1.009904e+02  5.400125e-13
1.009904e+02  5.400125e-13
1.009904e+02  5.400125e-13
1.009904e+02  5.400125e-13
1.009904e+02  5.400125e-13
1.009904e+02  5.400125e-13
1.009904e+02  5.400125e-13
1.009904e+02  5.400125e-13
1.009904e+02  5.400125e-13
1.009904e+02  5.400125e-13
1.009904e+02  5.400125e-13
1.009904e+02  5.400125e-13
1.009904e+02  5.400125e-13
1.009904e+02  5.400125e-13
1.009904e+02  5.400125e-13
1.009904e+02  5.400125e-13
1.009904e+02  5.400125e-13
1.009904e+02  5.400125e-13
1.009904e+02  5.400125e-13
1.009904e+02  5.400125e-13
1.009904e+02  5.400125e-13
1.009904e+02  5.400125e-13
1.009904e+02  5.400125e-13
1.009904e+02  5.400125e-13
1.009904e+02  5.400125e-13
1.009904e+02  5.400125e-13
1.009904e+02  5.400125e-13
1.009904e+02  5.400125e-13
1.009904e+02  5.400125e-13
1.009904e+02  5.400125e-13
1.009904e+02  5.400125e-13
1.009904e+02  5.400125e-13
1.009904e+02  5.400125e-13
1.009904e+02  5.400125e-13
1.009904e+02  5.400125e-13
1.009904e+02  5.400125e-13
1.009904e+02  5.400125e-13
1.009904e+02  5.400125e-13
1.009904e+02  5.400125e-13
1.009904e+02  5.400125e-13
1.009904e+02  5.400125e-13
1.009904e+02  5.400125e-13
1.009904e+02  5.400125e-13
1.009904e+02  5.400125e-13
1.009904e+02  5.400125e-13
1.009904e+02  5.400125e-13
1.009904e+02  5.400125e-13
1.009904e+02  5.400125e-13
1.009904e+02  5.400125e-13
1.009904e+02  5.400125e-13
1.009904e+02  5.400125e-13
1.009904e+02  5.400125e-13
1.009904e+02  5.400125e-13
1.009904e+02  5.400125e-13
1.009904e+02  5.400125e-13
1.009904e+02  5.400125e-13
1.009904e+02  5.400125e-13
1.009904e+02  5.400125e-13
1.009904e+02  5.400125e-13
1.009904e+02  5.400125e-13
1.009904e+02  5.400125e-13
1.009904e+02  5.400125e-13
1.009904e+02  5.400125e-13
1.009904e+02  5.400125e-13
1.009904e+02  5.400125e-13
1.009904e+02  5.400125e-13
1.009904e+02  5.400125e-13
1.009904e+02  5.400125e-13
1.009904e+02  5.400125e-13
1.009904e+02  5.400125e-13
1.009904e+02  5.400125e-13
1.009904e+02  5.400125e-13
1.009904e+02  5.400125e-13
1.009904e+02  5.400125e-13
1.009904e+02  5.400125e-13
1.009904e+02  5.400125e-13
1.009904e+02  5.400125e-13
1.009904e+02  5.400125e-13
1.009904e+02  5.400125e-13
1.009904e+02  5.400125e-13
1.009904e+02  5.400125e-13
1.009904e+02  5.400125e-13
1.009904e+02  5.400125e-13
1.009904e+02  5.400125e-13
1.009904e+02  5.400125e-13
1.009904e+02  5.400125e-13
1.009904e+02  5.400125e-13
1.009904e+02  5.400125e-13
1.009904e+02  5.400125e-13
1.009904e+02  5.400125e-13
1.009904e+02  5.400125e-13
1.009904e+02  5.400125e-13
1.009904e+02  5.400125e-13
1.009904e+02  5.400125e-13
1.009904e+02  5.400125e-13
1.009904e+02  5.400125e-13
1.009904e+02  5.400125e-13
1.009904e+02  5.400125e-13
1.009904e+02  5.400125e-13
1.009904e+02  5.400125e-13
1.009904e+02  5.400125e-13
1.009904e+02  5.400125e-13
1.009904e+02  5.400125e-13
1.009904e+02  5.400125e-13
1.009904e+02  5.400125e-13
1.009904e+02  5.400125e-13
1.009904e+02  5.400125e-13
1.009904e+02  5.400125e-13
1.009904e+02  5.400125e-13
1.009904e+02  5.400125e-13
1.009904e+02  5.400125e-13
1.009904e+02  5.400125e-13
1.009904e+02  5.400125e-13
1.009904e+02  5.400125e-13
1.009904e+02  5.400125e-13
1.009904e+02  5.400125e-13
1.009904e+02  5.400125e-13
1.009904e+02  5.400125e-13
1.009904e+02  5.400125e-13
1.009904e+02  5.400125e-13
1.009904e+02  5.400125e-13
1.009904e+02  5.400125e-13
1.009904e+02  5.400125e-13
1.009904e+02  5.400125e-13
1.009904e+02  5.400125e-13
1.009904e+02  5.400125e-13
1.009904e+02  5.400125e-13
1.009904e+02  5.400125e-13
1.009904e+02  5.400125e-13
1.009904e+02  5.400125e-13
1.009904e+02  5.400125e-13
1.009904e+02  5.400125e-13
1.009904e+02  5.400125e-13
1.009904e+02  5.400125e-13
1.009904e+02  5.400125e-13
1.009904e+02  5.400125e-13
1.009904e+02  5.400125e-13
1.009904e+02  5.400125e-13
1.009904e+02  5.400125e-13
1.009904e+02  5.400125e-13
1.009904e+02  5.400125e-13
1.009904e+02  5.400125e-13
1.009904e+02  5.400125e-13
1.009904e+02  5.400125e-13
1.009904e+02  5.400125e-13
1.009904e+02  5.400125e-13
1.009904e+02  5.400125e-13
1.009904e+02  5.400125e-13
1.009904e+02  5.400125e-13
1.009904e+02  5.400125e-13
1.009904e+02  5.400125e-13
1.009904e+02  5.400125e-13
1.009904e+02  5.400125e-13
1.009904e+02  5.400125e-13
1.009904e+02  5.400125e-13
1.009904e+02  5.400125e-13
1.009904e+02  5.400125e-13
1.009904e+02  5.400125e-13
1.009904e+02  5.400125e-13
1.009904e+02  5.400125e-13
1.009904e+02  5.400125e-13
1.009904e+02  5.400125e-13
1.009904e+02  5.400125e-13
1.009904e+02  5.400125e-13
1.009904e+02  5.400125e-13
1.009904e+02  5.400125e-13
1.009904e+02  5.400125e-13
1.009904e+02  5.400125e-13
1.009904e+02  5.400125e-13
1.009904e+02  5.400125e-13
1.009904e+02  5.400125e-13
1.009904e+02  5.400125e-13
1.009904e+02  5.400125e-13
1.009904e+02  5.400125e-13
1.009904e+02  5.400125e-13
1.009904e+02  5.400125e-13
1.009904e+02  5.400125e-13
1.009904e+02  5.400125e-13
1.009904e+02  5.400125e-13
1.009904e+02  5.400125e-13
1.009904e+02  5.400125e-13
1.009904e+02  5.400125e-13
1.009904e+02  5.400125e-13
1.009904e+02  5.400125e-13
1.009904e+02  5.400125e-13
1.009904e+02  5.400125e-13
1.009904e+02  5.400125e-13
1.009904e+02  5.400125e-13
1.009904e+02  5.400125e-13
1.009904e+02  5.400125e-13
1.009904e+02  5.400125e-13
1.009904e+02  5.400125e-13
1.009904e+02  5.400125e-13
1.009904e+02  5.400125e-13
1.009904e+02  5.400125e-13
1.009904e+02  5.400125e-13
1.009904e+02  5.400125e-13
1.009904e+02  5.400125e-13
1.009904e+02  5.400125e-13
1.009904e+02  5.400125e-13
1.009904e+02  5.400125e-13
1.009904e+02  5.400125e-13
1.009904e+02  5.400125e-13
1.009904e+02  5.400125e-13
1.009904e+02  5.400125e-13
1.009904e+02  5.400125e-13
1.009904e+02  5.400125e-13
1.009904e+02  5.400125e-13
1.009904e+02  5.400125e-13
1.009904e+02  5.400125e-13
1.009904e+02  5.400125e-13
1.009904e+02  5.400125e-13
1.009904e+02  5.400125e-13
1.009904e+02  5.400125e-13
1.009904e+02  5.400125e-13
1.009904e+02  5.400125e-13
1.009904e+02  5.400125e-13
1.009904e+02  5.400125e-13
1.009904e+02  5.400125e-13
1.009904e+02  5.400125e-13
1.009904e+02  5.400125e-13
1.009904e+02  5.400125e-13
1.009904e+02  5.400125e-13
1.009904e+02  5.400125e-13
1.009904e+02  5.400125e-13
1.009904e+02  5.400125e-13
1.009904e+02  5.400125e-13
1.009904e+02  5.400125e-13
1.009904e+02  5.400125e-13
1.009904e+02  5.400125e-13
1.009904e+02  5.400125e-13
1.009904e+02  5.400125e-13
1.009904e+02  5.400125e-13
1.009904e+02  5.400125e-13
1.009904e+02  5.400125e-13
1.009904e+02  5.400125e-13
1.009904e+02  5.400125e-13
1.009904e+02  5.400125e-13
1.009904e+02  5.400125e-13
1.009904e+02  5.400125e-13
1.009904e+02  5.400125e-13
1.009904e+02  5.400125e-13
1.009904e+02  5.400125e-13
1.009904e+02  5.400125e-13
1.009904e+02  5.400125e-13
1.009904e+02  5.400125e-13
1.009904e+02  5.400125e-13
1.009904e+02  5.400125e-13
1.009904e+02  5.400125e-13
1.009904e+02  5.400125e-13
1.009904e+02  5.400125e-13
1.009904e+02  5.400125e-13
1.009904e+02  5.400125e-13
1.009904e+02  5.400125e-13
1.009901e+02  9.519655e-03
1.008993e+02  1.495532e-01
1.006574e+02  3.492783e-02
1.006536e+02  6.821210e-13
1.006536e+02  6.821210e-13
1.006536e+02  6.821210e-13
1.006536e+02  6.821210e-13
1.006536e+02  6.821210e-13
1.006536e+02  6.821210e-13
1.006536e+02  6.821210e-13
1.006536e+02  6.821210e-13
1.006536e+02  6.821210e-13
1.006536e+02  6.821210e-13
1.006536e+02  6.821210e-13
1.006536e+02  6.821210e-13
1.006536e+02  6.821210e-13
1.006536e+02  6.821210e-13
1.006536e+02  6.821210e-13
1.006536e+02  6.821210e-13
1.006536e+02  6.821210e-13
1.006536e+02  6.821210e-13
1.006536e+02  6.821210e-13
1.006536e+02  6.821210e-13
1.006536e+02  6.821210e-13
1.006536e+02  6.821210e-13
1.006536e+02  6.821210e-13
1.006536e+02  6.821210e-13
1.006536e+02  6.821210e-13
1.006536e+02  2.469258e-03
1.006329e+02  3.717149e-02
1.005709e+02  1.939104e-02
1.005663e+02  7.673862e-13
1.005663e+02  7.673862e-13
1.005663e+02  7.673862e-13
1.005663e+02  7.673862e-13
1.005663e+02  7.673862e-13
1.005663e+02  7.673862e-13
1.005663e+02  7.673862e-13
1.005663e+02  7.673862e-13
1.005663e+02  7.673862e-13
1.005663e+02  7.673862e-13
1.005663e+02  7.673862e-13
1.005663e+02  7.673862e-13
1.005663e+02  7.673862e-13
1.005663e+02  7.673862e-13
1.005663e+02  7.673862e-13
1.005660e+02  1.182986e-02
1.004374e+02  1.931687e-01
1.001479e+02  4.263256e-14
1.001479e+02  4.263256e-14
1.001479e+02  4.263256e-14
1.001479e+02  4.263256e-14
1.001479e+02  4.263256e-14
1.001479e+02  4.263256e-14
1.001479e+02  4.263256e-14
1.001479e+02  4.263256e-14
1.001479e+02  4.263256e-14
1.001479e+02  4.263256e-14
1.001479e+02  4.263256e-14
1.001479e+02  4.263256e-14
1.001479e+02  4.263256e-14
1.001479e+02  4.263256e-14
1.001479e+02  4.263256e-14
1.001479e+02  4.263256e-14
1.001479e+02  4.263256e-14
1.001479e+02  4.263256e-14
1.001479e+02  4.263256e-14
1.001479e+02  4.263256e-14
1.001479e+02  4.263256e-14
1.001479e+02  4.263256e-14
1.001479e+02  4.263256e-14
1.001479e+02  4.263256e-14
1.001479e+02  4.263256e-14
1.001479e+02  4.263256e-14
1.001479e+02  4.263256e-14
1.001479e+02  4.263256e-14
1.001479e+02  4.263256e-14
1.001479e+02  4.263256e-14
1.001479e+02  4.263256e-14
1.001479e+02  4.263256e-14
1.001479e+02  4.263256e-14
1.001479e+02  4.263256e-14
1.001479e+02  4.263256e-14
1.001479e+02  4.263256e-14
1.001479e+02  4.263256e-14
1.001479e+02  4.263256e-14
1.001479e+02  4.263256e-14
1.001479e+02  4.263256e-14
1.001479e+02  4.263256e-14
1.001479e+02  4.263256e-14
1.001479e+02  1.396762e-03
1.001350e+02  2.166974e-02
1.000985e+02  1.804779e-12
1.000985e+02  1.804779e-12
1.000985e+02  1.804779e-12
1.000985e+02  1.804779e-12
1.000985e+02  1.804779e-12
1.000985e+02  1.804779e-12
1.000985e+02  1.804779e-12
1.000985e+02  1.804779e-12
1.000985e+02  1.804779e-12
1.000985e+02  1.804779e-12
1.000985e+02  1.804779e-12
1.000985e+02  1.804779e-12
1.000985e+02  1.804779e-12
1.000985e+02  1.804779e-12
1.000985e+02  1.804779e-12
1.000985e+02  1.804779e-12
1.000985e+02  1.804779e-12
1.000985e+02  1.804779e-12
1.000985e+02  1.804779e-12
1.000985e+02  1.804779e-12
1.000985e+02  1.804779e-12
1.000985e+02  1.804779e-12
1.000985e+02  1.804779e-12
1.000985e+02  1.804779e-12
1.000985e+02  1.804779e-12
1.000985e+02  1.804779e-12
1.000985e+02  1.804779e-12
1.000985e+02  1.804779e-12
1.000985e+02  1.804779e-12
1.000985e+02  1.804779e-12
1.000985e+02  1.804779e-12
1.000985e+02  1.804779e-12
1.000985e+02  1.804779e-12
1.000985e+02  1.804779e-12
1.000985e+02  1.804779e-12
1.000985e+02  1.804779e-12
1.000985e+02  1.804779e-12
1.000985e+02  1.804779e-12
1.000985e+02  1.804779e-12
1.000985e+02  1.804779e-12
1.000985e+02  1.804779e-12
1.000985e+02  1.804779e-12
1.000985e+02  1.804779e-12
1.000985e+02  1.804779e-12
1.000985e+02  1.804779e-12
1.000985e+02  1.804779e-12
1.000985e+02  1.804779e-12
1.000985e+02  1.804779e-12
1.000985e+02  1.804779e-12
1.000985e+02  1.804779e-12
1.000985e+02  1.804779e-12
1.000985e+02  1.804779e-12
1.000985e+02  1.804779e-12
1.000985e+02  1.804779e-12
1.000985e+02  1.804779e-12
1.000985e+02  1.804779e-12
1.000985e+02  1.804779e-12
1.000985e+02  1.804779e-12
1.000985e+02  1.804779e-12
1.000985e+02  1.804779e-12
1.000985e+02  1.804779e-12
1.000985e+02  1.804779e-12
1.000985e+02  1.804779e-12
1.000985e+02  1.804779e-12
1.000985e+02  1.804779e-12
1.000985e+02  1.804779e-12
1.000985e+02  1.804779e-12
1.000985e+02  1.804779e-12
1.000985e+02  1.804779e-12
1.000985e+02  1.804779e-12
1.000985e+02  1.804779e-12
1.000985e+02  1.804779e-12
1.000985e+02  1.804779e-12
1.000985e+02  1.804779e-12
1.000985e+02  1.804779e-12
1.000985e+02  1.804779e-12
1.000985e+02  1.804779e-12
1.000985e+02  1.804779e-12
1.000985e+02  1.804779e-12
1.000985e+02  1.804779e-12
1.000985e+02  1.804779e-12
1.000985e+02  1.804779e-12
1.000985e+02  1.804779e-12
1.000985e+02  1.804779e-12
1.000985e+02  1.804779e-12
1.000985e+02  1.804779e-12
1.000985e+02  1.804779e-12
1.000985e+02  1.804779e-12
1.000985e+02  1.804779e-12
1.000985e+02  1.804779e-12
1.000985e+02  1.804779e-12
1.000985e+02  1.804779e-12
1.000985e+02  1.804779e-12
1.000985e+02  1.804779e-12
1.000985e+02  1.804779e-12
1.000985e+02  1.804779e-12
1.000985e+02  1.804779e-12
1.000985e+02  1.804779e-12
1.000985e+02  1.804779e-12
1.000985e+02  1.804779e-12
1.000985e+02  1.804779e-12
1.000985e+02  1.804779e-12
1.000985e+02  1.804779e-12
1.000985e+02  1.804779e-12
1.000985e+02  1.804779e-12
1.000985e+02  1.804779e-12
1.000985e+02  1.804779e-12
1.000985e+02  1.804779e-12
1.000985e+02  1.804779e-12
1.000985e+02  1.804779e-12
1.000985e+02  1.804779e-12
1.000985e+02  1.804779e-12
1.000985e+02  1.804779e-12
1.000985e+02  1.804779e-12
1.000985e+02  1.804779e-12
1.000985e+02  1.804779e-12
1.000985e+02  1.804779e-12
1.000985e+02  1.804779e-12
1.000985e+02  1.804779e-12
1.000985e+02  1.804779e-12
1.000985e+02  1.804779e-12
1.000985e+02  1.804779e-12
1.000985e+02  1.804779e-12
1.000985e+02  1.804779e-12
1.000985e+02  1.804779e-12
1.000985e+02  1.804779e-12
1.000985e+02  1.804779e-12
1.000985e+02  1.804779e-12
1.000985e+02  1.804779e-12
1.000985e+02  1.804779e-12
1.000985e+02  1.804779e-12
1.000985e+02  1.804779e-12
1.000985e+02  1.804779e-12
1.000985e+02  1.804779e-12
1.000985e+02  1.804779e-12
1.000985e+02  1.804779e-12
1.000985e+02  1.804779e-12
1.000985e+02  1.804779e-12
1.000985e+02  1.804779e-12
1.000985e+02  1.804779e-12
1.000985e+02  1.804779e-12
1.000985e+02  1.804779e-12
1.000985e+02  1.804779e-12
1.000985e+02  1.804779e-12
1.000985e+02  1.804779e-12
1.000985e+02  1.804779e-12
1.000985e+02  1.804779e-12
1.000985e+02  1.804779e-12
1.000985e+02  1.804779e-12
1.000985e+02  1.804779e-12
1.000985e+02  1.804779e-12
1.000985e+02  1.804779e-12
1.000985e+02  1.804779e-12
1.000985e+02  1.804779e-12
1.000985e+02  1.804779e-12
1.000985e+02  1.804779e-12
1.000985e+02  1.804779e-12
1.000985e+02  1.804779e-12
1.000985e+02  1.804779e-12
1.000985e+02  1.804779e-12
1.000985e+02  1.804779e-12
1.000985e+02  1.804779e-12
1.000985e+02  1.804779e-12
1.000985e+02  1.804779e-12
1.000985e+02  1.804779e-12
1.000985e+02  1.804779e-12
1.000985e+02  1.804779e-12
1.000985e+02  1.804779e-12
1.000985e+02  1.804779e-12
1.000985e+02  1.804779e-12
1.000985e+02  1.804779e-12
1.000985e+02  1.804779e-12
1.000985e+02  1.804779e-12
1.000985e+02  1.804779e-12
1.000985e+02  1.804779e-12
1.000985e+02  1.804779e-12
1.000985e+02  1.804779e-12
1.000985e+02  1.804779e-12
1.000985e+02  1.804779e-12
1.000985e+02  1.804779e-12
1.000985e+02  1.804779e-12
1.000985e+02  1.804779e-12
1.000985e+02  1.804779e-12
1.000985e+02  1.804779e-12
1.000985e+02  1.804779e-12
1.000985e+02  1.804779e-12
1.000985e+02  1.804779e-12
1.000985e+02  1.804779e-12
1.000985e+02  1.804779e-12
1.000985e+02  1.804779e-12
1.000985e+02  1.804779e-12
1.000985e+02  1.804779e-12
1.000985e+02  1.804779e-12
1.000985e+02  1.804779e-12
1.000985e+02  1.804779e-12
1.000985e+02  1.804779e-12
1.000985e+02  1.804779e-12
1.000985e+02  1.804779e-12
1.000985e+02  1.804779e-12
1.000985e+02  1.804779e-12
1.000985e+02  1.804779e-12
1.000985e+02  1.804779e-12
1.000985e+02  1.804779e-12
1.000985e+02  1.804779e-12
1.000985e+02  1.804779e-12
1.000985e+02  1.804779e-12
1.000985e+02  1.804779e-12
1.000985e+02  1.804779e-12
1.000985e+02  1.804779e-12
1.000985e+02  1.804779e-12
1.000985e+02  1.804779e-12
1.000985e+02  1.804779e-12
1.000985e+02  1.804779e-12
1.000985e+02  1.804779e-12
1.000985e+02  1.804779e-12
1.000985e+02  1.804779e-12
1.000985e+02  1.804779e-12
1.000985e+02  1.804779e-12
1.000985e+02  1.804779e-12
1.000985e+02  1.804779e-12
1.000985e+02  1.804779e-12
1.000985e+02  1.804779e-12
1.000985e+02  1.804779e-12
1.000985e+02  1.804779e-12
1.000985e+02  1.804779e-12
1.000985e+02  1.804779e-12
1.000985e+02  1.804779e-12
1.000985e+02  1.804779e-12
1.000985e+02  1.804779e-12
1.000985e+02  1.804779e-12
1.000985e+02  1.804779e-12
1.000985e+02  1.804779e-12
1.000985e+02  1.804779e-12
1.000985e+02  1.804779e-12
1.000985e+02  1.804779e-12
1.000985e+02  1.804779e-12
1.000985e+02  1.804779e-12
1.000985e+02  1.804779e-12
1.000985e+02  1.804779e-12
1.000985e+02  1.804779e-12
1.000985e+02  1.804779e-12
1.000985e+02  1.804779e-12
1.000985e+02  1.804779e-12
1.000985e+02  1.804779e-12
1.000985e+02  1.804779e-12
1.000985e+02  1.804779e-12
1.000985e+02  1.804779e-12
1.000985e+02  1.804779e-12
1.000985e+02  1.804779e-12
1.000985e+02  1.804779e-12
1.000985e+02  1.804779e-12
1.000985e+02  1.804779e-12
1.000985e+02  1.804779e-12
1.000985e+02  1.804779e-12
1.000985e+02  1.804779e-12
1.000985e+02  1.804779e-12
1.000985e+02  1.804779e-12
1.000985e+02  1.804779e-12
1.000985e+02  1.804779e-12
1.000985e+02  1.804779e-12
1.000985e+02  1.804779e-12
1.000985e+02  1.804779e-12
1.000985e+02  1.804779e-12
1.000985e+02  1.804779e-12
1.000985e+02  1.804779e-12
1.000985e+02  1.804779e-12
1.000985e+02  1.804779e-12
1.000985e+02  1.804779e-12
1.000985e+02  1.804779e-12
1.000985e+02  1.804779e-12
1.000985e+02  1.804779e-12
1.000985e+02  1.804779e-12
1.000985e+02  1.804779e-12
1.000985e+02  1.804779e-12
1.000985e+02  1.804779e-12
1.000985e+02  1.804779e-12
1.000985e+02  1.804779e-12
1.000985e+02  1.804779e-12
1.000985e+02  1.804779e-12
1.000985e+02  1.804779e-12
1.000985e+02  1.804779e-12
1.000985e+02  1.804779e-12
1.000985e+02  1.804779e-12
1.000985e+02  1.804779e-12
1.000985e+02  1.804779e-12
1.000985e+02  1.804779e-12
1.000985e+02  1.804779e-12
1.000985e+02  1.804779e-12
1.000985e+02  1.804779e-12
1.000985e+02  1.804779e-12
1.000985e+02  1.804779e-12
1.000985e+02  1.804779e-12
1.000985e+02  1.804779e-12
1.000985e+02  1.804779e-12
1.000985e+02  1.804779e-12
1.000985e+02  1.804779e-12
1.000985e+02  1.804779e-12
1.000985e+02  1.804779e-12
1.000985e+02  1.804779e-12
1.000985e+02  1.804779e-12
1.000985e+02  1.804779e-12
1.000985e+02  1.804779e-12
1.000985e+02  1.804779e-12
1.000985e+02  1.804779e-12
1.000985e+02  1.804779e-12
1.000985e+02  1.804779e-12
1.000985e+02  1.804779e-12
1.000985e+02  1.804779e-12
1.000985e+02  1.804779e-12
1.000985e+02  1.804779e-12
1.000985e+02  1.804779e-12
1.000985e+02  1.804779e-12
1.000985e+02  1.804779e-12
1.000985e+02  1.804779e-12
1.000985e+02  1.804779e-12
1.000985e+02  1.804779e-12
1.000985e+02  1.804779e-12
1.000985e+02  1.804779e-12
1.000985e+02  1.804779e-12
1.000985e+02  1.804779e-12
1.000985e+02  1.804779e-12
1.000985e+02  1.804779e-12
1.000985e+02  1.804779e-12
1.000985e+02  1.804779e-12
1.000985e+02  1.804779e-12
1.000985e+02  1.804779e-12
1.000985e+02  1.804779e-12
1.000985e+02  1.804779e-12
1.000985e+02  1.804779e-12
1.000985e+02  1.804779e-12
1.000985e+02  1.804779e-12
1.000985e+02  1.804779e-12
1.000985e+02  1.804779e-12
1.000985e+02  1.804779e-12
1.000985e+02  1.804779e-12
1.000985e+02  1.804779e-12
1.000985e+02  1.804779e-12
1.000985e+02  1.804779e-12
1.000985e+02  1.804779e-12
1.000985e+02  1.804779e-12
1.000985e+02  1.804779e-12
1.000985e+02  1.804779e-12
1.000985e+02  1.804779e-12
1.000985e+02  1.804779e-12
1.000985e+02  1.804779e-12
1.000985e+02  1.804779e-12
1.000985e+02  1.804779e-12
1.000985e+02  1.804779e-12
1.000985e+02  1.804779e-12
1.000985e+02  1.804779e-12
1.000985e+02  1.804779e-12
1.000985e+02  1.804779e-12
1.000985e+02  1.804779e-12
1.000985e+02  1.804779e-12
1.000985e+02  1.804779e-12
1.000985e+02  1.804779e-12
1.000985e+02  1.804779e-12
1.000985e+02  1.804779e-12
1.000985e+02  1.804779e-12
1.000985e+02  1.804779e-12
1.000985e+02  1.804779e-12
1.000985e+02  1.804779e-12
1.000985e+02  1.804779e-12
1.000985e+02  1.804779e-12
1.000985e+02  1.804779e-12
1.000985e+02  1.804779e-12
1.000985e+02  1.804779e-12
1.000985e+02  1.804779e-12
1.000985e+02  1.804779e-12
1.000985e+02  1.804779e-12
1.000985e+02  1.804779e-12
1.000985e+02  1.804779e-12
1.000985e+02  1.804779e-12
1.000985e+02  1.804779e-12
1.000985e+02  1.804779e-12
1.000985e+02  1.804779e-12
1.000985e+02  1.804779e-12
1.000985e+02  1.804779e-12
1.000985e+02  1.804779e-12
1.000985e+02  1.804779e-12
1.000985e+02  1.252320e-03
1.000852e+02  2.029802e-02
1.000542e+02  2.486900e-12
1.000542e+02  2.486900e-12
1.000542e+02  2.486900e-12
1.000542e+02  2.486900e-12
1.000542e+02  2.486900e-12
1.000542e+02  2.486900e-12
1.000542e+02  2.486900e-12
1.000542e+02  2.486900e-12
1.000542e+02  2.486900e-12
1.000542e+02  2.486900e-12
1.000542e+02  2.486900e-12
1.000542e+02  2.486900e-12
1.000542e+02  2.486900e-12
1.000542e+02  2.486900e-12
1.000542e+02  2.486900e-12
1.000542e+02  2.486900e-12
1.000539e+02  1.153326e-02
9.994063e+01  1.828368e-01
9.964627e+01  2.287948e-12
9.964627e+01  2.287948e-12
9.964627e+01  2.287948e-12
9.964627e+01  2.287948e-12
9.964627e+01  2.287948e-12
9.964627e+01  2.287948e-12
9.964627e+01  2.287948e-12
9.964627e+01  2.287948e-12
9.964627e+01  2.287948e-12
9.964627e+01  2.287948e-12
9.964627e+01  2.287948e-12
9.964627e+01  2.287948e-12
9.964627e+01  2.287948e-12
9.964627e+01  2.287948e-12
9.964627e+01  2.287948e-12
9.964627e+01  2.287948e-12
9.964627e+01  2.287948e-12
9.964627e+01  2.287948e-12
9.964627e+01  2.287948e-12
9.964627e+01  2.287948e-12
9.964627e+01  2.287948e-12
9.964627e+01  2.287948e-12
9.964627e+01  2.287948e-12
9.964627e+01  2.287948e-12
9.964627e+01  2.287948e-12
9.964627e+01  2.287948e-12
9.964627e+01  2.287948e-12
9.964627e+01  2.287948e-12
9.964627e+01  2.287948e-12
9.964627e+01  2.287948e-12
9.964627e+01  2.287948e-12
9.964627e+01  2.287948e-12
9.964609e+01  6.390486e-03
9.959187e+01  9.652527e-02
9.943003e+01  4.578236e-02
9.942024e+01  8.668621e-13
9.942024e+01  8.668621e-13
9.942024e+01  8.668621e-13
9.941975e+01  1.351381e-02
9.927639e+01  2.030982e-01
9.897503e+01  8.592701e-03
9.890900e+01  8.471966e-02
9.880009e+01  2.614797e-12
9.880009e+01  2.614797e-12
9.880009e+01  2.614797e-12
9.880009e+01  2.614797e-12
9.880009e+01  2.614797e-12
9.880009e+01  2.614797e-12
9.880009e+01  2.614797e-12
9.880009e+01  2.614797e-12
9.880009e+01  2.614797e-12
9.880009e+01  2.614797e-12
9.880009e+01  2.614797e-12
9.880009e+01  2.614797e-12
9.880009e+01  2.614797e-12
9.880009e+01  2.614797e-12
9.880009e+01  2.614797e-12
9.879959e+01  1.767202e-02
9.862357e+01  2.813769e-01
9.817504e+01  3.169021e-12
9.817504e+01  3.169021e-12
9.817504e+01  3.169021e-12
9.817504e+01  3.169021e-12
9.817504e+01  3.169021e-12
9.817504e+01  3.169021e-12
9.817504e+01  3.169021e-12
9.817504e+01  3.169021e-12
9.817504e+01  3.169021e-12
9.817504e+01  3.169021e-12
9.817504e+01  3.169021e-12
9.817504e+01  3.169021e-12
9.817504e+01  3.169021e-12
9.817504e+01  3.169021e-12
9.817504e+01  3.169021e-12
9.817504e+01  3.169021e-12
9.817504e+01  3.169021e-12
9.817504e+01  3.169021e-12
9.817504e+01  3.169021e-12
9.817504e+01  3.169021e-12
9.817504e+01  3.169021e-12
9.817504e+01  3.169021e-12
9.817504e+01  3.169021e-12
9.817504e+01  3.169021e-12
9.817504e+01  3.169021e-12
9.817504e+01  3.169021e-12
9.817504e+01  3.169021e-12
9.817479e+01  7.057608e-03
9.809557e+01  1.099454e-01
9.793627e+01  1.321609e-12
9.793627e+01  1.321609e-12
9.793627e+01  1.321609e-12
9.793627e+01  1.321609e-12
9.793627e+01  1.321609e-12
9.793627e+01  1.321609e-12
9.793627e+01  1.321609e-12
9.793627e+01  1.321609e-12
9.793627e+01  1.321609e-12
9.793627e+01  1.321609e-12
9.793627e+01  1.321609e-12
9.793627e+01  1.321609e-12
9.793627e+01  1.321609e-12
9.793627e+01  1.321609e-12
9.793627e+01  1.321609e-12
9.793600e+01  9.432850e-03
9.784534e+01  1.493512e-01
9.753137e+01  9.435894e-02
9.741426e+01  1.463718e-12
9.741426e+01  1.463718e-12
9.741426e+01  1.463718e-12
9.741426e+01  1.463718e-12
9.741426e+01  1.463718e-12
9.741426e+01  1.463718e-12
9.741426e+01  1.463718e-12
9.741426e+01  1.463718e-12
9.741426e+01  1.463718e-12
9.741426e+01  1.463718e-12
9.741426e+01  1.463718e-12
9.741426e+01  1.463718e-12
9.741426e+01  1.463718e-12
9.741426e+01  1.463718e-12
9.741426e+01  1.463718e-12
9.741426e+01  1.463718e-12
9.741426e+01  1.463718e-12
9.741426e+01  1.463718e-12
9.741426e+01  1.463718e-12
9.741426e+01  1.463718e-12
9.741426e+01  1.463718e-12
9.741426e+01  1.463718e-12
9.741426e+01  1.463718e-12
9.741426e+01  1.463718e-12
9.741426e+01  1.463718e-12
9.741426e+01  1.463718e-12
9.741426e+01  1.463718e-12
9.741426e+01  1.463718e-12
9.741426e+01  1.463718e-12
9.741426e+01  1.463718e-12
9.741426e+01  1.463718e-12
9.741426e+01  1.463718e-12
9.741426e+01  1.463718e-12
9.741426e+01  1.463718e-12
9.741426e+01  1.463718e-12
9.741426e+01  1.463718e-12
9.741426e+01  1.463718e-12
9.741426e+01  1.463718e-12
9.741426e+01  1.463718e-12
9.741426e+01  1.463718e-12
9.741426e+01  1.463718e-12
9.741426e+01  1.463718e-12
9.741426e+01  1.463718e-12
9.741426e+01  1.463718e-12
9.741426e+01  1.463718e-12
9.741426e+01  1.463718e-12
9.741426e+01  1.463718e-12
9.741426e+01  1.463718e-12
9.741426e+01  1.463718e-12
9.741426e+01  1.463718e-12
9.741426e+01  1.463718e-12
9.741426e+01  1.463718e-12
9.741426e+01  1.463718e-12
9.741426e+01  1.463718e-12
9.741426e+01  1.463718e-12
9.741426e+01  1.463718e-12
9.741426e+01  1.463718e-12
9.741426e+01  1.463718e-12
9.741426e+01  1.463718e-12
9.741426e+01  1.463718e-12
9.741426e+01  1.463718e-12
9.741426e+01  1.463718e-12
9.741426e+01  1.463718e-12
9.741426e+01  1.463718e-12
9.741426e+01  1.463718e-12
9.741426e+01  1.463718e-12
9.741426e+01  1.463718e-12
9.741426e+01  1.463718e-12
9.741426e+01  1.463718e-12
9.741426e+01  1.463718e-12
9.741426e+01  1.463718e-12
9.741426e+01  1.463718e-12
9.741426e+01  1.463718e-12
9.741426e+01  1.463718e-12
9.741426e+01  1.463718e-12
9.741426e+01  1.463718e-12
9.741426e+01  1.463718e-12
9.741426e+01  1.463718e-12
9.741426e+01  1.463718e-12
9.741426e+01  1.463718e-12
9.741426e+01  1.463718e-12
9.741426e+01  1.463718e-12
9.741426e+01  1.463718e-12
9.741426e+01  1.463718e-12
9.741426e+01  1.463718e-12
9.741426e+01  1.463718e-12
9.741426e+01  1.463718e-12
9.741426e+01  1.463718e-12
9.741426e+01  1.463718e-12
9.741426e+01  1.463718e-12
9.741426e+01  1.463718e-12
9.741426e+01  1.463718e-12
9.741426e+01  1.463718e-12
9.741426e+01  1.463718e-12
9.741426e+01  1.463718e-12
9.741426e+01  1.463718e-12
9.741426e+01  1.463718e-12
9.741426e+01  1.463718e-12
9.741426e+01  1.463718e-12
9.741426e+01  1.463718e-12
9.741426e+01  1.463718e-12
9.741426e+01  1.463718e-12
9.741426e+01  1.463718e-12
9.741426e+01  1.463718e-12
9.741426e+01  1.463718e-12
9.741426e+01  1.463718e-12
9.741426e+01  1.463718e-12
9.741426e+01  1.463718e-12
9.741426e+01  1.463718e-12
9.741426e+01  1.463718e-12
9.741426e+01  1.463718e-12
9.741426e+01  1.463718e-12
9.741426e+01  1.463718e-12
9.741426e+01  1.463718e-12
9.741426e+01  1.463718e-12
9.741426e+01  1.463718e-12
9.741426e+01  1.463718e-12
9.741426e+01  1.463718e-12
9.741426e+01  1.463718e-12
9.741426e+01  1.463718e-12
9.741426e+01  1.463718e-12
9.741426e+01  1.463718e-12
9.741426e+01  1.463718e-12
9.741426e+01  1.463718e-12
9.741426e+01  1.463718e-12
9.741426e+01  1.463718e-12
9.741426e+01  1.463718e-12
9.741426e+01  1.463718e-12
9.741426e+01  1.463718e-12
9.741426e+01  1.463718e-12
9.741426e+01  1.463718e-12
9.741426e+01  1.463718e-12
9.741426e+01  1.463718e-12
9.741426e+01  1.463718e-12
9.741426e+01  1.463718e-12
9.741426e+01  1.463718e-12
9.741426e+01  1.463718e-12
9.741426e+01  1.463718e-12
9.741426e+01  1.463718e-12
9.741426e+01  1.463718e-12
9.741426e+01  1.463718e-12
9.741426e+01  1.463718e-12
9.741426e+01  1.463718e-12
9.741426e+01  1.463718e-12
9.741426e+01  1.463718e-12
9.741426e+01  1.463718e-12
9.741426e+01  1.463718e-12
9.741426e+01  1.463718e-12
9.741426e+01  1.463718e-12
9.741426e+01  1.463718e-12
9.741426e+01  1.463718e-12
9.741426e+01  1.463718e-12
9.741426e+01  1.463718e-12
9.741426e+01  1.463718e-12
9.741426e+01  1.463718e-12
9.741426e+01  1.463718e-12
9.741426e+01  1.463718e-12
9.741426e+01  1.463718e-12
9.741426e+01  1.463718e-12
9.741426e+01  1.463718e-12
9.741426e+01  1.463718e-12
9.741426e+01  1.463718e-12
9.741426e+01  1.463718e-12
9.741426e+01  1.463718e-12
9.741426e+01  1.463718e-12
9.741426e+01  1.463718e-12
9.741426e+01  1.463718e-12
9.741426e+01  1.463718e-12
9.741426e+01  1.463718e-12
9.741426e+01  1.463718e-12
9.741426e+01  1.463718e-12
9.741426e+01  1.463718e-12
9.741426e+01  1.463718e-12
9.741426e+01  1.463718e-12
9.741426e+01  1.463718e-12
9.741426e+01  1.463718e-12
9.741426e+01  1.463718e-12
9.741426e+01  1.463718e-12
9.741426e+01  1.463718e-12
9.741426e+01  1.463718e-12
9.741426e+01  1.463718e-12
9.741426e+01  1.463718e-12
9.741426e+01  1.463718e-12
9.741426e+01  1.463718e-12
9.741426e+01  1.463718e-12
9.741426e+01  1.463718e-12
9.741426e+01  1.463718e-12
9.741426e+01  1.463718e-12
9.741426e+01  1.463718e-12
9.741426e+01  1.463718e-12
9.741426e+01  1.463718e-12
9.741426e+01  1.463718e-12
9.741426e+01  1.463718e-12
9.741426e+01  1.463718e-12
9.741426e+01  1.463718e-12
9.741426e+01  1.463718e-12
9.741426e+01  1.463718e-12
9.741426e+01  1.463718e-12
9.741426e+01  1.463718e-12
9.741426e+01  1.463718e-12
9.741426e+01  1.463718e-12
9.741426e+01  1.463718e-12
9.741426e+01  1.463718e-12
9.741426e+01  1.463718e-12
9.741426e+01  1.463718e-12
9.741426e+01  1.463718e-12
9.741426e+01  1.463718e-12
9.741426e+01  1.463718e-12
9.741426e+01  1.463718e-12
9.741426e+01  1.463718e-12
9.741426e+01  1.463718e-12
9.741426e+01  1.463718e-12
9.741426e+01  1.463718e-12
9.741426e+01  1.463718e-12
9.741426e+01  1.463718e-12
9.741426e+01  1.463718e-12
9.741426e+01  1.463718e-12
9.741426e+01  1.463718e-12
9.741426e+01  1.463718e-12
9.741426e+01  1.463718e-12
9.741426e+01  1.463718e-12
9.741426e+01  1.463718e-12
9.741426e+01  1.463718e-12
9.741426e+01  1.463718e-12
9.741426e+01  1.463718e-12
9.741426e+01  1.463718e-12
9.741426e+01  1.463718e-12
9.741426e+01  1.463718e-12
9.741426e+01  1.463718e-12
9.741426e+01  1.463718e-12
9.741426e+01  1.463718e-12
9.741426e+01  1.463718e-12
9.741426e+01  1.463718e-12
9.741426e+01  1.463718e-12
9.741426e+01  1.463718e-12
9.741426e+01  1.463718e-12
9.741426e+01  1.463718e-12
9.741426e+01  1.463718e-12
9.741426e+01  1.463718e-12
9.741426e+01  1.463718e-12
9.741426e+01  1.463718e-12
9.741426e+01  1.463718e-12
9.741426e+01  1.463718e-12
9.741426e+01  1.463718e-12
9.741426e+01  1.463718e-12
9.741426e+01  1.463718e-12
9.741426e+01  1.463718e-12
9.741426e+01  1.463718e-12
9.741426e+01  1.463718e-12
9.741426e+01  1.463718e-12
9.741426e+01  1.463718e-12
9.741426e+01  1.463718e-12
9.741426e+01  1.463718e-12
9.741426e+01  1.463718e-12
9.741426e+01  1.463718e-12
9.741426e+01  1.463718e-12
9.741426e+01  1.463718e-12
9.741426e+01  1.463718e-12
9.741426e+01  1.463718e-12
9.741426e+01  1.463718e-12
9.741403e+01  8.075721e-03
9.733862e+01  1.260294e-01
9.712862e+01  1.222134e-12
9.712862e+01  1.222134e-12
9.712862e+01  1.222134e-12
9.712862e+01  1.222134e-12
9.712862e+01  1.222134e-12
9.712862e+01  1.222134e-12
9.712862e+01  1.222134e-12
9.712862e+01  1.222134e-12
9.712862e+01  1.222134e-12
9.712862e+01  1.222134e-12
9.712858e+01  1.425938e-03
9.711216e+01  2.364861e-02
9.707819e+01  2.486900e-12
9.707819e+01  2.486900e-12
9.707819e+01  2.486900e-12
9.707819e+01  2.486900e-12
9.707819e+01  2.486900e-12
9.707819e+01  2.486900e-12
9.707819e+01  2.486900e-12
9.707819e+01  2.486900e-12
9.707819e+01  2.486900e-12
9.707819e+01  2.486900e-12
9.707819e+01  2.486900e-12
9.707819e+01  2.486900e-12
9.707819e+01  2.486900e-12
9.707819e+01  2.486900e-12
9.707819e+01  2.486900e-12
9.707819e+01  2.486900e-12
9.707819e+01  2.486900e-12
9.707819e+01  2.486900e-12
9.707819e+01  2.486900e-12
9.707819e+01  2.486900e-12
9.707819e+01  2.486900e-12
9.707819e+01  2.486900e-12
9.707819e+01  2.486900e-12
9.707819e+01  2.486900e-12
9.707819e+01  2.486900e-12
9.707819e+01  2.486900e-12
9.707819e+01  2.486900e-12
9.707819e+01  2.486900e-12
9.707819e+01  2.486900e-12
9.707819e+01  2.486900e-12
9.707819e+01  2.486900e-12
9.707819e+01  2.486900e-12
9.707819e+01  2.486900e-12
9.707819e+01  2.486900e-12
9.707819e+01  2.486900e-12
9.707819e+01  2.486900e-12
9.707819e+01  2.486900e-12
9.707819e+01  2.486900e-12
9.707819e+01  2.486900e-12
9.707819e+01  2.486900e-12
9.707819e+01  2.486900e-12
9.707817e+01  5.032262e-04
9.707313e+01  8.026158e-03
9.706039e+01  1.847411e-12
9.706039e+01  1.847411e-12
9.706039e+01  1.847411e-12
9.706039e+01  1.847411e-12
9.706039e+01  1.847411e-12
9.706039e+01  1.847411e-12
9.706039e+01  1.847411e-12
9.705984e+01  1.949167e-02
9.686466e+01  3.093162e-01
9.637098e+01  3.225864e-12
9.637098e+01  3.225864e-12
9.637098e+01  3.225864e-12
9.637098e+01  3.225864e-12
9.637098e+01  3.225864e-12
9.637098e+01  3.225864e-12
9.637098e+01  3.225864e-12
9.637098e+01  3.225864e-12
9.637098e+01  3.225864e-12
9.637098e+01  3.225864e-12
9.637098e+01  3.225864e-12
9.637098e+01  3.225864e-12
9.637098e+01  3.225864e-12
9.637098e+01  3.225864e-12
9.637098e+01  3.225864e-12
9.637058e+01  1.399084e-02
9.622728e+01  2.246351e-01
9.587491e+01  3.050389e-02
9.560870e+01  3.641229e-01
9.511292e+01  7.531753e-13
9.511292e+01  7.531753e-13
9.511292e+01  7.531753e-13
9.511292e+01  7.531753e-13
9.511292e+01  7.531753e-13
9.511292e+01  7.531753e-13
9.511292e+01  7.531753e-13
9.511292e+01  7.531753e-13
9.511292e+01  7.531753e-13
9.511292e+01  7.531753e-13
9.511292e+01  7.531753e-13
9.511292e+01  7.531753e-13
9.511292e+01  7.531753e-13
9.511292e+01  7.531753e-13
9.511292e+01  7.531753e-13
9.511258e+01  1.217431e-02
9.498650e+01  1.960995e-01
9.468232e+01  2.003731e-12
9.468232e+01  2.003731e-12
9.468232e+01  2.003731e-12
9.468232e+01  2.003731e-12
9.468232e+01  2.003731e-12
9.468232e+01  2.003731e-12
9.468232e+01  2.003731e-12
9.468232e+01  2.003731e-12
9.468232e+01  2.003731e-12
9.468232e+01  2.003731e-12
9.468232e+01  2.003731e-12
9.468232e+01  2.003731e-12
9.468232e+01  2.003731e-12
9.468232e+01  2.003731e-12
9.468232e+01  2.003731e-12
9.468232e+01  2.003731e-12
9.468232e+01  2.003731e-12
9.468232e+01  2.003731e-12
9.468232e+01  2.003731e-12
9.468232e+01  2.003731e-12
9.468232e+01  2.003731e-12
9.468232e+01  2.003731e-12
9.468232e+01  2.003731e-12
9.468232e+01  2.003731e-12
9.468232e+01  2.003731e-12
9.468232e+01  2.003731e-12
9.468232e+01  2.003731e-12
9.468232e+01  2.003731e-12
9.468232e+01  2.003731e-12
9.468202e+01  1.062277e-02
9.457802e+01  1.682539e-01
9.430660e+01  2.245315e-12
9.430660e+01  2.245315e-12
9.430626e+01  1.201361e-02
9.418966e+01  1.897736e-01
9.388169e+01  1.136868e-12
9.388169e+01  1.136868e-12
9.388169e+01  1.136868e-12
9.388169e+01  1.136868e-12
9.388169e+01  1.136868e-12
9.388169e+01  1.136868e-12
9.388169e+01  1.136868e-12
9.388169e+01  1.136868e-12
9.388169e+01  1.136868e-12
9.388169e+01  1.136868e-12
9.388169e+01  1.136868e-12
9.388169e+01  1.136868e-12
9.388169e+01  1.136868e-12
9.388169e+01  1.136868e-12
9.388169e+01  1.136868e-12
9.388169e+01  1.136868e-12
9.388169e+01  1.136868e-12
9.388169e+01  1.136868e-12
9.388169e+01  1.136868e-12
9.388169e+01  1.136868e-12
9.388169e+01  1.136868e-12
9.388169e+01  1.136868e-12
9.388169e+01  1.136868e-12
9.388169e+01  1.136868e-12
9.388169e+01  1.136868e-12
9.388169e+01  1.136868e-12
9.388169e+01  1.136868e-12
9.388169e+01  1.136868e-12
9.388169e+01  1.136868e-12
9.388169e+01  1.136868e-12
9.388169e+01  1.136868e-12
9.388169e+01  1.136868e-12
9.388169e+01  1.136868e-12
9.388169e+01  1.136868e-12
9.388169e+01  1.136868e-12
9.388169e+01  1.136868e-12
9.388169e+01  1.136868e-12
9.388169e+01  1.136868e-12
9.388169e+01  1.136868e-12
9.388169e+01  1.136868e-12
9.388169e+01  1.136868e-12
9.388169e+01  1.136868e-12
9.388169e+01  1.136868e-12
9.388169e+01  1.136868e-12
9.388169e+01  1.136868e-12
9.388169e+01  1.136868e-12
9.388169e+01  1.136868e-12
9.388169e+01  1.136868e-12
9.388169e+01  1.136868e-12
9.388169e+01  1.136868e-12
9.388169e+01  1.136868e-12
9.388169e+01  1.136868e-12
9.388169e+01  1.136868e-12
9.388169e+01  1.136868e-12
9.388169e+01  1.136868e-12
9.388169e+01  1.136868e-12
9.388169e+01  1.136868e-12
9.388165e+01  1.166463e-03
9.386977e+01  1.869796e-02
9.384043e+01  2.444267e-12
9.384028e+01  5.154185e-03
9.378618e+01  8.334845e-02
9.365812e+01  1.539252e-04
9.365645e+01  2.513431e-03
9.365268e+01  1.605827e-12
9.365268e+01  1.605827e-12
9.365268e+01  1.605827e-12
9.365268e+01  1.605827e-12
9.365268e+01  1.605827e-12
9.365268e+01  1.605827e-12
9.365268e+01  1.605827e-12
9.365268e+01  1.605827e-12
9.365268e+01  1.605827e-12
9.365268e+01  1.605827e-12
9.365268e+01  1.605827e-12
9.365268e+01  1.605827e-12
9.365268e+01  1.605827e-12
9.365268e+01  1.605827e-12
9.365268e+01  1.605827e-12
9.365268e+01  1.605827e-12
9.365268e+01  1.605827e-12
9.365268e+01  1.605827e-12
9.365268e+01  1.605827e-12
9.365268e+01  1.605827e-12
9.365268e+01  1.605827e-12
9.365268e+01  1.605827e-12
9.365268e+01  1.605827e-12
9.365268e+01  1.605827e-12
9.365268e+01  1.605827e-12
9.365268e+01  1.605827e-12
9.365268e+01  1.605827e-12
9.365268e+01  1.605827e-12
9.365268e+01  1.605827e-12
9.365268e+01  1.605827e-12
9.365268e+01  1.605827e-12
9.365268e+01  1.605827e-12
9.365268e+01  1.605827e-12
9.365268e+01  1.605827e-12
9.365268e+01  1.605827e-12
9.365268e+01  1.605827e-12
9.365268e+01  1.605827e-12
9.365268e+01  1.605827e-12
9.365268e+01  1.605827e-12
9.365268e+01  1.605827e-12
9.365268e+01  1.605827e-12
9.365268e+01  1.605827e-12
9.365268e+01  1.605827e-12
9.365268e+01  1.605827e-12
9.365268e+01  1.605827e-12
9.365268e+01  1.605827e-12
9.365268e+01  1.605827e-12
9.365268e+01  1.605827e-12
9.365268e+01  1.605827e-12
9.365268e+01  1.605827e-12
9.365268e+01  1.605827e-12
9.365268e+01  1.605827e-12
9.365268e+01  1.605827e-12
9.365265e+01  1.078277e-03
9.364191e+01  1.716852e-02
9.361455e+01  2.557954e-13
9.361455e+01  2.557954e-13
9.361455e+01  2.557954e-13
9.361455e+01  2.557954e-13
9.361455e+01  2.557954e-13
9.361455e+01  2.557954e-13
9.361455e+01  2.557954e-13
9.361421e+01  1.189963e-02
9.348775e+01  1.929803e-01
9.319366e+01  1.918465e-12
9.319366e+01  1.918465e-12
9.319366e+01  1.918465e-12
9.319359e+01  2.367773e-03
9.317008e+01  3.766763e-02
9.310991e+01  1.662670e-12
9.310991e+01  1.662670e-12
9.310991e+01  1.662670e-12
9.310991e+01  1.662670e-12
9.310991e+01  1.662670e-12
9.310991e+01  1.662670e-12
9.310991e+01  1.662670e-12
9.310991e+01  1.662670e-12
9.310991e+01  1.662670e-12
9.310991e+01  1.662670e-12
9.310991e+01  1.662670e-12
9.310991e+01  1.662670e-12
9.310991e+01  1.662670e-12
9.310991e+01  1.662670e-12
9.310991e+01  1.662670e-12
9.310991e+01  1.662670e-12
9.310991e+01  1.662670e-12
9.310991e+01  1.662670e-12
9.310991e+01  1.662670e-12
9.310970e+01  7.761994e-03
9.302385e+01  1.272012e-01
9.283538e+01  3.979039e-13
9.283538e+01  3.979039e-13
9.283538e+01  3.979039e-13
9.283538e+01  3.979039e-13
9.283538e+01  3.979039e-13
9.283538e+01  3.979039e-13
9.283538e+01  3.979039e-13
9.283538e+01  3.979039e-13
9.283538e+01  3.979039e-13
9.283538e+01  3.979039e-13
9.283538e+01  3.979039e-13
9.283538e+01  3.979039e-13
9.283538e+01  3.979039e-13
9.283538e+01  3.979039e-13
9.283538e+01  3.979039e-13
9.283538e+01  3.979039e-13
9.283538e+01  3.979039e-13
9.283538e+01  3.979039e-13
9.283538e+01  3.979039e-13
9.283538e+01  3.979039e-13
9.283538e+01  3.979039e-13
9.283538e+01  3.979039e-13
9.283538e+01  3.979039e-13
9.283538e+01  3.979039e-13
9.283538e+01  3.979039e-13
9.283538e+01  3.979039e-13
9.283538e+01  3.979039e-13
9.283538e+01  3.979039e-13
9.283538e+01  3.979039e-13
9.283538e+01  3.979039e-13
9.283538e+01  3.979039e-13
9.283538e+01  3.979039e-13
9.283538e+01  3.979039e-13
9.283538e+01  3.979039e-13
9.283538e+01  3.979039e-13
9.283538e+01  3.979039e-13
9.283538e+01  3.979039e-13
9.283538e+01  3.979039e-13
9.283538e+01  3.979039e-13
9.283538e+01  3.979039e-13
9.283538e+01  3.979039e-13
9.283538e+01  3.979039e-13
9.283538e+01  3.979039e-13
9.283538e+01  3.979039e-13
9.283538e+01  3.979039e-13
9.283538e+01  3.979039e-13
9.283538e+01  3.979039e-13
9.283538e+01  3.979039e-13
9.283538e+01  3.979039e-13
9.283538e+01  3.979039e-13
9.283538e+01  3.979039e-13
9.283538e+01  3.979039e-13
9.283538e+01  3.979039e-13
9.283538e+01  3.979039e-13
9.283538e+01  3.979039e-13
9.283538e+01  3.979039e-13
9.283538e+01  3.979039e-13
9.283538e+01  3.979039e-13
9.283538e+01  3.979039e-13
9.283538e+01  3.979039e-13
9.283538e+01  3.979039e-13
9.283538e+01  3.979039e-13
9.283538e+01  3.979039e-13
9.283538e+01  3.979039e-13
9.283538e+01  3.979039e-13
9.283538e+01  3.979039e-13
9.283538e+01  3.979039e-13
9.283538e+01  3.979039e-13
9.283538e+01  3.979039e-13
9.283538e+01  3.979039e-13
9.283538e+01  3.979039e-13
9.283538e+01  3.979039e-13
9.283538e+01  3.979039e-13
9.283538e+01  3.979039e-13
9.283538e+01  3.979039e-13
9.283538e+01  3.979039e-13
9.283538e+01  3.979039e-13
9.283538e+01  3.979039e-13
9.283538e+01  3.979039e-13
9.283538e+01  3.979039e-13
9.283538e+01  3.979039e-13
9.283538e+01  3.979039e-13
9.283538e+01  3.979039e-13
9.283538e+01  3.979039e-13
9.283538e+01  3.979039e-13
9.283538e+01  3.979039e-13
9.283538e+01  3.979039e-13
9.283538e+01  3.979039e-13
9.283538e+01  3.979039e-13
9.283538e+01  3.979039e-13
9.283538e+01  3.979039e-13
9.283538e+01  3.979039e-13
9.283538e+01  3.979039e-13
9.283538e+01  3.979039e-13
9.283538e+01  3.979039e-13
9.283538e+01  3.979039e-13
9.283538e+01  3.979039e-13
9.283538e+01  3.979039e-13
9.283538e+01  3.979039e-13
9.283538e+01  3.979039e-13
9.283538e+01  3.979039e-13
9.283538e+01  3.979039e-13
9.283538e+01  3.979039e-13
9.283538e+01  3.979039e-13
9.283538e+01  3.979039e-13
9.283538e+01  3.979039e-13
9.283538e+01  3.979039e-13
9.283538e+01  3.979039e-13
9.283538e+01  3.979039e-13
9.283538e+01  3.979039e-13
9.283538e+01  3.979039e-13
9.283538e+01  3.979039e-13
9.283538e+01  3.979039e-13
9.283538e+01  3.979039e-13
9.283538e+01  3.979039e-13
9.283538e+01  3.979039e-13
9.283538e+01  3.979039e-13
9.283538e+01  3.979039e-13
9.283538e+01  3.979039e-13
9.283538e+01  3.979039e-13
9.283538e+01  3.979039e-13
9.283538e+01  3.979039e-13
9.283538e+01  3.979039e-13
9.283538e+01  3.979039e-13
9.283538e+01  3.979039e-13
9.283538e+01  3.979039e-13
9.283538e+01  3.979039e-13
9.283538e+01  3.979039e-13
9.283538e+01  3.979039e-13
9.283538e+01  3.979039e-13
9.283538e+01  3.979039e-13
9.283538e+01  3.979039e-13
9.283538e+01  3.979039e-13
9.283538e+01  3.979039e-13
9.283538e+01  3.979039e-13
9.283538e+01  3.979039e-13
9.283538e+01  3.979039e-13
9.283538e+01  3.979039e-13
9.283538e+01  3.979039e-13
9.283538e+01  3.979039e-13
9.283538e+01  3.979039e-13
9.283538e+01  3.979039e-13
9.283538e+01  3.979039e-13
9.283538e+01  3.979039e-13
9.283538e+01  3.979039e-13
9.283538e+01  3.979039e-13
9.283538e+01  3.979039e-13
9.283538e+01  3.979039e-13
9.283538e+01  3.979039e-13
9.283538e+01  3.979039e-13
9.283538e+01  3.979039e-13
9.283538e+01  3.979039e-13
9.283538e+01  3.979039e-13
9.283538e+01  3.979039e-13
9.283538e+01  3.979039e-13
9.283538e+01  3.979039e-13
9.283538e+01  3.979039e-13
9.283538e+01  3.979039e-13
9.283538e+01  3.979039e-13
9.283538e+01  3.979039e-13
9.283538e+01  3.979039e-13
9.283538e+01  3.979039e-13
9.283538e+01  3.979039e-13
9.283538e+01  3.979039e-13
9.283538e+01  3.979039e-13
9.283538e+01  3.979039e-13
9.283538e+01  3.979039e-13
9.283538e+01  3.979039e-13
9.283538e+01  3.979039e-13
9.283538e+01  3.979039e-13
9.283538e+01  3.979039e-13
9.283538e+01  3.979039e-13
9.283538e+01  3.979039e-13
9.283538e+01  3.979039e-13
9.283538e+01  3.979039e-13
9.283538e+01  3.979039e-13
9.283538e+01  3.979039e-13
9.283538e+01  3.979039e-13
9.283538e+01  3.979039e-13
9.283538e+01  3.979039e-13
9.283538e+01  3.979039e-13
9.283538e+01  3.979039e-13
9.283538e+01  3.979039e-13
9.283538e+01  3.979039e-13
9.283538e+01  3.979039e-13
9.283538e+01  3.979039e-13
9.283538e+01  3.979039e-13
9.283538e+01  3.979039e-13
9.283538e+01  3.979039e-13
9.283538e+01  3.979039e-13
9.283538e+01  3.979039e-13
9.283538e+01  3.979039e-13
9.283538e+01  3.979039e-13
9.283538e+01  3.979039e-13
9.283538e+01  3.979039e-13
9.283538e+01  3.979039e-13
9.283538e+01  3.979039e-13
9.283538e+01  3.979039e-13
9.283538e+01  3.979039e-13
9.283538e+01  3.979039e-13
9.283538e+01  3.979039e-13
9.283538e+01  3.979039e-13
9.283538e+01  3.979039e-13
9.283538e+01  3.979039e-13
9.283538e+01  3.979039e-13
9.283538e+01  3.979039e-13
9.283538e+01  3.979039e-13
9.283538e+01  3.979039e-13
9.283538e+01  3.979039e-13
9.283538e+01  3.979039e-13
9.283538e+01  3.979039e-13
9.283538e+01  3.979039e-13
9.283538e+01  3.979039e-13
9.283538e+01  3.979039e-13
9.283538e+01  3.979039e-13
9.283538e+01  3.979039e-13
9.283538e+01  3.979039e-13
9.283538e+01  3.979039e-13
9.283538e+01  3.979039e-13
9.283538e+01  3.979039e-13
9.283538e+01  3.979039e-13
9.283538e+01  3.979039e-13
9.283538e+01  3.979039e-13
9.283538e+01  3.979039e-13
9.283538e+01  3.979039e-13
9.283538e+01  3.979039e-13
9.283538e+01  3.979039e-13
9.283538e+01  3.979039e-13
9.283538e+01  3.979039e-13
9.283538e+01  3.979039e-13
9.283538e+01  3.979039e-13
9.283538e+01  3.979039e-13
9.283538e+01  3.979039e-13
9.283538e+01  3.979039e-13
9.283538e+01  3.979039e-13
9.283538e+01  3.979039e-13
9.283538e+01  3.979039e-13
9.283538e+01  3.979039e-13
9.283538e+01  3.979039e-13
9.283538e+01  3.979039e-13
9.283538e+01  3.979039e-13
9.283538e+01  3.979039e-13
9.283538e+01  3.979039e-13
9.283538e+01  3.979039e-13
9.283538e+01  3.979039e-13
9.283538e+01  3.979039e-13
9.283538e+01  3.979039e-13
9.283538e+01  3.979039e-13
9.283538e+01  3.979039e-13
9.283538e+01  3.979039e-13
9.283538e+01  3.979039e-13
9.283538e+01  3.979039e-13
9.283538e+01  3.979039e-13
9.283538e+01  3.979039e-13
9.283538e+01  3.979039e-13
9.283538e+01  3.979039e-13
9.283538e+01  3.979039e-13
9.283538e+01  3.979039e-13
9.283538e+01  3.979039e-13
9.283538e+01  3.979039e-13
9.283538e+01  3.979039e-13
9.283538e+01  3.979039e-13
9.283538e+01  3.979039e-13
9.283538e+01  3.979039e-13
9.283538e+01  3.979039e-13
9.283538e+01  3.979039e-13
9.283538e+01  3.979039e-13
9.283538e+01  3.979039e-13
9.283538e+01  3.979039e-13
9.283538e+01  3.979039e-13
9.283538e+01  3.979039e-13
9.283538e+01  3.979039e-13
9.283538e+01  3.979039e-13
9.283538e+01  3.979039e-13
9.283538e+01  3.979039e-13
9.283538e+01  3.979039e-13
9.283538e+01  3.979039e-13
9.283538e+01  3.979039e-13
9.283538e+01  3.979039e-13
9.283538e+01  3.979039e-13
9.283538e+01  3.979039e-13
9.283538e+01  3.979039e-13
9.283538e+01  3.979039e-13
9.283538e+01  3.979039e-13
9.283538e+01  3.979039e-13
9.283538e+01  3.979039e-13
9.283538e+01  3.979039e-13
9.283538e+01  3.979039e-13
9.283538e+01  3.979039e-13
9.283538e+01  3.979039e-13
9.283538e+01  3.979039e-13
9.283538e+01  3.979039e-13
9.283538e+01  3.979039e-13
9.283538e+01  3.979039e-13
9.283538e+01  3.979039e-13
9.283538e+01  3.979039e-13
9.283538e+01  3.979039e-13
9.283538e+01  3.979039e-13
9.283538e+01  3.979039e-13
9.283538e+01  3.979039e-13
9.283538e+01  3.979039e-13
9.283538e+01  3.979039e-13
9.283538e+01  3.979039e-13
9.283538e+01  3.979039e-13
9.283538e+01  3.979039e-13
9.283538e+01  3.979039e-13
9.283538e+01  3.979039e-13
9.283538e+01  3.979039e-13
9.283538e+01  3.979039e-13
9.283538e+01  3.979039e-13
9.283538e+01  3.979039e-13
9.283538e+01  3.979039e-13
9.283538e+01  3.979039e-13
9.283538e+01  3.979039e-13
9.283538e+01  3.979039e-13
9.283538e+01  3.979039e-13
9.283538e+01  3.979039e-13
9.283538e+01  3.979039e-13
9.283538e+01  3.979039e-13
9.283538e+01  3.979039e-13
9.283538e+01  3.979039e-13
9.283538e+01  3.979039e-13
9.283538e+01  3.979039e-13
9.283538e+01  3.979039e-13
9.283538e+01  3.979039e-13
9.283538e+01  3.979039e-13
9.283538e+01  3.979039e-13
9.283538e+01  3.979039e-13
9.283538e+01  3.979039e-13
9.283538e+01  3.979039e-13
9.283538e+01  3.979039e-13
9.283538e+01  3.979039e-13
9.283538e+01  3.979039e-13
9.283538e+01  3.979039e-13
9.283538e+01  3.979039e-13
9.283538e+01  3.979039e-13
9.283538e+01  3.979039e-13
9.283538e+01  3.979039e-13
9.283538e+01  3.979039e-13
9.283538e+01  3.979039e-13
9.283538e+01  3.979039e-13
9.283538e+01  3.979039e-13
9.283538e+01  3.979039e-13
9.283538e+01  3.979039e-13
9.283538e+01  3.979039e-13
9.283538e+01  3.979039e-13
9.283538e+01  3.979039e-13
9.283538e+01  3.979039e-13
9.283538e+01  3.979039e-13
9.283538e+01  3.979039e-13
9.283538e+01  3.979039e-13
9.283538e+01  3.979039e-13
9.283538e+01  3.979039e-13
9.283538e+01  3.979039e-13
9.283538e+01  3.979039e-13
9.283538e+01  3.979039e-13
9.283538e+01  3.979039e-13
9.283538e+01  3.979039e-13
9.283538e+01  3.979039e-13
9.283538e+01  3.979039e-13
9.283538e+01  3.979039e-13
9.283538e+01  3.979039e-13
9.283538e+01  3.979039e-13
9.283538e+01  3.979039e-13
9.283538e+01  3.979039e-13
9.283538e+01  3.979039e-13
9.283538e+01  3.979039e-13
9.283538e+01  3.979039e-13
9.283538e+01  3.979039e-13
9.283538e+01  3.979039e-13
9.283538e+01  3.979039e-13
9.283538e+01  3.979039e-13
9.283538e+01  3.979039e-13
9.283538e+01  3.979039e-13
9.283538e+01  3.979039e-13
9.283538e+01  3.979039e-13
9.283538e+01  3.979039e-13
9.283538e+01  3.979039e-13
9.283538e+01  3.979039e-13
9.283538e+01  3.979039e-13
9.283538e+01  3.979039e-13
9.283538e+01  3.979039e-13
9.283538e+01  3.979039e-13
9.283538e+01  3.979039e-13
9.283538e+01  3.979039e-13
9.283538e+01  3.979039e-13
9.283538e+01  3.979039e-13
9.283538e+01  3.979039e-13
9.283538e+01  3.979039e-13
9.283538e+01  3.979039e-13
9.283538e+01  3.979039e-13
9.283538e+01  3.979039e-13
9.283538e+01  3.979039e-13
9.283538e+01  3.979039e-13
9.283538e+01  3.979039e-13
9.283538e+01  3.979039e-13
9.283538e+01  3.979039e-13
9.283538e+01  3.979039e-13
9.283538e+01  3.979039e-13
9.283538e+01  3.979039e-13
9.283538e+01  3.979039e-13
9.283538e+01  3.979039e-13
9.283538e+01  3.979039e-13
9.283538e+01  3.979039e-13
9.283538e+01  3.979039e-13
9.283538e+01  3.979039e-13
9.283538e+01  3.979039e-13
9.283538e+01  3.979039e-13
9.283538e+01  3.979039e-13
9.283538e+01  3.979039e-13
9.283538e+01  3.979039e-13
9.283538e+01  3.979039e-13
9.283538e+01  3.979039e-13
9.283538e+01  3.979039e-13
9.283538e+01  3.979039e-13
9.283538e+01  3.979039e-13
9.283538e+01  3.979039e-13
9.283538e+01  3.979039e-13
9.283538e+01  3.979039e-13
9.283538e+01  3.979039e-13
9.283538e+01  3.979039e-13
9.283538e+01  3.979039e-13
9.283538e+01  3.979039e-13
9.283538e+01  3.979039e-13
9.283538e+01  3.979039e-13
9.283538e+01  3.979039e-13
9.283538e+01  3.979039e-13
9.283538e+01  3.979039e-13
9.283538e+01  3.979039e-13
9.283538e+01  3.979039e-13
9.283538e+01  3.979039e-13
9.283538e+01  3.979039e-13
9.283538e+01  3.979039e-13
9.283538e+01  3.979039e-13
9.283538e+01  3.979039e-13
9.283538e+01  3.979039e-13
9.283538e+01  3.979039e-13
9.283538e+01  3.979039e-13
9.283538e+01  3.979039e-13
9.283538e+01  3.979039e-13
9.283538e+01  3.979039e-13
9.283538e+01  3.979039e-13
9.283538e+01  3.979039e-13
9.283538e+01  3.979039e-13
9.283538e+01  3.979039e-13
9.283538e+01  3.979039e-13
9.283538e+01  3.979039e-13
9.283538e+01  3.979039e-13
9.283538e+01  3.979039e-13
9.283538e+01  3.979039e-13
9.283538e+01  3.979039e-13
9.283538e+01  3.979039e-13
9.283538e+01  3.979039e-13
9.283538e+01  3.979039e-13
9.283538e+01  3.979039e-13
9.283538e+01  3.979039e-13
9.283538e+01  3.979039e-13
9.283538e+01  3.979039e-13
9.283538e+01  3.979039e-13
9.283538e+01  3.979039e-13
9.283538e+01  3.979039e-13
9.283538e+01  3.979039e-13
9.283538e+01  3.979039e-13
9.283538e+01  3.979039e-13
9.283538e+01  3.979039e-13
9.283538e+01  3.979039e-13
9.283538e+01  3.979039e-13
9.283538e+01  3.979039e-13
9.283538e+01  3.979039e-13
9.283538e+01  3.979039e-13
9.283538e+01  3.979039e-13
9.283538e+01  3.979039e-13
9.283538e+01  3.979039e-13
9.283538e+01  3.979039e-13
9.283538e+01  3.979039e-13
9.283538e+01  3.979039e-13
9.283538e+01  3.979039e-13
9.283538e+01  3.979039e-13
9.283538e+01  3.979039e-13
9.283538e+01  3.979039e-13
9.283538e+01  3.979039e-13
9.283538e+01  3.979039e-13
9.283538e+01  3.979039e-13
9.283538e+01  3.979039e-13
9.283538e+01  3.979039e-13
9.283538e+01  3.979039e-13
9.283538e+01  3.979039e-13
9.283538e+01  3.979039e-13
9.283538e+01  3.979039e-13
9.283538e+01  3.979039e-13
9.283538e+01  3.979039e-13
9.283538e+01  3.979039e-13
9.283538e+01  3.979039e-13
9.283538e+01  3.979039e-13
9.283538e+01  3.979039e-13
9.283538e+01  3.979039e-13
9.283538e+01  3.979039e-13
9.283538e+01  3.979039e-13
9.283538e+01  3.979039e-13
9.283538e+01  3.979039e-13
9.283538e+01  3.979039e-13
9.283538e+01  3.979039e-13
9.283538e+01  3.979039e-13
9.283538e+01  3.979039e-13
9.283538e+01  3.979039e-13
9.283538e+01  3.979039e-13
9.283538e+01  3.979039e-13
9.283538e+01  3.979039e-13
9.283538e+01  3.979039e-13
9.283538e+01  3.979039e-13
9.283538e+01  3.979039e-13
9.283538e+01  3.979039e-13
9.283538e+01  3.979039e-13
9.283538e+01  3.979039e-13
9.283538e+01  3.979039e-13
9.283538e+01  3.979039e-13
9.283538e+01  3.979039e-13
9.283538e+01  3.979039e-13
9.283538e+01  3.979039e-13
9.283538e+01  3.979039e-13
9.283538e+01  3.979039e-13
9.283538e+01  3.979039e-13
9.283538e+01  3.979039e-13
9.283538e+01  3.979039e-13
9.283538e+01  3.979039e-13
9.283538e+01  3.979039e-13
9.283538e+01  3.979039e-13
9.283538e+01  3.979039e-13
9.283538e+01  3.979039e-13
9.283538e+01  3.979039e-13
9.283538e+01  3.979039e-13
9.283538e+01  3.979039e-13
9.283538e+01  3.979039e-13
9.283538e+01  3.979039e-13
9.283538e+01  3.979039e-13
9.283538e+01  3.979039e-13
9.283538e+01  3.979039e-13
9.283538e+01  3.979039e-13
9.283538e+01  3.979039e-13
9.283538e+01  3.979039e-13
9.283538e+01  3.979039e-13
9.283538e+01  3.979039e-13
9.283538e+01  3.979039e-13
9.283538e+01  3.979039e-13
9.283538e+01  3.979039e-13
9.283538e+01  3.979039e-13
9.283538e+01  3.979039e-13
9.283538e+01  3.979039e-13
9.283538e+01  3.979039e-13
9.283538e+01  3.979039e-13
9.283538e+01  3.979039e-13
9.283538e+01  3.979039e-13
9.283538e+01  3.979039e-13
9.283538e+01  3.979039e-13
9.283538e+01  3.979039e-13
9.283538e+01  3.979039e-13
9.283538e+01  3.979039e-13
9.283538e+01  3.979039e-13
9.283538e+01  3.979039e-13
9.283538e+01  3.979039e-13
9.283538e+01  3.979039e-13
9.283538e+01  3.979039e-13
9.283538e+01  3.979039e-13
9.283538e+01  3.979039e-13
9.283538e+01  3.979039e-13
9.283538e+01  3.979039e-13
9.283538e+01  3.979039e-13
9.283538e+01  3.979039e-13
9.283538e+01  3.979039e-13
9.283538e+01  3.979039e-13
9.283538e+01  3.979039e-13
9.283538e+01  3.979039e-13
9.283538e+01  3.979039e-13
9.283538e+01  3.979039e-13
9.283538e+01  3.979039e-13
9.283538e+01  3.979039e-13
9.283538e+01  3.979039e-13
9.283538e+01  3.979039e-13
9.283538e+01  3.979039e-13
9.283538e+01  3.979039e-13
9.283538e+01  3.979039e-13
9.283538e+01  3.979039e-13
9.283538e+01  3.979039e-13
9.283538e+01  3.979039e-13
9.283538e+01  3.979039e-13
9.283538e+01  3.979039e-13
9.283538e+01  3.979039e-13
9.283538e+01  3.979039e-13
9.283538e+01  3.979039e-13
9.283538e+01  3.979039e-13
9.283538e+01  3.979039e-13
9.283538e+01  3.979039e-13
9.283538e+01  3.979039e-13
9.283538e+01  3.979039e-13
9.283538e+01  3.979039e-13
9.283538e+01  3.979039e-13
9.283538e+01  3.979039e-13
9.283538e+01  3.979039e-13
9.283538e+01  3.979039e-13
9.283538e+01  3.979039e-13
9.283538e+01  3.979039e-13
9.283538e+01  3.979039e-13
9.283538e+01  3.979039e-13
9.283538e+01  3.979039e-13
9.283538e+01  3.979039e-13
9.283538e+01  3.979039e-13
9.283538e+01  3.979039e-13
9.283538e+01  3.979039e-13
9.283538e+01  3.979039e-13
9.283538e+01  3.979039e-13
9.283538e+01  3.979039e-13
9.283538e+01  3.979039e-13
9.283538e+01  3.979039e-13
9.283538e+01  3.979039e-13
9.283538e+01  3.979039e-13
9.283538e+01  3.979039e-13
9.283538e+01  3.979039e-13
9.283538e+01  3.979039e-13
9.283538e+01  3.979039e-13
9.283538e+01  3.979039e-13
9.283538e+01  3.979039e-13
9.283538e+01  3.979039e-13
9.283538e+01  3.979039e-13
9.283538e+01  3.979039e-13
9.283538e+01  3.979039e-13
9.283538e+01  3.979039e-13
9.283538e+01  3.979039e-13
9.283538e+01  3.979039e-13
9.283538e+01  3.979039e-13
9.283538e+01  3.979039e-13
9.283538e+01  3.979039e-13
9.283538e+01  3.979039e-13
9.283538e+01  3.979039e-13
9.283538e+01  3.979039e-13
9.283538e+01  3.979039e-13
9.283538e+01  3.979039e-13
9.283538e+01  3.979039e-13
9.283538e+01  3.979039e-13
9.283538e+01  3.979039e-13
9.283538e+01  3.979039e-13
9.283538e+01  3.979039e-13
9.283538e+01  3.979039e-13
9.283538e+01  3.979039e-13
9.283538e+01  3.979039e-13
9.283538e+01  3.979039e-13
9.283538e+01  3.979039e-13
9.283538e+01  3.979039e-13
9.283538e+01  3.979039e-13
9.283538e+01  3.979039e-13
9.283538e+01  3.979039e-13
9.283538e+01  3.979039e-13
9.283538e+01  3.979039e-13
9.283538e+01  3.979039e-13
9.283538e+01  3.979039e-13
9.283538e+01  3.979039e-13
9.283538e+01  3.979039e-13
9.283538e+01  3.979039e-13
9.283538e+01  3.979039e-13
9.283538e+01  3.979039e-13
9.283538e+01  3.979039e-13
9.283538e+01  3.979039e-13
9.283538e+01  3.979039e-13
9.283538e+01  3.979039e-13
9.283538e+01  3.979039e-13
9.283538e+01  3.979039e-13
9.283538e+01  3.979039e-13
9.283538e+01  3.979039e-13
9.283538e+01  3.979039e-13
9.283538e+01  3.979039e-13
9.283538e+01  3.979039e-13
9.283538e+01  3.979039e-13
9.283538e+01  3.979039e-13
9.283538e+01  3.979039e-13
9.283538e+01  3.979039e-13
9.283538e+01  3.979039e-13
9.283538e+01  3.979039e-13
9.283538e+01  3.979039e-13
9.283538e+01  3.979039e-13
9.283538e+01  3.979039e-13
9.283538e+01  3.979039e-13
9.283538e+01  3.979039e-13
9.283538e+01  3.979039e-13
9.283538e+01  3.979039e-13
9.283538e+01  3.979039e-13
9.283538e+01  3.979039e-13
9.283538e+01  3.979039e-13
9.283538e+01  3.979039e-13
9.283538e+01  3.979039e-13
9.283538e+01  3.979039e-13
9.283538e+01  3.979039e-13
9.283538e+01  3.979039e-13
9.283538e+01  3.979039e-13
9.283538e+01  3.979039e-13
9.283538e+01  3.979039e-13
9.283538e+01  3.979039e-13
9.283538e+01  3.979039e-13
9.283538e+01  3.979039e-13
9.283538e+01  3.979039e-13
9.283538e+01  3.979039e-13
9.283538e+01  3.979039e-13
9.283538e+01  3.979039e-13
9.283538e+01  3.979039e-13
9.283538e+01  3.979039e-13
9.283538e+01  3.979039e-13
9.283538e+01  3.979039e-13
9.283538e+01  3.979039e-13
9.283538e+01  3.979039e-13
9.283538e+01  3.979039e-13
9.283538e+01  3.979039e-13
9.283538e+01  3.979039e-13
9.283538e+01  3.979039e-13
9.283538e+01  3.979039e-13
9.283538e+01  3.979039e-13
9.283538e+01  3.979039e-13
9.283538e+01  3.979039e-13
9.283538e+01  3.979039e-13
9.283538e+01  3.979039e-13
9.283538e+01  3.979039e-13
9.283538e+01  3.979039e-13
9.283538e+01  3.979039e-13
9.283538e+01  3.979039e-13
9.283538e+01  3.979039e-13
9.283538e+01  3.979039e-13
9.283538e+01  3.979039e-13
9.283538e+01  3.979039e-13
9.283538e+01  3.979039e-13
9.283538e+01  3.979039e-13
9.283538e+01  3.979039e-13
9.283538e+01  3.979039e-13
9.283538e+01  3.979039e-13
9.283538e+01  3.979039e-13
9.283538e+01  3.979039e-13
9.283538e+01  3.979039e-13
9.283538e+01  3.979039e-13
9.283538e+01  3.979039e-13
9.283538e+01  3.979039e-13
9.283538e+01  3.979039e-13
9.283538e+01  3.979039e-13
9.283538e+01  3.979039e-13
9.283538e+01  3.979039e-13
9.283538e+01  3.979039e-13
9.283538e+01  3.979039e-13
9.283538e+01  3.979039e-13
9.283538e+01  3.979039e-13
9.283538e+01  3.979039e-13
9.283538e+01  3.979039e-13
9.283538e+01  3.979039e-13
9.283538e+01  3.979039e-13
9.283538e+01  3.979039e-13
9.283538e+01  3.979039e-13
9.283538e+01  3.979039e-13
9.283538e+01  3.979039e-13
9.283538e+01  3.979039e-13
9.283538e+01  3.979039e-13
9.283538e+01  3.979039e-13
9.283538e+01  3.979039e-13
9.283538e+01  3.979039e-13
9.283538e+01  3.979039e-13
9.283538e+01  3.979039e-13
9.283538e+01  3.979039e-13
9.283538e+01  3.979039e-13
9.283538e+01  3.979039e-13
9.283538e+01  3.979039e-13
9.283538e+01  3.979039e-13
9.283538e+01  3.979039e-13
9.283538e+01  3.979039e-13
9.283538e+01  3.979039e-13
9.283538e+01  3.979039e-13
9.283538e+01  3.979039e-13
9.283538e+01  3.979039e-13
9.283538e+01  3.979039e-13
9.283538e+01  3.979039e-13
9.283538e+01  3.979039e-13
9.283538e+01  3.979039e-13
9.283538e+01  3.979039e-13
9.283538e+01  3.979039e-13
9.283538e+01  3.979039e-13
9.283538e+01  3.979039e-13
9.283538e+01  3.979039e-13
9.283538e+01  3.979039e-13
9.283538e+01  3.979039e-13
9.283538e+01  3.979039e-13
9.283538e+01  3.979039e-13
9.283538e+01  3.979039e-13
9.283538e+01  3.979039e-13
9.283538e+01  3.979039e-13
9.283538e+01  3.979039e-13
9.283538e+01  3.979039e-13
9.283538e+01  3.979039e-13
9.283538e+01  3.979039e-13
9.283538e+01  3.979039e-13
9.283538e+01  3.979039e-13
9.283538e+01  3.979039e-13
9.283538e+01  3.979039e-13
9.283538e+01  3.979039e-13
9.283538e+01  3.979039e-13
9.283538e+01  3.979039e-13
9.283538e+01  3.979039e-13
9.283538e+01  3.979039e-13
9.283538e+01  3.979039e-13
9.283538e+01  3.979039e-13
9.283538e+01  3.979039e-13
9.283538e+01  3.979039e-13
9.283538e+01  3.979039e-13
9.283538e+01  3.979039e-13
9.283538e+01  3.979039e-13
9.283538e+01  3.979039e-13
9.283538e+01  3.979039e-13
9.283538e+01  3.979039e-13
9.283538e+01  3.979039e-13
9.283538e+01  3.979039e-13
9.283538e+01  3.979039e-13
9.283538e+01  3.979039e-13
9.283538e+01  3.979039e-13
9.283538e+01  3.979039e-13
9.283538e+01  3.979039e-13
9.283538e+01  3.979039e-13
9.283538e+01  3.979039e-13
9.283538e+01  3.979039e-13
9.283538e+01  3.979039e-13
9.283538e+01  3.979039e-13
9.283538e+01  3.979039e-13
9.283538e+01  3.979039e-13
9.283538e+01  3.979039e-13
9.283538e+01  3.979039e-13
9.283538e+01  3.979039e-13
9.283538e+01  3.979039e-13
9.283538e+01  3.979039e-13
9.283538e+01  3.979039e-13
9.283538e+01  3.979039e-13
9.283538e+01  3.979039e-13
9.283538e+01  3.979039e-13
9.283538e+01  3.979039e-13
9.283538e+01  3.979039e-13
9.283538e+01  3.979039e-13
9.283538e+01  3.979039e-13
9.283538e+01  3.979039e-13
9.283538e+01  3.979039e-13
9.283538e+01  3.979039e-13
9.283538e+01  3.979039e-13
9.283538e+01  3.979039e-13
9.283538e+01  3.979039e-13
9.283538e+01  3.979039e-13
9.283538e+01  3.979039e-13
9.283538e+01  3.979039e-13
9.283538e+01  3.979039e-13
9.283538e+01  3.979039e-13
9.283538e+01  3.979039e-13
9.283538e+01  3.979039e-13
9.283538e+01  3.979039e-13
9.283538e+01  3.979039e-13
9.283538e+01  3.979039e-13
9.283538e+01  3.979039e-13
9.283538e+01  3.979039e-13
9.283538e+01  3.979039e-13
9.283538e+01  3.979039e-13
9.283538e+01  3.979039e-13
9.283538e+01  3.979039e-13
9.283538e+01  3.979039e-13
9.283538e+01  3.979039e-13
9.283538e+01  3.979039e-13
9.283538e+01  3.979039e-13
9.283538e+01  3.979039e-13
9.283538e+01  3.979039e-13
9.283538e+01  3.979039e-13
9.283538e+01  3.979039e-13
9.283538e+01  3.979039e-13
9.283538e+01  3.979039e-13
9.283538e+01  3.979039e-13
9.283538e+01  3.979039e-13
9.283538e+01  3.979039e-13
9.283538e+01  3.979039e-13
9.283538e+01  3.979039e-13
9.283538e+01  3.979039e-13
9.283538e+01  3.979039e-13
9.283538e+01  3.979039e-13
9.283538e+01  3.979039e-13
9.283538e+01  3.979039e-13
9.283538e+01  3.979039e-13
9.283538e+01  3.979039e-13
9.283538e+01  3.979039e-13
9.283538e+01  3.979039e-13
9.283538e+01  3.979039e-13
9.283538e+01  3.979039e-13
9.283538e+01  3.979039e-13
9.283538e+01  3.979039e-13
9.283538e+01  3.979039e-13
9.283538e+01  3.979039e-13
9.283538e+01  3.979039e-13
9.283538e+01  3.979039e-13
9.283538e+01  3.979039e-13
9.283538e+01  3.979039e-13
9.283538e+01  3.979039e-13
9.283538e+01  3.979039e-13
9.283538e+01  3.979039e-13
9.283538e+01  3.979039e-13
