5.363676e+02
4.899098e+02
4.656574e+02
4.388071e+02
4.103512e+02
3.989630e+02
3.855097e+02
3.708276e+02
3.581362e+02
3.504538e+02
3.394680e+02
3.330416e+02
3.233469e+02
3.090092e+02
3.036250e+02
2.969607e+02
2.875950e+02
2.776765e+02
2.714139e+02
2.665026e+02
2.576322e+02
2.547343e+02
2.518463e+02
2.472332e+02
2.410999e+02
2.367914e+02
2.313207e+02
2.265218e+02
2.251727e+02
2.229781e+02
2.200180e+02
2.184089e+02
2.155647e+02
2.105240e+02
2.082672e+02
2.071488e+02
2.053860e+02
2.031018e+02
2.014750e+02
1.972750e+02
1.938965e+02
1.922376e+02
1.893567e+02
1.888134e+02
1.875378e+02
1.864720e+02
1.847878e+02
1.824964e+02
1.810541e+02
1.788816e+02
1.783213e+02
1.766490e+02
1.756719e+02
1.752846e+02
1.749921e+02
1.748340e+02
1.741388e+02
1.732797e+02
1.697818e+02
1.688638e+02
1.675884e+02
1.659797e+02
1.650518e+02
1.641096e+02
1.631373e+02
1.628955e+02
1.628230e+02
1.625483e+02
1.613061e+02
1.601698e+02
1.594377e+02
1.583361e+02
1.576040e+02
1.563682e+02
1.550704e+02
1.546048e+02
1.541929e+02
1.540612e+02
1.534722e+02
1.527736e+02
1.520020e+02
1.513273e+02
1.512677e+02
1.510973e+02
1.506838e+02
1.499341e+02
1.497537e+02
1.493941e+02
1.482244e+02
1.476601e+02
1.475781e+02
1.473977e+02
1.464183e+02
1.455255e+02
1.454835e+02
1.450440e+02
1.437101e+02
1.437101e+02
1.437101e+02
1.433701e+02
1.412769e+02
1.412769e+02
1.408440e+02
1.404384e+02
1.400832e+02
1.347237e+02
1.310041e+02
1.300670e+02
1.298031e+02
1.295504e+02
1.295033e+02
1.293556e+02
1.293084e+02
1.291618e+02
1.283426e+02
1.283426e+02
1.283426e+02
1.283426e+02
1.282947e+02
1.259330e+02
1.244134e+02
1.244134e+02
1.241244e+02
1.235867e+02
1.220403e+02
1.220403e+02
1.217818e+02
1.217818e+02
1.211960e+02
1.203645e+02
1.197869e+02
1.197869e+02
1.197869e+02
1.195830e+02
1.195830e+02
1.195830e+02
1.195648e+02
1.194342e+02
1.185755e+02
1.185573e+02
1.175802e+02
1.167780e+02
1.167780e+02
1.167704e+02
1.166889e+02
1.166889e+02
1.163703e+02
1.162888e+02
1.162888e+02
1.162888e+02
1.161352e+02
1.160674e+02
1.160582e+02
1.159598e+02
1.157546e+02
1.155114e+02
1.155114e+02
1.155114e+02
1.155114e+02
1.155114e+02
1.155114e+02
1.152181e+02
1.141193e+02
1.128930e+02
1.125619e+02
1.125619e+02
1.125619e+02
1.125619e+02
1.125619e+02
1.125619e+02
1.118857e+02
1.118857e+02
1.114568e+02
1.114568e+02
1.114568e+02
1.112975e+02
1.112975e+02
1.112077e+02
1.112077e+02
1.112077e+02
1.106991e+02
1.106991e+02
1.106991e+02
1.103826e+02
1.101133e+02
1.101133e+02
1.095461e+02
1.095461e+02
1.095461e+02
1.095461e+02
1.095461e+02
1.095461e+02
1.095461e+02
1.089174e+02
1.082927e+02
1.082123e+02
1.082123e+02
1.082123e+02
1.079382e+02
1.079382e+02
1.079382e+02
1.079382e+02
1.076217e+02
1.076217e+02
1.076217e+02
1.076217e+02
1.076217e+02
1.076217e+02
1.076217e+02
1.074074e+02
1.074074e+02
1.074074e+02
1.074074e+02
1.074074e+02
1.074074e+02
1.074074e+02
1.074074e+02
1.074074e+02
1.074074e+02
1.074074e+02
1.074074e+02
1.074074e+02
1.074074e+02
1.074074e+02
1.074074e+02
1.074074e+02
1.074074e+02
1.074074e+02
1.074074e+02
1.074074e+02
1.074074e+02
1.072566e+02
1.070372e+02
1.068865e+02
1.068865e+02
1.068865e+02
1.068865e+02
1.068865e+02
1.068865e+02
1.068865e+02
1.068865e+02
1.068865e+02
1.066360e+02
1.066360e+02
1.066360e+02
1.066360e+02
1.066360e+02
1.066360e+02
1.066360e+02
1.065926e+02
1.065926e+02
1.065926e+02
1.065926e+02
1.065926e+02
1.065926e+02
1.063115e+02
1.063115e+02
1.058156e+02
1.058156e+02
1.058156e+02
1.058156e+02
1.058156e+02
1.058156e+02
1.058156e+02
1.058156e+02
1.058156e+02
1.058156e+02
1.058156e+02
1.053058e+02
1.053058e+02
1.053058e+02
1.053058e+02
1.053058e+02
1.053058e+02
1.053058e+02
1.053058e+02
1.053058e+02
1.053058e+02
1.053058e+02
1.053058e+02
1.053058e+02
1.053058e+02
1.053058e+02
1.053058e+02
1.053058e+02
1.053058e+02
1.053058e+02
1.053058e+02
1.053058e+02
1.053058e+02
1.053058e+02
1.053058e+02
1.053058e+02
1.053058e+02
1.053058e+02
1.053058e+02
1.053058e+02
1.053058e+02
1.053058e+02
1.053058e+02
1.053058e+02
1.053058e+02
1.053058e+02
1.053058e+02
1.053058e+02
1.053058e+02
1.053058e+02
1.046982e+02
1.046982e+02
1.046982e+02
1.046982e+02
1.046982e+02
1.046242e+02
1.046242e+02
1.046242e+02
1.046242e+02
1.046242e+02
1.037538e+02
1.037538e+02
1.037538e+02
1.037538e+02
1.037538e+02
1.037538e+02
1.037538e+02
1.037538e+02
1.037538e+02
1.037538e+02
1.037538e+02
1.037538e+02
1.037538e+02
1.037538e+02
1.037538e+02
1.037538e+02
1.037538e+02
1.037538e+02
1.037538e+02
1.037538e+02
1.037538e+02
1.037538e+02
1.037538e+02
1.037538e+02
1.037538e+02
1.037538e+02
1.036460e+02
1.036460e+02
1.036460e+02
1.036460e+02
1.036460e+02
1.036460e+02
1.036460e+02
1.036460e+02
1.035405e+02
1.035405e+02
1.034549e+02
1.033317e+02
1.032462e+02
1.032462e+02
1.032462e+02
1.030583e+02
1.030583e+02
1.030298e+02
1.030298e+02
1.030298e+02
1.030298e+02
1.030298e+02
1.030298e+02
1.030298e+02
1.030298e+02
1.030298e+02
1.030298e+02
1.030298e+02
1.030298e+02
1.030298e+02
1.030298e+02
1.030298e+02
1.030298e+02
1.030298e+02
1.030298e+02
1.028867e+02
1.028867e+02
1.028867e+02
1.028867e+02
1.028867e+02
1.028867e+02
1.028867e+02
1.028867e+02
1.028867e+02
1.028867e+02
1.028867e+02
1.028867e+02
1.028867e+02
1.028867e+02
1.028867e+02
1.028867e+02
1.028867e+02
1.028867e+02
1.028867e+02
1.028867e+02
1.028867e+02
1.028867e+02
1.028867e+02
1.026397e+02
1.026397e+02
1.026397e+02
1.026397e+02
1.026183e+02
1.026183e+02
1.026183e+02
1.026183e+02
1.026183e+02
1.026183e+02
1.026183e+02
1.026183e+02
1.026183e+02
1.026183e+02
1.026183e+02
1.026183e+02
1.026183e+02
1.026183e+02
1.026183e+02
1.026183e+02
1.026183e+02
1.026183e+02
1.026183e+02
1.026183e+02
1.026183e+02
1.026135e+02
1.026135e+02
1.026135e+02
1.026135e+02
1.026135e+02
1.026135e+02
1.026135e+02
1.026135e+02
1.026135e+02
1.026135e+02
1.026135e+02
1.026135e+02
1.026135e+02
1.026135e+02
1.026135e+02
1.025386e+02
1.025386e+02
1.025386e+02
1.025386e+02
1.025386e+02
1.023489e+02
1.023489e+02
1.023489e+02
1.023489e+02
1.023489e+02
1.023489e+02
1.023489e+02
1.023489e+02
1.023489e+02
1.023489e+02
1.023489e+02
1.023489e+02
1.023489e+02
1.023489e+02
1.023489e+02
1.023489e+02
1.023489e+02
1.023489e+02
1.023489e+02
1.023489e+02
1.023489e+02
1.023489e+02
1.023489e+02
1.023489e+02
1.023489e+02
1.023489e+02
1.023489e+02
1.023489e+02
1.023489e+02
1.023489e+02
1.023489e+02
1.023489e+02
1.023489e+02
1.023489e+02
1.023489e+02
1.023489e+02
1.023489e+02
1.023489e+02
1.023489e+02
1.023489e+02
1.023489e+02
1.023489e+02
1.023489e+02
1.023489e+02
1.023489e+02
1.023489e+02
1.023489e+02
1.023489e+02
1.023489e+02
1.023489e+02
1.023489e+02
1.023489e+02
1.023489e+02
1.023489e+02
1.023489e+02
1.023489e+02
1.023489e+02
1.023489e+02
1.023489e+02
1.023489e+02
1.023489e+02
1.023489e+02
1.023489e+02
1.023489e+02
1.023489e+02
1.023489e+02
1.023489e+02
1.023489e+02
1.023489e+02
1.023489e+02
1.023489e+02
1.023489e+02
1.023489e+02
1.023489e+02
1.023489e+02
1.023489e+02
1.023489e+02
1.023489e+02
1.023489e+02
1.023489e+02
1.023489e+02
1.023489e+02
1.023489e+02
1.023489e+02
1.023489e+02
1.023489e+02
1.023489e+02
1.023489e+02
1.023489e+02
1.023489e+02
1.023489e+02
1.023489e+02
1.023489e+02
1.023489e+02
1.023489e+02
1.023489e+02
1.023489e+02
1.023489e+02
1.023489e+02
1.023489e+02
1.023489e+02
1.023489e+02
1.023489e+02
1.023489e+02
1.023489e+02
1.023489e+02
1.023489e+02
1.023489e+02
1.023489e+02
1.023489e+02
1.023489e+02
1.023489e+02
1.023489e+02
1.023489e+02
1.023489e+02
1.023489e+02
1.023489e+02
1.023489e+02
1.023489e+02
1.023489e+02
1.023489e+02
1.023489e+02
1.023489e+02
1.023489e+02
1.023489e+02
1.023489e+02
1.023489e+02
1.023489e+02
1.023489e+02
1.023489e+02
1.023489e+02
1.023489e+02
1.023489e+02
1.023489e+02
1.023489e+02
1.023489e+02
1.023489e+02
1.023489e+02
1.023489e+02
1.023489e+02
1.023489e+02
1.023489e+02
1.023489e+02
1.023489e+02
1.023489e+02
1.023489e+02
1.023489e+02
1.023489e+02
1.023489e+02
1.023489e+02
1.023489e+02
1.023489e+02
1.023489e+02
1.023489e+02
1.023489e+02
1.023489e+02
1.023489e+02
1.023489e+02
1.023489e+02
1.023489e+02
1.023489e+02
1.023489e+02
1.023489e+02
1.023489e+02
1.023489e+02
1.023489e+02
1.023489e+02
1.023489e+02
1.023489e+02
1.023489e+02
1.023489e+02
1.023489e+02
1.023489e+02
1.023489e+02
1.023489e+02
1.023489e+02
1.023489e+02
1.023489e+02
1.023489e+02
1.023489e+02
1.023489e+02
1.023489e+02
1.023489e+02
1.023489e+02
1.023489e+02
1.023489e+02
1.023489e+02
1.023489e+02
1.023489e+02
1.023489e+02
1.023489e+02
1.023489e+02
1.023489e+02
1.023489e+02
1.023489e+02
1.023489e+02
1.023489e+02
1.023489e+02
1.023489e+02
1.023489e+02
1.023489e+02
1.023489e+02
1.023489e+02
1.023489e+02
1.023489e+02
1.023489e+02
1.023489e+02
1.023489e+02
1.023489e+02
1.023489e+02
1.023489e+02
1.023489e+02
1.023489e+02
1.023489e+02
1.023489e+02
1.023489e+02
1.023489e+02
1.023489e+02
1.023489e+02
1.023489e+02
1.023489e+02
1.015321e+02
1.015321e+02
1.015321e+02
1.015321e+02
1.015321e+02
1.015321e+02
1.015321e+02
1.015321e+02
1.015321e+02
1.015321e+02
1.015321e+02
1.015321e+02
1.013923e+02
1.003457e+02
1.003457e+02
1.003457e+02
1.003457e+02
1.003457e+02
1.003457e+02
1.003457e+02
1.003457e+02
1.003457e+02
1.003457e+02
1.003457e+02
1.003457e+02
1.003457e+02
1.003457e+02
1.003457e+02
1.003457e+02
1.003457e+02
1.003457e+02
1.003457e+02
1.003457e+02
1.003457e+02
1.003457e+02
1.003457e+02
1.003457e+02
1.003457e+02
1.003457e+02
1.003457e+02
1.003457e+02
1.003457e+02
1.003457e+02
1.003457e+02
1.003457e+02
1.003457e+02
1.003457e+02
1.003457e+02
1.003457e+02
1.003457e+02
1.003457e+02
1.003457e+02
1.003457e+02
1.003457e+02
1.003457e+02
1.003457e+02
1.003457e+02
1.003457e+02
1.003457e+02
1.003457e+02
1.003457e+02
1.003457e+02
1.003457e+02
1.003457e+02
1.003457e+02
1.003457e+02
1.003457e+02
1.003457e+02
1.003457e+02
1.003457e+02
1.003457e+02
1.003457e+02
1.003457e+02
1.003457e+02
1.003457e+02
1.003457e+02
1.003457e+02
1.003457e+02
1.003457e+02
1.003457e+02
1.003457e+02
1.003457e+02
1.003457e+02
1.003457e+02
1.003457e+02
1.003457e+02
1.003457e+02
1.003457e+02
1.003457e+02
1.003457e+02
1.003457e+02
1.003457e+02
1.003457e+02
1.003457e+02
1.003457e+02
1.003457e+02
1.003457e+02
1.003457e+02
1.003457e+02
1.003457e+02
1.003457e+02
1.003457e+02
1.003457e+02
1.003457e+02
1.003457e+02
1.003457e+02
1.003457e+02
1.003457e+02
1.003457e+02
1.003457e+02
1.003457e+02
1.003457e+02
1.003457e+02
1.003457e+02
1.003457e+02
1.003457e+02
1.003457e+02
1.003457e+02
1.003457e+02
1.003457e+02
1.003457e+02
1.003457e+02
1.003457e+02
1.003457e+02
1.003457e+02
1.003457e+02
1.003457e+02
1.003457e+02
1.003457e+02
1.003457e+02
1.003457e+02
1.003457e+02
1.003457e+02
1.003457e+02
1.003457e+02
1.003457e+02
1.003457e+02
1.003457e+02
1.003457e+02
1.003457e+02
1.003457e+02
1.003457e+02
1.003457e+02
1.003457e+02
1.003457e+02
1.003457e+02
1.003457e+02
1.003457e+02
1.003457e+02
1.003457e+02
1.003457e+02
1.003457e+02
1.003457e+02
1.003457e+02
1.003457e+02
1.003457e+02
1.003457e+02
1.003457e+02
1.003457e+02
1.003457e+02
1.003457e+02
1.003457e+02
1.003457e+02
1.003457e+02
1.003457e+02
1.003457e+02
1.003457e+02
1.003457e+02
1.003457e+02
1.003457e+02
1.003457e+02
1.003457e+02
1.003457e+02
1.003457e+02
1.003457e+02
1.003457e+02
1.003457e+02
1.003457e+02
1.003457e+02
1.003457e+02
1.003457e+02
1.003457e+02
1.003457e+02
1.003457e+02
1.003457e+02
1.003457e+02
1.003457e+02
1.003457e+02
1.003457e+02
1.003457e+02
1.003457e+02
1.003457e+02
1.003457e+02
1.003457e+02
1.003457e+02
1.003457e+02
1.003457e+02
1.003457e+02
1.003457e+02
1.003457e+02
1.003457e+02
1.003457e+02
1.003457e+02
1.003457e+02
1.003457e+02
1.003457e+02
1.003457e+02
1.003457e+02
1.003457e+02
1.003457e+02
1.003457e+02
1.003457e+02
1.003457e+02
1.003457e+02
1.003457e+02
1.003457e+02
1.003457e+02
1.003457e+02
1.003457e+02
1.003457e+02
1.003457e+02
1.003457e+02
1.003457e+02
1.003457e+02
1.003457e+02
1.003457e+02
1.003457e+02
1.003457e+02
1.003457e+02
1.003457e+02
1.003457e+02
1.003457e+02
1.003457e+02
1.003457e+02
1.003457e+02
1.003457e+02
1.003457e+02
1.003457e+02
1.003457e+02
1.003457e+02
1.003457e+02
1.003457e+02
1.003457e+02
1.003457e+02
1.003457e+02
1.003457e+02
1.003457e+02
1.003457e+02
1.003457e+02
1.003457e+02
1.003457e+02
1.003457e+02
1.003457e+02
1.003457e+02
1.003457e+02
1.003457e+02
1.003457e+02
1.003457e+02
1.003457e+02
1.003457e+02
1.003457e+02
1.003457e+02
1.003457e+02
1.003457e+02
1.003457e+02
1.003457e+02
1.003457e+02
1.003457e+02
1.003457e+02
1.003457e+02
1.003457e+02
1.003457e+02
1.003457e+02
1.003457e+02
1.003457e+02
1.003457e+02
1.003457e+02
1.003457e+02
1.003457e+02
1.003457e+02
1.003457e+02
1.003457e+02
1.003457e+02
1.003457e+02
1.003457e+02
1.003457e+02
1.003457e+02
1.003457e+02
1.003457e+02
1.003457e+02
1.003457e+02
1.003457e+02
1.003457e+02
1.003457e+02
1.003457e+02
1.003457e+02
1.003457e+02
1.003457e+02
1.003457e+02
1.003457e+02
1.003457e+02
1.003457e+02
1.003457e+02
1.003457e+02
1.003457e+02
1.003457e+02
1.003457e+02
1.003457e+02
1.003457e+02
1.003457e+02
1.003457e+02
1.003457e+02
1.003457e+02
1.003457e+02
1.003457e+02
1.003457e+02
1.003457e+02
1.003457e+02
1.003457e+02
1.003457e+02
1.003457e+02
1.003457e+02
1.003457e+02
1.003457e+02
1.003457e+02
1.003457e+02
1.003457e+02
1.003457e+02
1.003457e+02
1.003457e+02
1.003457e+02
1.003457e+02
1.003457e+02
1.003457e+02
1.003457e+02
1.003457e+02
1.003457e+02
1.003457e+02
1.003457e+02
1.003457e+02
1.003457e+02
1.003457e+02
1.003457e+02
1.003457e+02
1.003457e+02
1.003457e+02
1.003457e+02
1.003457e+02
1.003457e+02
1.003457e+02
1.003457e+02
1.003457e+02
1.003457e+02
1.003457e+02
1.003457e+02
1.003457e+02
1.003457e+02
1.003457e+02
1.003457e+02
1.003457e+02
1.003457e+02
1.003457e+02
1.003457e+02
1.003457e+02
1.003457e+02
1.003457e+02
1.003457e+02
1.003457e+02
1.003457e+02
1.003457e+02
1.003457e+02
1.003457e+02
1.003457e+02
1.003457e+02
1.003457e+02
1.003457e+02
1.003457e+02
1.003457e+02
1.003457e+02
1.003457e+02
1.003457e+02
1.003457e+02
1.003457e+02
1.003457e+02
1.003457e+02
1.003457e+02
1.003457e+02
1.003457e+02
1.003457e+02
1.003457e+02
1.003457e+02
1.003457e+02
1.003457e+02
1.003457e+02
1.003457e+02
1.003457e+02
1.003457e+02
1.003457e+02
1.003457e+02
1.003457e+02
1.003457e+02
1.003457e+02
1.003457e+02
1.003457e+02
1.003457e+02
1.003457e+02
1.003457e+02
1.003457e+02
1.003457e+02
1.003457e+02
1.003457e+02
1.003457e+02
1.003457e+02
1.003457e+02
1.003457e+02
1.003457e+02
1.003457e+02
1.003457e+02
1.003457e+02
1.003457e+02
1.003457e+02
1.003457e+02
1.003457e+02
1.003457e+02
1.003457e+02
1.003457e+02
1.003457e+02
1.003457e+02
1.003457e+02
1.003457e+02
1.003457e+02
1.003457e+02
1.003457e+02
1.003457e+02
1.003457e+02
1.003457e+02
1.003457e+02
1.003457e+02
1.003457e+02
1.003457e+02
1.003457e+02
1.003457e+02
1.003457e+02
1.003457e+02
1.003457e+02
1.003457e+02
1.003457e+02
1.003457e+02
1.003457e+02
1.003457e+02
1.003457e+02
1.003457e+02
1.003457e+02
1.003457e+02
1.003457e+02
1.003457e+02
1.003457e+02
1.003457e+02
1.003457e+02
1.003457e+02
1.003457e+02
1.003457e+02
1.003457e+02
1.003457e+02
1.003457e+02
1.003457e+02
1.003457e+02
1.003457e+02
1.003457e+02
1.003457e+02
1.003457e+02
1.003457e+02
1.003457e+02
1.003457e+02
1.003457e+02
1.003457e+02
1.003457e+02
1.003457e+02
1.003457e+02
1.003457e+02
1.003457e+02
1.003457e+02
1.002841e+02
1.002841e+02
1.002841e+02
1.002841e+02
1.002841e+02
1.002841e+02
1.002841e+02
1.002841e+02
1.002841e+02
1.002841e+02
1.002841e+02
1.002841e+02
1.002841e+02
1.002841e+02
1.002841e+02
1.002841e+02
1.002841e+02
1.002841e+02
1.002841e+02
1.002841e+02
1.002841e+02
1.002841e+02
1.002841e+02
1.002841e+02
1.002841e+02
1.002841e+02
1.002841e+02
1.002841e+02
1.002841e+02
1.002841e+02
1.002841e+02
1.002841e+02
1.002841e+02
1.002841e+02
1.002841e+02
1.002841e+02
1.002841e+02
1.002841e+02
1.002841e+02
1.002841e+02
1.002841e+02
1.002841e+02
1.002841e+02
1.002841e+02
1.002841e+02
1.002841e+02
1.002841e+02
1.002841e+02
1.002841e+02
1.002841e+02
1.002841e+02
1.002841e+02
1.002841e+02
1.002841e+02
1.002841e+02
1.002841e+02
1.002841e+02
1.002841e+02
1.002841e+02
1.002841e+02
1.002841e+02
1.002841e+02
1.002841e+02
1.002841e+02
1.002841e+02
1.002841e+02
1.002841e+02
1.002841e+02
1.002841e+02
1.002841e+02
1.002841e+02
1.002841e+02
1.002841e+02
1.002841e+02
1.002841e+02
1.002841e+02
1.002841e+02
1.002841e+02
1.002841e+02
1.002841e+02
1.002841e+02
1.002841e+02
1.002841e+02
1.002841e+02
1.002841e+02
1.002841e+02
1.002841e+02
1.002841e+02
1.002841e+02
1.002841e+02
1.002841e+02
1.002841e+02
1.002841e+02
1.002841e+02
1.002841e+02
1.002841e+02
1.002841e+02
1.002841e+02
1.002841e+02
1.002841e+02
1.002841e+02
1.002841e+02
1.002841e+02
1.002841e+02
1.002841e+02
1.002841e+02
1.002841e+02
1.002841e+02
1.002841e+02
1.002841e+02
1.002841e+02
1.002841e+02
1.002841e+02
1.002841e+02
1.002841e+02
1.002841e+02
1.002841e+02
1.002841e+02
1.002841e+02
1.002841e+02
1.002841e+02
1.002841e+02
1.002841e+02
1.002841e+02
1.002841e+02
1.002841e+02
1.002841e+02
1.002841e+02
1.002841e+02
1.002841e+02
1.002841e+02
1.002841e+02
1.002841e+02
1.002841e+02
1.002841e+02
1.002841e+02
1.002841e+02
1.002841e+02
1.002841e+02
1.002841e+02
1.002841e+02
1.002841e+02
1.002841e+02
1.002841e+02
1.002841e+02
1.002841e+02
1.002841e+02
1.002841e+02
9.927550e+01
9.927550e+01
9.927550e+01
9.913400e+01
9.913400e+01
9.913400e+01
9.913400e+01
9.913400e+01
9.913400e+01
9.913400e+01
9.913400e+01
9.913400e+01
9.913400e+01
9.913400e+01
9.913400e+01
9.913400e+01
9.913400e+01
9.913400e+01
9.913400e+01
9.913400e+01
9.913400e+01
9.913400e+01
9.913400e+01
9.913400e+01
9.913400e+01
9.913400e+01
9.913400e+01
9.913400e+01
9.913400e+01
9.913400e+01
9.913400e+01
9.913400e+01
9.913400e+01
9.913400e+01
9.913400e+01
9.893826e+01
9.893826e+01
9.893826e+01
9.893826e+01
9.893826e+01
9.893826e+01
9.893826e+01
9.893826e+01
9.893826e+01
9.893826e+01
9.893826e+01
9.893826e+01
9.893826e+01
9.893826e+01
9.893826e+01
9.893826e+01
9.893826e+01
9.893826e+01
9.893826e+01
9.893826e+01
9.893826e+01
9.893826e+01
9.893826e+01
9.893826e+01
9.893826e+01
9.893826e+01
9.893826e+01
9.893826e+01
9.893826e+01
9.893826e+01
9.893826e+01
9.893826e+01
9.893826e+01
9.893826e+01
9.893826e+01
9.893826e+01
9.831927e+01
9.831927e+01
9.831927e+01
9.831927e+01
9.831927e+01
9.831927e+01
9.831927e+01
9.831927e+01
9.831927e+01
9.831927e+01
9.831927e+01
9.831927e+01
9.831927e+01
9.831927e+01
9.831927e+01
9.831927e+01
9.831927e+01
9.831927e+01
9.831927e+01
9.831927e+01
9.831927e+01
9.831927e+01
9.831927e+01
9.831927e+01
9.831927e+01
9.831927e+01
9.831927e+01
9.831927e+01
9.831927e+01
9.831927e+01
9.831927e+01
9.831927e+01
9.831927e+01
9.831927e+01
9.831927e+01
9.831927e+01
9.831927e+01
9.831927e+01
9.831927e+01
9.831927e+01
9.831927e+01
9.831927e+01
9.831927e+01
9.831927e+01
9.831927e+01
9.831927e+01
9.831927e+01
9.831927e+01
9.831927e+01
9.831927e+01
9.831927e+01
9.831927e+01
9.831927e+01
9.831927e+01
9.831927e+01
9.831927e+01
9.831927e+01
9.831927e+01
9.831927e+01
9.831927e+01
9.831927e+01
9.831927e+01
9.831927e+01
9.831927e+01
9.831927e+01
9.831927e+01
9.831927e+01
9.831927e+01
9.831927e+01
9.831927e+01
9.831927e+01
9.831927e+01
9.831927e+01
9.831927e+01
9.831927e+01
9.831927e+01
9.831927e+01
9.831927e+01
9.831927e+01
9.831927e+01
9.831927e+01
9.831927e+01
9.831927e+01
9.831927e+01
9.831927e+01
9.831927e+01
9.831927e+01
9.831927e+01
9.831927e+01
9.831927e+01
9.831927e+01
9.831927e+01
9.831927e+01
9.831927e+01
9.831927e+01
9.831927e+01
9.831927e+01
9.831927e+01
9.831927e+01
9.831927e+01
9.831927e+01
9.831927e+01
9.831927e+01
9.831927e+01
9.831927e+01
9.831927e+01
9.831927e+01
9.831927e+01
9.831927e+01
9.831927e+01
9.831927e+01
9.831927e+01
9.831927e+01
9.831927e+01
9.831927e+01
9.831927e+01
9.831927e+01
9.831927e+01
9.831927e+01
9.831927e+01
9.831927e+01
9.831927e+01
9.831927e+01
9.831927e+01
9.831927e+01
9.831927e+01
9.831927e+01
9.831927e+01
9.831927e+01
9.831927e+01
9.831927e+01
9.831927e+01
9.831927e+01
9.831927e+01
9.831927e+01
9.831927e+01
9.831927e+01
9.831927e+01
9.831927e+01
9.831927e+01
9.831927e+01
9.831927e+01
9.831927e+01
9.831927e+01
9.831927e+01
9.831927e+01
9.831927e+01
9.831927e+01
9.831927e+01
9.831927e+01
9.831927e+01
9.831927e+01
9.831927e+01
9.831927e+01
9.831927e+01
9.831927e+01
9.831927e+01
9.831927e+01
9.831927e+01
9.831927e+01
9.831927e+01
9.831927e+01
9.831927e+01
9.831927e+01
9.831927e+01
9.831927e+01
9.831927e+01
9.831927e+01
9.831927e+01
9.831927e+01
9.831927e+01
9.831927e+01
9.831927e+01
9.831927e+01
9.831927e+01
9.831927e+01
9.831927e+01
9.831927e+01
9.831927e+01
9.831927e+01
9.831927e+01
9.831927e+01
9.831927e+01
9.831927e+01
9.831927e+01
9.831927e+01
9.831927e+01
9.831927e+01
9.831927e+01
9.831927e+01
9.831927e+01
9.831927e+01
9.831927e+01
9.831927e+01
9.831927e+01
9.831927e+01
9.831927e+01
9.831927e+01
9.831927e+01
9.831927e+01
9.831927e+01
9.831927e+01
9.831927e+01
9.831927e+01
9.831927e+01
9.831927e+01
9.831927e+01
9.831927e+01
9.831927e+01
9.831927e+01
9.831927e+01
9.831927e+01
9.831927e+01
9.831927e+01
9.831927e+01
9.831927e+01
9.831927e+01
9.831927e+01
9.831927e+01
9.831927e+01
9.831927e+01
9.831927e+01
9.831927e+01
9.831927e+01
9.831927e+01
9.831927e+01
9.831927e+01
9.831927e+01
9.831927e+01
9.831927e+01
9.831927e+01
9.831927e+01
9.831927e+01
9.831927e+01
9.831927e+01
9.831927e+01
9.831927e+01
9.831927e+01
9.831927e+01
9.831927e+01
9.831927e+01
9.831927e+01
9.831927e+01
9.831927e+01
9.831927e+01
9.831927e+01
9.831927e+01
9.831927e+01
9.831927e+01
9.831927e+01
9.831927e+01
9.831927e+01
9.831927e+01
9.831927e+01
9.831927e+01
9.831927e+01
9.831927e+01
9.831927e+01
9.831927e+01
9.831927e+01
9.831927e+01
9.831927e+01
9.831927e+01
9.831927e+01
9.831927e+01
9.831927e+01
9.831927e+01
9.831927e+01
9.831927e+01
9.831927e+01
9.831927e+01
9.831927e+01
9.831927e+01
9.831927e+01
9.831927e+01
9.831927e+01
9.831927e+01
9.831927e+01
9.831927e+01
9.831927e+01
9.831927e+01
9.831927e+01
9.831927e+01
9.831927e+01
9.831927e+01
9.831927e+01
9.831927e+01
9.831927e+01
9.831927e+01
9.831927e+01
9.831927e+01
9.831927e+01
9.831927e+01
9.831927e+01
9.831927e+01
9.831927e+01
9.831927e+01
9.831927e+01
9.831927e+01
9.831927e+01
9.831927e+01
9.831927e+01
9.831927e+01
9.831927e+01
9.831927e+01
9.831927e+01
9.831927e+01
9.831927e+01
9.831927e+01
9.831927e+01
9.831927e+01
9.831927e+01
9.831927e+01
9.831927e+01
9.831927e+01
9.831927e+01
9.831927e+01
9.831927e+01
9.831927e+01
9.820564e+01
9.820564e+01
9.820564e+01
9.820564e+01
9.820564e+01
9.820564e+01
9.820564e+01
9.820564e+01
9.820564e+01
9.820564e+01
9.820564e+01
9.820564e+01
9.820564e+01
9.820564e+01
9.820564e+01
9.820564e+01
9.820564e+01
9.820564e+01
9.820564e+01
9.820564e+01
9.820564e+01
9.820564e+01
9.820564e+01
9.820564e+01
9.820564e+01
9.820564e+01
9.820564e+01
9.820564e+01
9.820564e+01
9.820564e+01
9.820564e+01
9.820564e+01
9.820564e+01
9.820564e+01
9.820564e+01
9.820564e+01
9.820564e+01
9.820564e+01
9.820564e+01
9.820564e+01
9.820564e+01
9.820564e+01
9.820564e+01
9.820564e+01
9.820564e+01
9.820564e+01
9.820564e+01
9.820564e+01
9.820564e+01
9.820564e+01
9.820564e+01
9.820564e+01
9.820564e+01
9.820564e+01
9.820564e+01
9.820564e+01
9.820564e+01
9.820564e+01
9.820564e+01
9.820564e+01
9.820564e+01
9.820564e+01
9.820564e+01
9.820564e+01
9.820564e+01
9.820564e+01
9.820564e+01
9.820564e+01
9.820564e+01
9.820564e+01
9.820564e+01
9.820564e+01
9.820564e+01
9.820564e+01
9.820564e+01
9.820564e+01
9.820564e+01
9.820564e+01
9.820564e+01
9.820564e+01
9.820564e+01
9.820564e+01
9.820564e+01
9.820564e+01
9.820564e+01
9.820564e+01
9.820564e+01
9.820564e+01
9.820564e+01
9.820564e+01
9.820564e+01
9.820564e+01
9.820564e+01
9.820564e+01
9.820564e+01
9.820564e+01
9.820564e+01
9.820564e+01
9.820564e+01
9.820564e+01
9.820564e+01
9.820564e+01
9.820564e+01
9.820564e+01
9.820564e+01
9.820564e+01
9.820564e+01
9.820564e+01
9.820564e+01
9.820564e+01
9.820564e+01
9.820564e+01
9.820564e+01
9.820564e+01
9.820564e+01
9.820564e+01
9.820564e+01
9.820564e+01
9.820564e+01
9.820564e+01
9.820564e+01
9.820564e+01
9.820564e+01
9.820564e+01
9.820564e+01
9.820564e+01
9.820564e+01
9.820564e+01
9.820564e+01
9.820564e+01
9.820564e+01
9.820564e+01
9.820564e+01
9.820564e+01
9.820564e+01
9.820564e+01
9.820564e+01
9.820564e+01
9.820564e+01
9.820564e+01
9.820564e+01
9.820564e+01
9.820564e+01
9.820564e+01
9.820564e+01
9.820564e+01
9.820564e+01
9.820564e+01
9.820564e+01
9.820564e+01
9.820564e+01
9.820564e+01
9.820564e+01
9.820564e+01
9.820564e+01
9.820564e+01
9.820564e+01
9.820564e+01
9.820564e+01
9.820564e+01
9.820564e+01
9.820564e+01
9.820564e+01
9.820564e+01
9.820564e+01
9.820564e+01
9.820564e+01
9.820564e+01
9.820564e+01
9.820564e+01
9.820564e+01
9.820564e+01
9.820564e+01
9.820564e+01
9.820564e+01
9.820564e+01
9.820564e+01
9.820564e+01
9.820564e+01
9.820564e+01
9.820564e+01
9.820564e+01
9.820564e+01
9.820564e+01
9.820564e+01
9.820564e+01
9.820564e+01
9.820564e+01
9.820564e+01
9.820564e+01
9.820564e+01
9.820564e+01
9.820564e+01
9.820564e+01
9.820564e+01
9.820564e+01
9.820564e+01
9.820564e+01
9.820564e+01
9.820564e+01
9.820564e+01
9.820564e+01
9.820564e+01
9.681993e+01
9.681993e+01
9.681993e+01
9.681993e+01
9.681993e+01
9.681993e+01
9.681993e+01
9.681993e+01
9.681993e+01
9.681993e+01
9.681993e+01
9.681993e+01
9.681993e+01
9.681993e+01
9.681993e+01
9.681993e+01
9.681993e+01
9.681993e+01
9.681993e+01
9.681993e+01
9.681993e+01
9.681993e+01
9.681993e+01
9.681993e+01
9.681993e+01
9.681993e+01
9.681993e+01
9.681993e+01
9.681993e+01
9.681993e+01
9.681993e+01
9.681993e+01
9.681993e+01
9.681993e+01
9.681993e+01
9.681993e+01
9.681993e+01
9.681993e+01
9.681993e+01
9.681993e+01
9.681993e+01
9.681993e+01
9.681993e+01
9.681993e+01
9.681993e+01
9.681993e+01
9.681993e+01
9.681993e+01
9.642170e+01
9.642170e+01
9.642170e+01
9.642170e+01
9.642170e+01
9.642170e+01
9.642170e+01
9.642170e+01
9.642170e+01
9.642170e+01
9.642170e+01
9.642170e+01
9.642170e+01
9.642170e+01
9.642170e+01
9.642170e+01
9.642170e+01
9.642170e+01
9.642170e+01
9.642170e+01
9.642170e+01
9.642170e+01
9.642170e+01
9.642170e+01
9.642170e+01
9.642170e+01
9.642170e+01
9.642170e+01
9.642170e+01
9.642170e+01
9.642170e+01
9.642170e+01
9.642170e+01
9.642170e+01
9.642170e+01
9.642170e+01
9.642170e+01
9.642170e+01
9.642170e+01
9.642170e+01
9.642170e+01
9.642170e+01
9.642170e+01
9.642170e+01
9.642170e+01
9.642170e+01
9.642170e+01
9.642170e+01
9.642170e+01
9.642170e+01
9.642170e+01
9.642170e+01
9.642170e+01
9.642170e+01
9.642170e+01
9.642170e+01
9.642170e+01
9.642170e+01
9.642170e+01
9.642170e+01
9.642170e+01
9.642170e+01
9.642170e+01
9.642170e+01
9.642170e+01
9.642170e+01
9.642170e+01
9.642170e+01
9.642170e+01
9.642170e+01
9.642170e+01
9.642170e+01
9.642170e+01
9.627417e+01
9.627417e+01
9.613967e+01
9.613967e+01
9.613967e+01
9.613967e+01
9.613967e+01
9.613967e+01
9.613967e+01
9.613967e+01
9.613967e+01
9.613967e+01
9.613967e+01
9.613967e+01
9.613967e+01
9.613967e+01
9.613967e+01
9.613967e+01
9.613967e+01
9.613967e+01
9.613967e+01
9.613967e+01
9.613967e+01
9.613967e+01
9.613967e+01
9.613967e+01
9.613967e+01
9.613967e+01
9.613967e+01
9.613967e+01
9.613967e+01
9.613967e+01
9.613967e+01
9.613967e+01
9.613967e+01
9.613967e+01
9.613967e+01
9.613967e+01
9.613967e+01
9.613967e+01
9.613967e+01
9.613967e+01
9.613967e+01
9.613967e+01
9.613967e+01
9.613967e+01
9.613967e+01
9.613967e+01
9.613967e+01
9.613967e+01
9.613967e+01
9.613967e+01
9.613967e+01
9.613967e+01
9.613967e+01
9.613967e+01
9.613967e+01
9.613967e+01
9.613967e+01
9.613967e+01
9.613967e+01
9.613967e+01
9.613967e+01
9.613967e+01
9.613967e+01
9.613967e+01
9.613967e+01
9.613967e+01
9.613967e+01
9.613967e+01
9.613967e+01
9.613967e+01
9.613967e+01
9.613967e+01
9.613967e+01
9.613967e+01
9.613967e+01
9.613967e+01
9.613967e+01
9.613967e+01
9.613967e+01
9.613967e+01
9.613967e+01
9.613967e+01
9.613967e+01
9.613967e+01
9.613967e+01
9.613967e+01
9.613967e+01
9.613967e+01
9.613967e+01
9.613967e+01
9.613967e+01
9.613967e+01
9.613967e+01
9.613967e+01
9.613967e+01
9.613967e+01
9.613967e+01
9.613967e+01
9.613967e+01
9.613967e+01
9.613967e+01
9.613967e+01
9.613967e+01
9.613967e+01
9.613967e+01
9.613967e+01
9.613967e+01
9.613967e+01
9.613967e+01
9.613967e+01
9.613967e+01
9.613967e+01
9.613967e+01
9.613967e+01
9.613967e+01
9.613967e+01
9.613967e+01
9.613967e+01
9.613967e+01
9.613967e+01
9.613967e+01
9.613967e+01
9.613967e+01
9.613967e+01
9.613967e+01
9.613967e+01
9.613967e+01
9.613967e+01
9.613967e+01
9.613967e+01
9.613967e+01
9.613967e+01
9.613967e+01
9.613967e+01
9.613967e+01
9.613967e+01
9.613967e+01
9.613967e+01
9.613967e+01
9.613967e+01
9.613967e+01
9.613967e+01
9.613967e+01
9.613967e+01
9.613967e+01
9.613967e+01
9.613967e+01
9.613967e+01
9.613967e+01
9.613967e+01
9.613967e+01
9.613967e+01
9.613967e+01
9.613967e+01
9.613967e+01
9.613967e+01
9.613967e+01
9.613967e+01
9.613967e+01
9.613967e+01
9.613967e+01
9.613967e+01
9.613967e+01
9.613967e+01
9.613967e+01
9.613967e+01
9.613967e+01
9.613967e+01
9.613967e+01
9.613967e+01
9.613967e+01
9.613967e+01
9.604269e+01
9.604269e+01
9.604269e+01
9.604269e+01
9.604269e+01
9.604269e+01
9.604269e+01
9.604269e+01
9.604269e+01
9.604269e+01
9.604269e+01
9.604269e+01
9.604269e+01
9.604269e+01
9.604269e+01
9.604269e+01
9.604269e+01
9.604269e+01
9.604269e+01
9.604269e+01
9.604269e+01
9.604269e+01
9.604269e+01
9.604269e+01
9.604269e+01
9.604269e+01
9.604269e+01
9.604269e+01
9.604269e+01
9.604269e+01
9.604269e+01
9.604269e+01
9.604269e+01
9.604269e+01
9.604269e+01
9.604269e+01
9.604269e+01
9.604269e+01
9.604269e+01
9.604269e+01
9.604269e+01
9.604269e+01
9.604269e+01
9.604269e+01
9.604269e+01
9.604269e+01
9.604269e+01
9.604269e+01
9.604269e+01
9.604269e+01
9.604269e+01
9.604269e+01
9.604269e+01
9.604269e+01
9.503318e+01
9.503318e+01
9.503318e+01
9.503318e+01
9.503318e+01
9.503318e+01
9.503318e+01
9.503318e+01
9.503318e+01
9.503318e+01
9.503318e+01
9.503318e+01
9.503318e+01
9.503318e+01
9.503318e+01
9.503318e+01
9.503318e+01
9.503318e+01
9.503318e+01
9.503318e+01
9.503318e+01
9.503318e+01
9.503318e+01
9.503318e+01
9.503318e+01
9.503318e+01
9.503318e+01
9.503318e+01
9.503318e+01
9.503318e+01
9.503318e+01
9.503318e+01
9.503318e+01
9.503318e+01
9.503318e+01
9.503318e+01
9.503318e+01
9.503318e+01
9.503318e+01
9.503318e+01
9.503318e+01
9.460846e+01
9.419606e+01
9.419606e+01
9.413318e+01
9.413318e+01
9.413318e+01
9.413318e+01
9.413318e+01
9.413318e+01
9.413318e+01
9.413318e+01
9.413318e+01
9.413318e+01
9.413318e+01
9.413318e+01
9.413318e+01
9.413318e+01
9.413318e+01
9.413318e+01
9.413318e+01
9.413318e+01
9.413318e+01
9.413318e+01
9.413318e+01
9.413318e+01
9.413318e+01
9.413318e+01
9.413318e+01
9.413318e+01
9.413318e+01
9.413318e+01
9.413318e+01
9.413318e+01
9.413318e+01
9.413318e+01
9.413318e+01
9.413318e+01
9.413318e+01
9.413318e+01
9.413318e+01
9.413318e+01
9.413318e+01
9.413318e+01
9.413318e+01
9.413318e+01
9.413318e+01
9.413318e+01
9.413318e+01
9.413318e+01
9.413318e+01
9.413318e+01
9.413318e+01
9.413318e+01
9.413318e+01
9.413318e+01
9.413318e+01
9.413318e+01
9.413318e+01
9.413318e+01
9.413318e+01
9.413318e+01
9.413318e+01
9.413318e+01
9.413318e+01
9.413318e+01
9.413318e+01
9.413318e+01
9.413318e+01
9.413318e+01
9.413318e+01
9.413318e+01
9.413318e+01
9.413318e+01
9.413318e+01
9.413318e+01
9.413318e+01
9.413318e+01
9.413318e+01
9.413318e+01
9.413318e+01
9.413318e+01
9.413318e+01
9.413318e+01
9.413318e+01
9.413318e+01
9.413318e+01
9.413318e+01
9.413318e+01
9.413318e+01
9.413318e+01
9.413318e+01
9.413318e+01
9.413318e+01
9.413318e+01
9.413318e+01
9.413318e+01
9.413318e+01
9.413318e+01
9.413318e+01
9.413318e+01
9.413318e+01
9.413318e+01
9.413318e+01
9.413318e+01
9.413318e+01
9.413318e+01
9.413318e+01
9.413318e+01
9.413318e+01
9.413318e+01
9.413318e+01
9.413318e+01
9.368034e+01
9.368034e+01
9.368034e+01
9.368034e+01
9.368034e+01
9.368034e+01
9.368034e+01
9.368034e+01
9.368034e+01
9.368034e+01
9.368034e+01
9.368034e+01
9.368034e+01
9.368034e+01
9.368034e+01
9.368034e+01
9.368034e+01
9.368034e+01
9.368034e+01
9.368034e+01
9.368034e+01
9.368034e+01
9.368034e+01
9.368034e+01
9.368034e+01
9.368034e+01
9.368034e+01
9.368034e+01
9.368034e+01
9.368034e+01
9.368034e+01
9.368034e+01
9.368034e+01
9.368034e+01
9.368034e+01
9.368034e+01
9.368034e+01
9.368034e+01
9.368034e+01
9.368034e+01
9.368034e+01
9.368034e+01
9.368034e+01
9.368034e+01
9.368034e+01
9.368034e+01
9.368034e+01
9.368034e+01
9.368034e+01
9.368034e+01
9.368034e+01
9.368034e+01
9.368034e+01
9.368034e+01
9.368034e+01
9.368034e+01
9.368034e+01
9.368034e+01
9.368034e+01
9.368034e+01
9.368034e+01
9.368034e+01
9.368034e+01
9.368034e+01
9.368034e+01
9.368034e+01
9.368034e+01
9.368034e+01
9.368034e+01
9.368034e+01
9.368034e+01
9.368034e+01
9.368034e+01
9.368034e+01
9.368034e+01
9.368034e+01
9.368034e+01
9.368034e+01
9.368034e+01
9.368034e+01
9.368034e+01
9.368034e+01
9.368034e+01
9.368034e+01
9.368034e+01
9.368034e+01
9.368034e+01
9.368034e+01
9.368034e+01
9.368034e+01
9.368034e+01
9.368034e+01
9.368034e+01
9.368034e+01
9.368034e+01
9.368034e+01
9.368034e+01
9.368034e+01
9.368034e+01
9.368034e+01
9.368034e+01
9.368034e+01
9.368034e+01
9.368034e+01
9.368034e+01
9.368034e+01
9.368034e+01
9.368034e+01
9.368034e+01
9.368034e+01
9.368034e+01
9.368034e+01
9.368034e+01
9.368034e+01
9.368034e+01
9.368034e+01
9.368034e+01
9.368034e+01
9.368034e+01
9.368034e+01
9.368034e+01
9.368034e+01
9.368034e+01
9.368034e+01
9.368034e+01
9.368034e+01
9.368034e+01
9.368034e+01
9.368034e+01
9.368034e+01
9.368034e+01
9.368034e+01
9.368034e+01
9.368034e+01
9.368034e+01
9.368034e+01
9.368034e+01
9.368034e+01
9.368034e+01
9.368034e+01
9.368034e+01
9.368034e+01
9.368034e+01
9.368034e+01
9.368034e+01
9.368034e+01
9.368034e+01
9.368034e+01
9.368034e+01
9.368034e+01
9.368034e+01
9.368034e+01
9.368034e+01
9.368034e+01
9.368034e+01
9.362463e+01
9.362463e+01
9.362463e+01
9.362463e+01
9.362463e+01
9.362463e+01
9.362463e+01
9.362463e+01
9.362463e+01
9.362463e+01
9.350588e+01
9.350588e+01
9.350588e+01
9.350588e+01
9.350588e+01
9.350588e+01
9.350588e+01
9.350588e+01
9.350588e+01
9.350588e+01
9.350588e+01
9.350588e+01
9.350588e+01
9.350588e+01
9.350588e+01
9.350588e+01
9.350588e+01
9.350588e+01
9.350588e+01
9.350588e+01
9.350588e+01
9.350588e+01
9.350588e+01
9.350588e+01
9.350588e+01
9.350588e+01
9.350588e+01
9.350588e+01
9.350588e+01
9.350588e+01
9.350588e+01
9.350588e+01
9.350588e+01
9.350588e+01
9.350588e+01
9.350588e+01
9.350588e+01
9.327402e+01
9.327402e+01
9.327402e+01
9.327402e+01
9.327402e+01
9.327402e+01
9.327402e+01
9.327402e+01
9.327402e+01
9.327402e+01
9.327402e+01
9.327402e+01
9.327402e+01
9.327402e+01
9.327402e+01
9.327402e+01
9.327402e+01
9.327402e+01
9.327402e+01
9.327402e+01
9.327402e+01
9.327402e+01
9.327402e+01
9.327402e+01
9.327402e+01
9.327402e+01
9.327402e+01
9.327402e+01
9.327402e+01
9.327402e+01
9.327402e+01
9.327402e+01
9.327402e+01
9.327402e+01
9.327402e+01
9.327402e+01
9.327402e+01
9.327402e+01
9.327402e+01
9.327402e+01
9.327402e+01
9.327402e+01
9.327402e+01
9.327402e+01
9.327402e+01
9.327402e+01
9.327402e+01
9.327402e+01
9.327402e+01
9.327402e+01
9.327402e+01
9.327402e+01
9.327402e+01
9.327402e+01
9.327402e+01
9.327402e+01
9.327402e+01
9.327402e+01
9.327402e+01
9.327402e+01
9.327402e+01
9.327402e+01
9.327402e+01
9.327402e+01
9.327402e+01
9.327402e+01
9.327402e+01
9.327402e+01
9.327402e+01
9.327402e+01
9.327402e+01
9.327402e+01
9.327402e+01
9.327402e+01
9.327402e+01
9.327402e+01
9.327402e+01
9.327402e+01
9.327402e+01
9.327402e+01
9.327402e+01
9.327402e+01
9.327402e+01
9.327402e+01
9.327402e+01
9.327402e+01
9.327402e+01
9.327402e+01
9.327402e+01
9.327402e+01
9.327402e+01
9.327402e+01
9.327402e+01
9.327402e+01
9.327402e+01
9.327402e+01
9.327402e+01
9.327402e+01
9.327402e+01
9.327402e+01
9.327402e+01
9.327402e+01
9.327402e+01
9.327402e+01
9.327402e+01
9.327402e+01
9.327402e+01
9.327402e+01
9.327402e+01
9.327402e+01
9.327402e+01
9.327402e+01
9.327402e+01
9.327402e+01
9.327402e+01
9.327402e+01
9.327402e+01
9.327402e+01
9.327402e+01
9.327402e+01
9.327402e+01
9.327402e+01
9.327402e+01
9.327402e+01
9.327402e+01
9.327402e+01
9.327402e+01
9.327402e+01
9.327402e+01
9.327402e+01
9.327402e+01
9.327402e+01
9.327402e+01
9.327402e+01
9.327402e+01
9.327402e+01
9.327402e+01
9.327402e+01
9.327402e+01
9.327402e+01
9.327402e+01
9.327402e+01
9.327402e+01
9.327402e+01
9.327402e+01
9.327402e+01
9.327402e+01
9.327402e+01
9.327402e+01
9.327402e+01
9.327402e+01
9.327402e+01
9.327402e+01
9.327402e+01
9.327402e+01
9.327402e+01
9.327402e+01
9.327402e+01
9.327402e+01
9.327402e+01
9.327402e+01
9.327402e+01
9.327402e+01
9.327402e+01
9.327402e+01
9.327402e+01
9.327402e+01
9.327402e+01
9.327402e+01
9.327402e+01
9.327402e+01
9.327402e+01
9.327402e+01
9.327402e+01
9.327402e+01
9.327402e+01
9.327402e+01
9.327402e+01
9.327402e+01
9.327402e+01
9.327402e+01
9.327402e+01
9.327402e+01
9.327402e+01
9.327402e+01
9.327402e+01
9.327402e+01
9.327402e+01
9.327402e+01
9.327402e+01
9.327402e+01
9.327402e+01
9.327402e+01
9.327402e+01
9.327402e+01
9.327402e+01
9.327402e+01
9.327402e+01
9.327402e+01
9.327402e+01
9.327402e+01
9.327402e+01
9.327402e+01
9.327402e+01
9.327402e+01
9.327402e+01
9.327402e+01
9.327402e+01
9.327402e+01
9.327402e+01
9.327402e+01
9.327402e+01
9.327402e+01
9.327402e+01
9.327402e+01
9.327402e+01
9.327402e+01
9.327402e+01
9.327402e+01
9.327402e+01
9.327402e+01
9.327402e+01
9.327402e+01
9.327402e+01
9.327402e+01
9.327402e+01
9.327402e+01
9.327402e+01
9.327402e+01
9.327402e+01
9.327402e+01
9.327402e+01
9.327402e+01
9.327402e+01
9.327402e+01
9.327402e+01
9.327402e+01
9.327402e+01
9.327402e+01
9.327402e+01
9.327402e+01
9.327402e+01
9.327402e+01
9.327402e+01
9.327402e+01
9.327402e+01
9.327402e+01
9.327402e+01
9.327402e+01
9.327402e+01
9.327402e+01
9.327402e+01
9.327402e+01
9.327402e+01
9.327402e+01
9.327402e+01
9.327402e+01
9.327402e+01
9.327402e+01
9.327402e+01
9.327402e+01
9.327402e+01
9.327402e+01
9.327402e+01
9.327402e+01
9.327402e+01
9.327402e+01
9.327402e+01
9.327402e+01
9.327402e+01
9.327402e+01
9.327402e+01
9.327402e+01
9.327402e+01
9.327402e+01
9.327402e+01
9.327402e+01
9.327402e+01
9.327402e+01
9.327402e+01
9.327402e+01
9.327402e+01
9.327402e+01
9.327402e+01
9.327402e+01
9.327402e+01
9.327402e+01
9.327402e+01
9.327402e+01
9.327402e+01
9.327402e+01
9.327402e+01
9.327402e+01
9.327402e+01
9.327402e+01
9.327402e+01
9.327402e+01
9.327402e+01
9.327402e+01
9.327402e+01
9.327402e+01
9.327402e+01
9.327402e+01
9.327402e+01
9.327402e+01
9.327402e+01
9.327402e+01
9.327402e+01
9.327402e+01
9.327402e+01
9.327402e+01
9.327402e+01
9.327402e+01
9.327402e+01
9.327402e+01
9.327402e+01
9.327402e+01
9.327402e+01
9.327402e+01
9.327402e+01
9.327402e+01
9.327402e+01
9.327402e+01
9.327402e+01
9.327402e+01
9.327402e+01
9.327402e+01
9.327402e+01
9.327402e+01
9.327402e+01
9.327402e+01
9.327402e+01
9.327402e+01
9.327402e+01
9.327402e+01
9.327402e+01
9.327402e+01
9.327402e+01
9.327402e+01
9.327402e+01
9.327402e+01
9.327402e+01
9.327402e+01
9.327402e+01
9.327402e+01
9.327402e+01
9.327402e+01
9.327402e+01
9.327402e+01
9.327402e+01
9.327402e+01
9.327402e+01
9.327402e+01
9.327402e+01
9.327402e+01
9.327402e+01
9.327402e+01
9.327402e+01
9.327402e+01
9.327402e+01
9.327402e+01
9.327402e+01
9.327402e+01
9.327402e+01
9.327402e+01
9.327402e+01
9.327402e+01
9.327402e+01
9.327402e+01
9.327402e+01
9.327402e+01
9.327402e+01
9.327402e+01
9.327402e+01
9.327402e+01
9.327402e+01
9.327402e+01
9.327402e+01
9.327402e+01
9.327402e+01
9.327402e+01
9.327402e+01
9.327402e+01
9.327402e+01
9.327402e+01
9.327402e+01
9.327402e+01
9.327402e+01
9.327402e+01
9.327402e+01
9.327402e+01
9.327402e+01
9.327402e+01
9.327402e+01
9.327402e+01
9.327402e+01
9.327402e+01
9.327402e+01
9.327402e+01
9.327402e+01
9.327402e+01
9.327402e+01
9.327402e+01
9.327402e+01
9.327402e+01
9.327402e+01
9.327402e+01
9.327402e+01
9.327402e+01
9.327402e+01
9.327402e+01
9.327402e+01
9.327402e+01
9.327402e+01
9.327402e+01
9.327402e+01
9.327402e+01
9.327402e+01
9.327402e+01
9.327402e+01
9.327402e+01
9.327402e+01
9.327402e+01
9.327402e+01
9.327402e+01
9.327402e+01
9.327402e+01
9.327402e+01
9.327402e+01
9.327402e+01
9.327402e+01
9.327402e+01
9.327402e+01
9.327402e+01
9.327402e+01
9.327402e+01
9.327402e+01
9.327402e+01
9.327402e+01
9.327402e+01
9.327402e+01
9.327402e+01
9.327402e+01
9.327402e+01
9.327402e+01
9.327402e+01
9.327402e+01
9.327402e+01
9.327402e+01
9.327402e+01
9.327402e+01
9.327402e+01
9.327402e+01
9.327402e+01
9.327402e+01
9.327402e+01
9.327402e+01
9.327402e+01
9.327402e+01
9.327402e+01
9.327402e+01
9.327402e+01
9.327402e+01
9.327402e+01
9.327402e+01
9.327402e+01
9.327402e+01
9.327402e+01
9.327402e+01
9.327402e+01
9.327402e+01
9.327402e+01
9.327402e+01
9.327402e+01
9.327402e+01
9.327402e+01
9.327402e+01
9.327402e+01
9.327402e+01
9.327402e+01
9.327402e+01
9.327402e+01
9.327402e+01
9.327402e+01
9.327402e+01
9.327402e+01
9.327402e+01
9.327402e+01
9.327402e+01
9.327402e+01
9.327402e+01
9.327402e+01
9.327402e+01
9.327402e+01
9.327402e+01
9.327402e+01
9.327402e+01
9.327402e+01
9.327402e+01
9.327402e+01
9.327402e+01
9.327402e+01
9.327402e+01
9.327402e+01
9.327402e+01
9.327402e+01
9.327402e+01
9.327402e+01
9.327402e+01
9.327402e+01
9.327402e+01
9.327402e+01
9.327402e+01
9.327402e+01
9.327402e+01
9.327402e+01
9.327402e+01
9.327402e+01
9.327402e+01
9.327402e+01
9.327402e+01
9.327402e+01
9.327402e+01
9.327402e+01
9.327402e+01
9.327402e+01
9.327402e+01
9.327402e+01
9.327402e+01
9.327402e+01
9.327402e+01
9.327402e+01
9.327402e+01
9.327402e+01
9.327402e+01
9.327402e+01
9.327402e+01
9.327402e+01
9.327402e+01
9.327402e+01
9.327402e+01
9.327402e+01
9.327402e+01
9.327402e+01
9.327402e+01
9.327402e+01
9.327402e+01
9.327402e+01
9.327402e+01
9.327402e+01
9.327402e+01
9.327402e+01
9.327402e+01
9.327402e+01
9.327402e+01
9.327402e+01
9.327402e+01
9.327402e+01
9.327402e+01
9.327402e+01
9.327402e+01
9.327402e+01
9.327402e+01
9.327402e+01
9.327402e+01
9.327402e+01
9.327402e+01
9.327402e+01
9.327402e+01
9.327402e+01
9.327402e+01
9.327402e+01
9.327402e+01
9.327402e+01
9.327402e+01
9.327402e+01
9.327402e+01
9.327402e+01
9.327402e+01
9.327402e+01
9.327402e+01
9.327402e+01
9.327402e+01
9.327402e+01
9.327402e+01
9.327402e+01
9.327402e+01
9.327402e+01
9.327402e+01
9.327402e+01
9.327402e+01
9.327402e+01
9.327402e+01
9.327402e+01
9.327402e+01
9.327402e+01
9.327402e+01
9.327402e+01
9.327402e+01
9.327402e+01
9.327402e+01
9.327402e+01
9.327402e+01
9.327402e+01
9.327402e+01
9.327402e+01
9.327402e+01
9.327402e+01
9.327402e+01
9.327402e+01
9.327402e+01
9.327402e+01
9.327402e+01
9.327402e+01
9.327402e+01
9.327402e+01
9.327402e+01
9.327402e+01
9.327402e+01
9.327402e+01
9.327402e+01
9.327402e+01
9.327402e+01
9.327402e+01
9.327402e+01
9.327402e+01
9.327402e+01
9.327402e+01
9.327402e+01
9.327402e+01
9.327402e+01
9.327402e+01
9.327402e+01
9.327402e+01
9.327402e+01
9.327402e+01
9.327402e+01
9.327402e+01
9.327402e+01
9.327402e+01
9.327402e+01
9.327402e+01
9.327402e+01
9.327402e+01
9.327402e+01
9.327402e+01
9.327402e+01
9.327402e+01
9.327402e+01
9.327402e+01
9.327402e+01
9.327402e+01
9.327402e+01
9.327402e+01
9.327402e+01
9.327402e+01
9.327402e+01
9.327402e+01
9.327402e+01
9.327402e+01
9.327402e+01
9.327402e+01
9.327402e+01
9.327402e+01
9.327402e+01
9.327402e+01
9.327402e+01
9.327402e+01
9.327402e+01
9.327402e+01
9.327402e+01
9.327402e+01
9.327402e+01
9.327402e+01
9.327402e+01
9.327402e+01
9.327402e+01
9.327402e+01
9.327402e+01
9.327402e+01
9.327402e+01
9.327402e+01
9.327402e+01
9.327402e+01
9.327402e+01
9.327402e+01
9.327402e+01
9.327402e+01
9.327402e+01
9.327402e+01
9.327402e+01
9.327402e+01
9.327402e+01
9.327402e+01
9.327402e+01
9.327402e+01
9.327402e+01
9.327402e+01
9.327402e+01
9.327402e+01
9.327402e+01
9.327402e+01
9.327402e+01
9.327402e+01
9.327402e+01
9.327402e+01
9.327402e+01
9.327402e+01
9.327402e+01
9.327402e+01
9.327402e+01
9.327402e+01
9.327402e+01
9.327402e+01
9.327402e+01
9.327402e+01
9.327402e+01
9.327402e+01
9.327402e+01
9.327402e+01
9.327402e+01
9.327402e+01
9.327402e+01
9.327402e+01
9.327402e+01
9.327402e+01
9.327402e+01
9.327402e+01
9.327402e+01
9.327402e+01
9.327402e+01
9.327402e+01
9.327402e+01
9.327402e+01
9.327402e+01
9.327402e+01
9.327402e+01
9.327402e+01
9.327402e+01
9.327402e+01
9.327402e+01
9.327402e+01
9.327402e+01
9.327402e+01
9.327402e+01
9.327402e+01
9.327402e+01
9.327402e+01
9.327402e+01
9.327402e+01
9.327402e+01
9.327402e+01
9.327402e+01
9.327402e+01
9.327402e+01
9.327402e+01
9.327402e+01
9.327402e+01
9.327402e+01
9.327402e+01
9.327402e+01
9.327402e+01
9.327402e+01
9.327402e+01
9.327402e+01
9.327402e+01
9.327402e+01
9.327402e+01
9.327402e+01
9.327402e+01
9.327402e+01
9.327402e+01
9.327402e+01
9.327402e+01
9.327402e+01
9.327402e+01
9.327402e+01
9.327402e+01
9.327402e+01
9.327402e+01
9.327402e+01
9.327402e+01
9.327402e+01
9.327402e+01
9.327402e+01
9.327402e+01
9.327402e+01
9.327402e+01
9.327402e+01
9.327402e+01
9.327402e+01
9.327402e+01
9.327402e+01
9.327402e+01
9.327402e+01
9.327402e+01
9.327402e+01
9.327402e+01
9.327402e+01
9.327402e+01
9.327402e+01
9.327402e+01
9.327402e+01
9.327402e+01
9.327402e+01
9.327402e+01
9.327402e+01
9.327402e+01
9.327402e+01
9.327402e+01
9.327402e+01
9.327402e+01
9.327402e+01
9.327402e+01
9.327402e+01
9.327402e+01
9.327402e+01
9.327402e+01
9.327402e+01
9.327402e+01
9.327402e+01
9.327402e+01
9.327402e+01
9.327402e+01
9.327402e+01
9.327402e+01
9.327402e+01
9.327402e+01
9.327402e+01
9.327402e+01
9.327402e+01
9.327402e+01
9.327402e+01
9.327402e+01
9.327402e+01
9.327402e+01
9.327402e+01
9.327402e+01
9.327402e+01
9.327402e+01
9.327402e+01
9.327402e+01
9.327402e+01
9.327402e+01
9.327402e+01
9.327402e+01
9.327402e+01
9.327402e+01
9.327402e+01
9.327402e+01
9.327402e+01
9.327402e+01
9.327402e+01
9.327402e+01
9.327402e+01
9.327402e+01
9.327402e+01
9.327402e+01
9.327402e+01
9.327402e+01
9.327402e+01
9.327402e+01
9.327402e+01
9.327402e+01
9.327402e+01
9.327402e+01
9.327402e+01
9.327402e+01
9.327402e+01
9.327402e+01
9.327402e+01
9.327402e+01
9.327402e+01
9.327402e+01
9.327402e+01
9.327402e+01
9.327402e+01
9.327402e+01
9.327402e+01
9.327402e+01
9.327402e+01
9.327402e+01
9.327402e+01
9.327402e+01
9.327402e+01
9.327402e+01
9.327402e+01
9.327402e+01
9.327402e+01
9.327402e+01
9.327402e+01
9.327402e+01
9.327402e+01
9.327402e+01
9.327402e+01
9.327402e+01
9.327402e+01
9.327402e+01
9.327402e+01
9.327402e+01
9.327402e+01
9.327402e+01
9.327402e+01
9.327402e+01
9.327402e+01
9.327402e+01
