5.654551e+02
5.360935e+02
5.149365e+02
4.909480e+02
4.557529e+02
4.427694e+02
4.193647e+02
4.071288e+02
3.960721e+02
3.779625e+02
3.720341e+02
3.582222e+02
3.466962e+02
3.377368e+02
3.319315e+02
3.286375e+02
3.258528e+02
3.201301e+02
3.145567e+02
3.089225e+02
3.061472e+02
3.036116e+02
2.970102e+02
2.930677e+02
2.892057e+02
2.845297e+02
2.783321e+02
2.736902e+02
2.718662e+02
2.689636e+02
2.643767e+02
2.624259e+02
2.578674e+02
2.536352e+02
2.522133e+02
2.493917e+02
2.477128e+02
2.456078e+02
2.430070e+02
2.401790e+02
2.375643e+02
2.354700e+02
2.344575e+02
2.331252e+02
2.316507e+02
2.293119e+02
2.285738e+02
2.282715e+02
2.274333e+02
2.264811e+02
2.256653e+02
2.243689e+02
2.234303e+02
2.214058e+02
2.197764e+02
2.181541e+02
2.148526e+02
2.128368e+02
2.096348e+02
2.086826e+02
2.082106e+02
2.064561e+02
2.054394e+02
2.054394e+02
2.046551e+02
2.030473e+02
2.030473e+02
2.020090e+02
2.001561e+02
1.973907e+02
1.971146e+02
1.965074e+02
1.960836e+02
1.936387e+02
1.912678e+02
1.909632e+02
1.904655e+02
1.900417e+02
1.891592e+02
1.881594e+02
1.854239e+02
1.844241e+02
1.830924e+02
1.830924e+02
1.829618e+02
1.821992e+02
1.821992e+02
1.810902e+02
1.798594e+02
1.798128e+02
1.788790e+02
1.785005e+02
1.785005e+02
1.761141e+02
1.750573e+02
1.746228e+02
1.730761e+02
1.729672e+02
1.710669e+02
1.692646e+02
1.671114e+02
1.653140e+02
1.652051e+02
1.652051e+02
1.646190e+02
1.646190e+02
1.643428e+02
1.643428e+02
1.631664e+02
1.622399e+02
1.622399e+02
1.617226e+02
1.611436e+02
1.610637e+02
1.606836e+02
1.605243e+02
1.599992e+02
1.598275e+02
1.592215e+02
1.585729e+02
1.585729e+02
1.574206e+02
1.574206e+02
1.574206e+02
1.574206e+02
1.574206e+02
1.569437e+02
1.560763e+02
1.560763e+02
1.560763e+02
1.556538e+02
1.536711e+02
1.525600e+02
1.525600e+02
1.525600e+02
1.525600e+02
1.521357e+02
1.509399e+02
1.504548e+02
1.501747e+02
1.497869e+02
1.497869e+02
1.497869e+02
1.495643e+02
1.495643e+02
1.495643e+02
1.493934e+02
1.493934e+02
1.493934e+02
1.493934e+02
1.492469e+02
1.492469e+02
1.492469e+02
1.492224e+02
1.492224e+02
1.492224e+02
1.487161e+02
1.487161e+02
1.487161e+02
1.487161e+02
1.487161e+02
1.487161e+02
1.487161e+02
1.487161e+02
1.476645e+02
1.461654e+02
1.461654e+02
1.460090e+02
1.460090e+02
1.460090e+02
1.460090e+02
1.457119e+02
1.457119e+02
1.453200e+02
1.450230e+02
1.450230e+02
1.447922e+02
1.447922e+02
1.447827e+02
1.447827e+02
1.447827e+02
1.447827e+02
1.439798e+02
1.439798e+02
1.433068e+02
1.433068e+02
1.426485e+02
1.426485e+02
1.418918e+02
1.418918e+02
1.405439e+02
1.405439e+02
1.399466e+02
1.399466e+02
1.398235e+02
1.392386e+02
1.390297e+02
1.384700e+02
1.384700e+02
1.384700e+02
1.378731e+02
1.378731e+02
1.378402e+02
1.371347e+02
1.370168e+02
1.370168e+02
1.366666e+02
1.366666e+02
1.366666e+02
1.366666e+02
1.366666e+02
1.366666e+02
1.366666e+02
1.363444e+02
1.363444e+02
1.361568e+02
1.361568e+02
1.361568e+02
1.357216e+02
1.351727e+02
1.351727e+02
1.351727e+02
1.351727e+02
1.351727e+02
1.343898e+02
1.343898e+02
1.343898e+02
1.343025e+02
1.343025e+02
1.343025e+02
1.343025e+02
1.343025e+02
1.343025e+02
1.343025e+02
1.334315e+02
1.333083e+02
1.332032e+02
1.332032e+02
1.332032e+02
1.332032e+02
1.326963e+02
1.320671e+02
1.318809e+02
1.318809e+02
1.318809e+02
1.318809e+02
1.318809e+02
1.314574e+02
1.314574e+02
1.314574e+02
1.309614e+02
1.309614e+02
1.305979e+02
1.305979e+02
1.305979e+02
1.305979e+02
1.305979e+02
1.305113e+02
1.304535e+02
1.303471e+02
1.299506e+02
1.296998e+02
1.296998e+02
1.296998e+02
1.296998e+02
1.296998e+02
1.295641e+02
1.293107e+02
1.292242e+02
1.292242e+02
1.292242e+02
1.292242e+02
1.292242e+02
1.292242e+02
1.292242e+02
1.292242e+02
1.292242e+02
1.288943e+02
1.288943e+02
1.288366e+02
1.288366e+02
1.288366e+02
1.288366e+02
1.288366e+02
1.288366e+02
1.288366e+02
1.288366e+02
1.288366e+02
1.288366e+02
1.288366e+02
1.288366e+02
1.288366e+02
1.288366e+02
1.288366e+02
1.288366e+02
1.288366e+02
1.288366e+02
1.288366e+02
1.288366e+02
1.288366e+02
1.288366e+02
1.288366e+02
1.288366e+02
1.288366e+02
1.288366e+02
1.288366e+02
1.288366e+02
1.288366e+02
1.288366e+02
1.288366e+02
1.288366e+02
1.288366e+02
1.288366e+02
1.288366e+02
1.288366e+02
1.288366e+02
1.288366e+02
1.283714e+02
1.283714e+02
1.283714e+02
1.278532e+02
1.275429e+02
1.273018e+02
1.273018e+02
1.273018e+02
1.273018e+02
1.273018e+02
1.273018e+02
1.273018e+02
1.273018e+02
1.273018e+02
1.260757e+02
1.250984e+02
1.250984e+02
1.249703e+02
1.249703e+02
1.249703e+02
1.249703e+02
1.247188e+02
1.247188e+02
1.247188e+02
1.239935e+02
1.239935e+02
1.239935e+02
1.239935e+02
1.239935e+02
1.238033e+02
1.237561e+02
1.237561e+02
1.237561e+02
1.237561e+02
1.237561e+02
1.237561e+02
1.237561e+02
1.231583e+02
1.231583e+02
1.231583e+02
1.231583e+02
1.231583e+02
1.229818e+02
1.228460e+02
1.228460e+02
1.228460e+02
1.222006e+02
1.222006e+02
1.222006e+02
1.218243e+02
1.218243e+02
1.218243e+02
1.218243e+02
1.218243e+02
1.218243e+02
1.218243e+02
1.218243e+02
1.218243e+02
1.218243e+02
1.218243e+02
1.218243e+02
1.218243e+02
1.218243e+02
1.218243e+02
1.218243e+02
1.218243e+02
1.218243e+02
1.211740e+02
1.211740e+02
1.211740e+02
1.211740e+02
1.211740e+02
1.211740e+02
1.211740e+02
1.211740e+02
1.211740e+02
1.211740e+02
1.211740e+02
1.211740e+02
1.211740e+02
1.211740e+02
1.211740e+02
1.211740e+02
1.211740e+02
1.211740e+02
1.211740e+02
1.211740e+02
1.211740e+02
1.211740e+02
1.211740e+02
1.211740e+02
1.211740e+02
1.211740e+02
1.211740e+02
1.211740e+02
1.211740e+02
1.211740e+02
1.211740e+02
1.211740e+02
1.211740e+02
1.211652e+02
1.211652e+02
1.211652e+02
1.211652e+02
1.211652e+02
1.211652e+02
1.211652e+02
1.211652e+02
1.211652e+02
1.211652e+02
1.211652e+02
1.211652e+02
1.211652e+02
1.211652e+02
1.211652e+02
1.211652e+02
1.211652e+02
1.211652e+02
1.211652e+02
1.211652e+02
1.211652e+02
1.211652e+02
1.211652e+02
1.211652e+02
1.211652e+02
1.211652e+02
1.211652e+02
1.210128e+02
1.210128e+02
1.210128e+02
1.210128e+02
1.210128e+02
1.210128e+02
1.210128e+02
1.210128e+02
1.210128e+02
1.210128e+02
1.210128e+02
1.210128e+02
1.210128e+02
1.208328e+02
1.204500e+02
1.204500e+02
1.204500e+02
1.204500e+02
1.204500e+02
1.204500e+02
1.204500e+02
1.204500e+02
1.204500e+02
1.204500e+02
1.204500e+02
1.204500e+02
1.204500e+02
1.204500e+02
1.204500e+02
1.204500e+02
1.204500e+02
1.204500e+02
1.204500e+02
1.204500e+02
1.204500e+02
1.204500e+02
1.204500e+02
1.204500e+02
1.204500e+02
1.204500e+02
1.204500e+02
1.204500e+02
1.204500e+02
1.204500e+02
1.204500e+02
1.204500e+02
1.204500e+02
1.204500e+02
1.204500e+02
1.204500e+02
1.204500e+02
1.204500e+02
1.204500e+02
1.204500e+02
1.204500e+02
1.204500e+02
1.204500e+02
1.204500e+02
1.204500e+02
1.204500e+02
1.204500e+02
1.204500e+02
1.199315e+02
1.199315e+02
1.199315e+02
1.199315e+02
1.199315e+02
1.199315e+02
1.199315e+02
1.199315e+02
1.199315e+02
1.199315e+02
1.199315e+02
1.199315e+02
1.199315e+02
1.199315e+02
1.199315e+02
1.199315e+02
1.199315e+02
1.199315e+02
1.199315e+02
1.199315e+02
1.199315e+02
1.199315e+02
1.199315e+02
1.199315e+02
1.199315e+02
1.197907e+02
1.197907e+02
1.197907e+02
1.197907e+02
1.197907e+02
1.197907e+02
1.197907e+02
1.197907e+02
1.197907e+02
1.197907e+02
1.197907e+02
1.197907e+02
1.197907e+02
1.197907e+02
1.197907e+02
1.197907e+02
1.197907e+02
1.197907e+02
1.197907e+02
1.197907e+02
1.197907e+02
1.197907e+02
1.195058e+02
1.195058e+02
1.184509e+02
1.170529e+02
1.156535e+02
1.136820e+02
1.112171e+02
1.097319e+02
1.083772e+02
1.083772e+02
1.083772e+02
1.075989e+02
1.075989e+02
1.075989e+02
1.075989e+02
1.071922e+02
1.070714e+02
1.070714e+02
1.069789e+02
1.069789e+02
1.069789e+02
1.069789e+02
1.068714e+02
1.058242e+02
1.058242e+02
1.058242e+02
1.058242e+02
1.058242e+02
1.058242e+02
1.058242e+02
1.058242e+02
1.058242e+02
1.058242e+02
1.058242e+02
1.058242e+02
1.058242e+02
1.058242e+02
1.058242e+02
1.058242e+02
1.058242e+02
1.058242e+02
1.058242e+02
1.058242e+02
1.058242e+02
1.058242e+02
1.058242e+02
1.058242e+02
1.058149e+02
1.058149e+02
1.056061e+02
1.049913e+02
1.049913e+02
1.049913e+02
1.049913e+02
1.049913e+02
1.049913e+02
1.049913e+02
1.049913e+02
1.049913e+02
1.049913e+02
1.049913e+02
1.049913e+02
1.049913e+02
1.049913e+02
1.049913e+02
1.049913e+02
1.049913e+02
1.049913e+02
1.049913e+02
1.049913e+02
1.049913e+02
1.049913e+02
1.049913e+02
1.041695e+02
1.041695e+02
1.041695e+02
1.041695e+02
1.041695e+02
1.041695e+02
1.041695e+02
1.041695e+02
1.041695e+02
1.041695e+02
1.041695e+02
1.041695e+02
1.041695e+02
1.041695e+02
1.041695e+02
1.041695e+02
1.041695e+02
1.041695e+02
1.041695e+02
1.041695e+02
1.041695e+02
1.041695e+02
1.041695e+02
1.041695e+02
1.041695e+02
1.041695e+02
1.041695e+02
1.041695e+02
1.041695e+02
1.041695e+02
1.041695e+02
1.041695e+02
1.041695e+02
1.041695e+02
1.041695e+02
1.041695e+02
1.041695e+02
1.041695e+02
1.041695e+02
1.041695e+02
1.041695e+02
1.041695e+02
1.041695e+02
1.041695e+02
1.041695e+02
1.041695e+02
1.041695e+02
1.041695e+02
1.041695e+02
1.041695e+02
1.038441e+02
1.038441e+02
1.038441e+02
1.038441e+02
1.038441e+02
1.038441e+02
1.038441e+02
1.038441e+02
1.038441e+02
1.038441e+02
1.038441e+02
1.038441e+02
1.038441e+02
1.038441e+02
1.038441e+02
1.038441e+02
1.038441e+02
1.038441e+02
1.038441e+02
1.038441e+02
1.038441e+02
1.038441e+02
1.038441e+02
1.038441e+02
1.038441e+02
1.038441e+02
1.038441e+02
1.038441e+02
1.038441e+02
1.038441e+02
1.038441e+02
1.038441e+02
1.038441e+02
1.038441e+02
1.038441e+02
1.038441e+02
1.038441e+02
1.038441e+02
1.038441e+02
1.038441e+02
1.038441e+02
1.038441e+02
1.038441e+02
1.038441e+02
1.038441e+02
1.038441e+02
1.038441e+02
1.038441e+02
1.038441e+02
1.038441e+02
1.038441e+02
1.038441e+02
1.038441e+02
1.038441e+02
1.038441e+02
1.038441e+02
1.038441e+02
1.038441e+02
1.038441e+02
1.038441e+02
1.038441e+02
1.038441e+02
1.038441e+02
1.038441e+02
1.038441e+02
1.038441e+02
1.038441e+02
1.038441e+02
1.038441e+02
1.038441e+02
1.038441e+02
1.038441e+02
1.038441e+02
1.038441e+02
1.038441e+02
1.038441e+02
1.038441e+02
1.038441e+02
1.038441e+02
1.038441e+02
1.038441e+02
1.038441e+02
1.038441e+02
1.038441e+02
1.038441e+02
1.038441e+02
1.038441e+02
1.038441e+02
1.038441e+02
1.038441e+02
1.038441e+02
1.038441e+02
1.038441e+02
1.038441e+02
1.038441e+02
1.038441e+02
1.038441e+02
1.038441e+02
1.038441e+02
1.038441e+02
1.038441e+02
1.038441e+02
1.038441e+02
1.038441e+02
1.038441e+02
1.038441e+02
1.038441e+02
1.038441e+02
1.038441e+02
1.038441e+02
1.038441e+02
1.038441e+02
1.038441e+02
1.038441e+02
1.038441e+02
1.038441e+02
1.038441e+02
1.038441e+02
1.038441e+02
1.038441e+02
1.038441e+02
1.038441e+02
1.038441e+02
1.038441e+02
1.038441e+02
1.038441e+02
1.038441e+02
1.038441e+02
1.038441e+02
1.038441e+02
1.038441e+02
1.038441e+02
1.038441e+02
1.038441e+02
1.038441e+02
1.038441e+02
1.038441e+02
1.038441e+02
1.038441e+02
1.038441e+02
1.038441e+02
1.038441e+02
1.038441e+02
1.038441e+02
1.038441e+02
1.038441e+02
1.038441e+02
1.038441e+02
1.038441e+02
1.038441e+02
1.038441e+02
1.038441e+02
1.038441e+02
1.038441e+02
1.038441e+02
1.038441e+02
1.038441e+02
1.038441e+02
1.038441e+02
1.038441e+02
1.038441e+02
1.038441e+02
1.038441e+02
1.038441e+02
1.038441e+02
1.038441e+02
1.038441e+02
1.038441e+02
1.038441e+02
1.038441e+02
1.038441e+02
1.038441e+02
1.038441e+02
1.038441e+02
1.038441e+02
1.038441e+02
1.038441e+02
1.038441e+02
1.038441e+02
1.038441e+02
1.038441e+02
1.038441e+02
1.038441e+02
1.038441e+02
1.038441e+02
1.038441e+02
1.038441e+02
1.038441e+02
1.038441e+02
1.038441e+02
1.038441e+02
1.038441e+02
1.038441e+02
1.038441e+02
1.038441e+02
1.038441e+02
1.038441e+02
1.038441e+02
1.038441e+02
1.038441e+02
1.038441e+02
1.038441e+02
1.038441e+02
1.038441e+02
1.038441e+02
1.038441e+02
1.038441e+02
1.038441e+02
1.038441e+02
1.038441e+02
1.038441e+02
1.038441e+02
1.038441e+02
1.038441e+02
1.038441e+02
1.038441e+02
1.038441e+02
1.038441e+02
1.038441e+02
1.038441e+02
1.038441e+02
1.038441e+02
1.038441e+02
1.038441e+02
1.038441e+02
1.038441e+02
1.038441e+02
1.038441e+02
1.038441e+02
1.038441e+02
1.038441e+02
1.038441e+02
1.038441e+02
1.038441e+02
1.038441e+02
1.038441e+02
1.038441e+02
1.038441e+02
1.038441e+02
1.038441e+02
1.038441e+02
1.038441e+02
1.038441e+02
1.038441e+02
1.038441e+02
1.038441e+02
1.038441e+02
1.038441e+02
1.038441e+02
1.038441e+02
1.038441e+02
1.038441e+02
1.038441e+02
1.038441e+02
1.038441e+02
1.038441e+02
1.038441e+02
1.038441e+02
1.038441e+02
1.038441e+02
1.038441e+02
1.038441e+02
1.038441e+02
1.038441e+02
1.038441e+02
1.038441e+02
1.038441e+02
1.038441e+02
1.038441e+02
1.038441e+02
1.038441e+02
1.038441e+02
1.038441e+02
1.038441e+02
1.038441e+02
1.038441e+02
1.038441e+02
1.038441e+02
1.038441e+02
1.038441e+02
1.038441e+02
1.038441e+02
1.038441e+02
1.038441e+02
1.038441e+02
1.038441e+02
1.038441e+02
1.038441e+02
1.038441e+02
1.038441e+02
1.038441e+02
1.038441e+02
1.038441e+02
1.038441e+02
1.038441e+02
1.038441e+02
1.038441e+02
1.038441e+02
1.038441e+02
1.038441e+02
1.038441e+02
1.038441e+02
1.038441e+02
1.038441e+02
1.038441e+02
1.038441e+02
1.038441e+02
1.031506e+02
1.031506e+02
1.031506e+02
1.031506e+02
1.031506e+02
1.031506e+02
1.031506e+02
1.031506e+02
1.031506e+02
1.031506e+02
1.031506e+02
1.031506e+02
1.031506e+02
1.031506e+02
1.031506e+02
1.031506e+02
1.031506e+02
1.031506e+02
1.031506e+02
1.031506e+02
1.031506e+02
1.031506e+02
1.031506e+02
1.031506e+02
1.031506e+02
1.031506e+02
1.031506e+02
1.031506e+02
1.031506e+02
1.031506e+02
1.031506e+02
1.031506e+02
1.031506e+02
1.031506e+02
1.031506e+02
1.031506e+02
1.031506e+02
1.031506e+02
1.031506e+02
1.031506e+02
1.031506e+02
1.031506e+02
1.031506e+02
1.031506e+02
1.031506e+02
1.031506e+02
1.031506e+02
1.031506e+02
1.031506e+02
1.031506e+02
1.031506e+02
1.031506e+02
1.031506e+02
1.031506e+02
1.031506e+02
1.031506e+02
1.031506e+02
1.031506e+02
1.031506e+02
1.031506e+02
1.031506e+02
1.031506e+02
1.031506e+02
1.031506e+02
1.031506e+02
1.031506e+02
1.031506e+02
1.031506e+02
1.031506e+02
1.031506e+02
1.031506e+02
1.031506e+02
1.022613e+02
1.022613e+02
1.022613e+02
1.022613e+02
1.022613e+02
1.022613e+02
1.022613e+02
1.022613e+02
1.022613e+02
1.022613e+02
1.022613e+02
1.022613e+02
1.022613e+02
1.022613e+02
1.022613e+02
1.022613e+02
1.022613e+02
1.022613e+02
1.022613e+02
1.022613e+02
1.022613e+02
1.022613e+02
1.022613e+02
1.022613e+02
1.022613e+02
1.022613e+02
1.022613e+02
1.022613e+02
1.022613e+02
1.022613e+02
1.022613e+02
1.022613e+02
1.022613e+02
1.022613e+02
1.022613e+02
1.022613e+02
1.022613e+02
1.022613e+02
1.022613e+02
1.022613e+02
1.022613e+02
1.022613e+02
1.022613e+02
1.022613e+02
1.022613e+02
1.022613e+02
1.022613e+02
1.022613e+02
1.022613e+02
1.022613e+02
1.022613e+02
1.022613e+02
1.022613e+02
1.022613e+02
1.022613e+02
1.022613e+02
1.022613e+02
1.022613e+02
1.022613e+02
1.022613e+02
1.022613e+02
1.022613e+02
1.022613e+02
1.022613e+02
1.022613e+02
1.022613e+02
1.022613e+02
1.019422e+02
1.019422e+02
1.019422e+02
1.019422e+02
1.019422e+02
1.019422e+02
1.019422e+02
1.019422e+02
1.019422e+02
1.019422e+02
1.019422e+02
1.019422e+02
1.019422e+02
1.019422e+02
1.019422e+02
1.019422e+02
1.019422e+02
1.019422e+02
1.019422e+02
1.019422e+02
1.019422e+02
1.019422e+02
1.019422e+02
1.019422e+02
1.019422e+02
1.019422e+02
1.019422e+02
1.019422e+02
1.019422e+02
1.019422e+02
1.019422e+02
1.019422e+02
1.019422e+02
1.019422e+02
1.019422e+02
1.019422e+02
1.019422e+02
1.019422e+02
1.019422e+02
1.019422e+02
1.019422e+02
1.019422e+02
1.019422e+02
1.019422e+02
1.019422e+02
1.019422e+02
1.019422e+02
1.019422e+02
1.019422e+02
1.019422e+02
1.019422e+02
1.019422e+02
1.019422e+02
1.019422e+02
1.019422e+02
1.019422e+02
1.019422e+02
1.019422e+02
1.019422e+02
1.019422e+02
1.019422e+02
1.019422e+02
1.019422e+02
1.019422e+02
1.019422e+02
1.019422e+02
1.019422e+02
1.019422e+02
1.019422e+02
1.019422e+02
1.019422e+02
1.019422e+02
1.019422e+02
1.019422e+02
1.019422e+02
1.019422e+02
1.019422e+02
1.019422e+02
1.019422e+02
1.019422e+02
1.019422e+02
1.019422e+02
1.019422e+02
1.019422e+02
1.019422e+02
1.019422e+02
1.019422e+02
1.019422e+02
1.019422e+02
1.019422e+02
1.019422e+02
1.019422e+02
1.019422e+02
1.019422e+02
1.019422e+02
1.019422e+02
1.019422e+02
1.019422e+02
1.019422e+02
1.019422e+02
1.019422e+02
1.019422e+02
1.019422e+02
1.019422e+02
1.019422e+02
1.019422e+02
1.019422e+02
1.019422e+02
1.019422e+02
1.019422e+02
1.019422e+02
1.019422e+02
1.016493e+02
1.016493e+02
1.016493e+02
1.016493e+02
1.016493e+02
1.016493e+02
1.016493e+02
1.016493e+02
1.016493e+02
1.016493e+02
1.016493e+02
1.016493e+02
1.016493e+02
1.016493e+02
1.016493e+02
1.016493e+02
1.016493e+02
1.016493e+02
1.016493e+02
1.016493e+02
1.016493e+02
1.016493e+02
1.016493e+02
1.016493e+02
1.016493e+02
1.016493e+02
1.016493e+02
1.016493e+02
1.016493e+02
1.016493e+02
1.016493e+02
1.016493e+02
1.016493e+02
1.016493e+02
1.016493e+02
1.016493e+02
1.016493e+02
1.016493e+02
1.016493e+02
1.016493e+02
1.016493e+02
1.016493e+02
1.016493e+02
1.016493e+02
1.016493e+02
1.016493e+02
1.016493e+02
1.016493e+02
1.016493e+02
1.016493e+02
1.016493e+02
1.016493e+02
1.016493e+02
1.016493e+02
1.016493e+02
1.016493e+02
1.016493e+02
1.016493e+02
1.016493e+02
1.016493e+02
1.016493e+02
1.016493e+02
1.016493e+02
1.016493e+02
1.016493e+02
1.016493e+02
1.016493e+02
1.016493e+02
1.016493e+02
1.016493e+02
1.016493e+02
1.016493e+02
1.016493e+02
1.016493e+02
1.016493e+02
1.016493e+02
1.016493e+02
1.016493e+02
1.016493e+02
1.016493e+02
1.016493e+02
1.016493e+02
1.016493e+02
1.016493e+02
1.016493e+02
1.016493e+02
1.016493e+02
1.016493e+02
1.016493e+02
1.016493e+02
1.016493e+02
1.016493e+02
1.016493e+02
1.016493e+02
1.016493e+02
1.016493e+02
1.016493e+02
1.016493e+02
1.016493e+02
1.016493e+02
1.016493e+02
1.016493e+02
1.016493e+02
1.016493e+02
1.016493e+02
1.016493e+02
1.016493e+02
1.016493e+02
1.016493e+02
1.016493e+02
1.016493e+02
1.016493e+02
1.016493e+02
1.016493e+02
1.016493e+02
1.016493e+02
1.016493e+02
1.016493e+02
1.016493e+02
1.016493e+02
1.016493e+02
1.016493e+02
1.016493e+02
1.016493e+02
1.016493e+02
1.016493e+02
1.016493e+02
1.016493e+02
1.016493e+02
1.016493e+02
1.016493e+02
1.016493e+02
1.016493e+02
1.016493e+02
1.016493e+02
1.016493e+02
1.016493e+02
1.016493e+02
1.016493e+02
1.016493e+02
1.016493e+02
1.016493e+02
1.016493e+02
1.016493e+02
1.016493e+02
1.016493e+02
1.016493e+02
1.016493e+02
1.016493e+02
1.016493e+02
1.016493e+02
1.016493e+02
1.016493e+02
1.016493e+02
1.016493e+02
1.016493e+02
1.016493e+02
1.016493e+02
1.016493e+02
1.016493e+02
1.016493e+02
1.016493e+02
1.016493e+02
1.016493e+02
1.016493e+02
1.016493e+02
1.016493e+02
1.016493e+02
1.016493e+02
1.016493e+02
1.016493e+02
1.016493e+02
1.016493e+02
1.016493e+02
1.016493e+02
1.016493e+02
1.016493e+02
1.016493e+02
1.016493e+02
1.016493e+02
1.016493e+02
1.016493e+02
1.016493e+02
1.016493e+02
1.016493e+02
1.016493e+02
1.016493e+02
1.016493e+02
1.016493e+02
1.016493e+02
1.016493e+02
1.016493e+02
1.016493e+02
1.016493e+02
1.016493e+02
1.016493e+02
1.016493e+02
1.016493e+02
1.016493e+02
1.016493e+02
1.016493e+02
1.016493e+02
1.016493e+02
1.016493e+02
1.016493e+02
1.016493e+02
1.016493e+02
1.016493e+02
1.016493e+02
1.016493e+02
1.016493e+02
1.016493e+02
1.016493e+02
1.016493e+02
1.016493e+02
1.016493e+02
1.016493e+02
1.016493e+02
1.016493e+02
1.016493e+02
1.016493e+02
1.016493e+02
1.016493e+02
1.016493e+02
1.016493e+02
1.016493e+02
1.016493e+02
1.016493e+02
1.016493e+02
1.016493e+02
1.016493e+02
1.016493e+02
1.016493e+02
1.016493e+02
1.016493e+02
1.016493e+02
1.016493e+02
1.016493e+02
1.016493e+02
1.016493e+02
1.016493e+02
1.016493e+02
1.016493e+02
1.016493e+02
1.016493e+02
1.016493e+02
1.016493e+02
1.016493e+02
1.016493e+02
1.016493e+02
1.016493e+02
1.016493e+02
1.016493e+02
1.016493e+02
1.016493e+02
1.016493e+02
1.016493e+02
1.016493e+02
1.016493e+02
1.016493e+02
1.016493e+02
1.016493e+02
1.016493e+02
1.016493e+02
1.016493e+02
1.016493e+02
1.016493e+02
1.016493e+02
1.016493e+02
1.016493e+02
1.016493e+02
1.016493e+02
1.016493e+02
1.016493e+02
1.015579e+02
1.015579e+02
1.015579e+02
1.015579e+02
1.015579e+02
1.015579e+02
1.015579e+02
1.015579e+02
1.015579e+02
1.015579e+02
1.015579e+02
1.015579e+02
1.015579e+02
1.015579e+02
1.015579e+02
1.015579e+02
1.015579e+02
1.013327e+02
1.013327e+02
1.013327e+02
1.013327e+02
1.013327e+02
1.013327e+02
1.013327e+02
1.013327e+02
1.013327e+02
1.013327e+02
1.011666e+02
1.011666e+02
1.011666e+02
1.011666e+02
1.011666e+02
1.011666e+02
1.011666e+02
1.011666e+02
1.011666e+02
1.011666e+02
1.011666e+02
1.011666e+02
1.011666e+02
1.011666e+02
1.011666e+02
1.011666e+02
1.011666e+02
1.011666e+02
1.011666e+02
1.011666e+02
1.011666e+02
1.011666e+02
1.011666e+02
1.011666e+02
1.011666e+02
1.011666e+02
1.011666e+02
1.011666e+02
1.011666e+02
1.011666e+02
1.011666e+02
1.011666e+02
1.011666e+02
1.011666e+02
1.011666e+02
1.011666e+02
1.011666e+02
1.011666e+02
1.011666e+02
1.011666e+02
1.011666e+02
1.011666e+02
1.011666e+02
1.011666e+02
1.011666e+02
1.011666e+02
1.011666e+02
1.011666e+02
1.011666e+02
1.011666e+02
1.011666e+02
1.011666e+02
1.011666e+02
1.011666e+02
1.011666e+02
1.011666e+02
1.011666e+02
1.011666e+02
1.011666e+02
1.011666e+02
1.011666e+02
1.011666e+02
1.011666e+02
1.011666e+02
1.011666e+02
1.011666e+02
1.011666e+02
1.011666e+02
1.011666e+02
1.011666e+02
1.011666e+02
1.011666e+02
1.011666e+02
1.011666e+02
1.011666e+02
1.011666e+02
1.011666e+02
1.011666e+02
1.011666e+02
1.011666e+02
1.011666e+02
1.011666e+02
1.011666e+02
1.011666e+02
1.011666e+02
1.011666e+02
1.011666e+02
1.011666e+02
1.011666e+02
1.011666e+02
1.011666e+02
1.011666e+02
1.011666e+02
1.011666e+02
1.011666e+02
1.011666e+02
1.011666e+02
1.011666e+02
1.011666e+02
1.011666e+02
1.011666e+02
1.011666e+02
1.011666e+02
1.011666e+02
1.011666e+02
1.011666e+02
1.011666e+02
1.011666e+02
1.011666e+02
1.011666e+02
1.011666e+02
1.011666e+02
1.011666e+02
1.011666e+02
1.011666e+02
1.011666e+02
1.011666e+02
1.011666e+02
1.011666e+02
1.011666e+02
1.011666e+02
1.004539e+02
1.004539e+02
1.004539e+02
1.004539e+02
1.004539e+02
1.004539e+02
1.004539e+02
1.004539e+02
1.004539e+02
1.004539e+02
1.004539e+02
1.004539e+02
1.004539e+02
1.004539e+02
1.004539e+02
1.004539e+02
1.004539e+02
1.004539e+02
1.004539e+02
1.004539e+02
1.004539e+02
1.004539e+02
1.004539e+02
1.004539e+02
1.004539e+02
1.004539e+02
1.004539e+02
1.004539e+02
1.004539e+02
1.004539e+02
1.004539e+02
1.004539e+02
1.004539e+02
1.004539e+02
1.004539e+02
1.004539e+02
1.004539e+02
1.004539e+02
1.004539e+02
1.004539e+02
1.004539e+02
1.004539e+02
1.004539e+02
1.004539e+02
1.004539e+02
1.004539e+02
1.004539e+02
1.004539e+02
1.004539e+02
1.004539e+02
1.004539e+02
1.004539e+02
1.004539e+02
1.004539e+02
1.004539e+02
1.004539e+02
1.004539e+02
1.004539e+02
1.004539e+02
1.004539e+02
1.004539e+02
1.004539e+02
1.004539e+02
1.004539e+02
1.004539e+02
1.004539e+02
1.004539e+02
1.004539e+02
1.004539e+02
1.004539e+02
1.004539e+02
1.004539e+02
1.004539e+02
1.004539e+02
1.004539e+02
1.004539e+02
1.004539e+02
1.004539e+02
1.004539e+02
1.004539e+02
1.004539e+02
1.004539e+02
1.004539e+02
1.004539e+02
1.004539e+02
1.004539e+02
1.004539e+02
1.004539e+02
1.004539e+02
1.004539e+02
1.004539e+02
1.004539e+02
1.004539e+02
1.004539e+02
1.004539e+02
1.004539e+02
1.004539e+02
1.004539e+02
1.004539e+02
1.004539e+02
1.004539e+02
1.004539e+02
1.004539e+02
1.004539e+02
1.004539e+02
1.004539e+02
1.004539e+02
1.004539e+02
1.004539e+02
1.004539e+02
1.004539e+02
1.004539e+02
1.004539e+02
1.004539e+02
1.004539e+02
1.004539e+02
1.004539e+02
1.004539e+02
1.004539e+02
1.004539e+02
1.004539e+02
1.004539e+02
1.004539e+02
1.004539e+02
1.004539e+02
1.004539e+02
1.004539e+02
1.004539e+02
1.004539e+02
1.004539e+02
1.004539e+02
1.004539e+02
1.004539e+02
1.004539e+02
1.004539e+02
1.004539e+02
1.004539e+02
1.004539e+02
1.004539e+02
1.004539e+02
1.004539e+02
1.004539e+02
1.004539e+02
1.004539e+02
1.004539e+02
1.004539e+02
1.004539e+02
1.004539e+02
1.004539e+02
1.004539e+02
1.004539e+02
1.004539e+02
1.004539e+02
1.004539e+02
1.004539e+02
1.004539e+02
1.004539e+02
1.004539e+02
1.004539e+02
1.004539e+02
1.004539e+02
1.004539e+02
1.004539e+02
1.004539e+02
1.004539e+02
1.004539e+02
1.004539e+02
1.004539e+02
1.004539e+02
1.004539e+02
1.004539e+02
1.004539e+02
1.004539e+02
1.004539e+02
1.004539e+02
1.004539e+02
1.004539e+02
1.004539e+02
1.004539e+02
1.004539e+02
1.004539e+02
1.004539e+02
1.004539e+02
1.004539e+02
1.004539e+02
1.004539e+02
1.004539e+02
1.004539e+02
1.004539e+02
1.004539e+02
1.004539e+02
1.004539e+02
1.004539e+02
1.004539e+02
1.004539e+02
1.004539e+02
1.004539e+02
1.004539e+02
1.004539e+02
1.004539e+02
1.004539e+02
1.004539e+02
1.004539e+02
1.004539e+02
1.004539e+02
1.004539e+02
1.004539e+02
1.004539e+02
1.004539e+02
1.004539e+02
1.004539e+02
1.004539e+02
1.004539e+02
1.004539e+02
1.004539e+02
1.004539e+02
1.004539e+02
1.004539e+02
1.004539e+02
1.004539e+02
1.004539e+02
1.004539e+02
1.004539e+02
1.004539e+02
1.004539e+02
1.004539e+02
1.004539e+02
1.004539e+02
1.004539e+02
1.004539e+02
1.004539e+02
1.004539e+02
1.004539e+02
1.004539e+02
1.004539e+02
1.004539e+02
1.004539e+02
1.004539e+02
1.004539e+02
1.004539e+02
1.004539e+02
1.004539e+02
1.004539e+02
1.004539e+02
1.004539e+02
1.004539e+02
1.004539e+02
1.004539e+02
1.004539e+02
1.004539e+02
1.004539e+02
1.004539e+02
1.004539e+02
1.004539e+02
1.004539e+02
1.004539e+02
1.004539e+02
1.004539e+02
1.004539e+02
1.004539e+02
1.004539e+02
1.004539e+02
1.004539e+02
1.004539e+02
1.004539e+02
1.004539e+02
1.004539e+02
1.004539e+02
1.004539e+02
1.004539e+02
1.004539e+02
1.004539e+02
1.004539e+02
1.004539e+02
1.004539e+02
1.004539e+02
1.004539e+02
1.004539e+02
1.004539e+02
1.004539e+02
1.004539e+02
1.004539e+02
1.004539e+02
1.004539e+02
1.004539e+02
1.004539e+02
1.004539e+02
1.004539e+02
1.004539e+02
1.004539e+02
1.004539e+02
1.004539e+02
1.004539e+02
1.004539e+02
1.004539e+02
1.004539e+02
1.004539e+02
1.004539e+02
1.004539e+02
1.004539e+02
1.004539e+02
1.004539e+02
1.004539e+02
1.004539e+02
1.004539e+02
1.004539e+02
1.004539e+02
1.004539e+02
1.004539e+02
1.004539e+02
1.004539e+02
1.004539e+02
1.004539e+02
1.004539e+02
1.004539e+02
1.004539e+02
1.004539e+02
1.004539e+02
1.004539e+02
1.004539e+02
1.004539e+02
1.004539e+02
1.004539e+02
1.004539e+02
1.004539e+02
1.004539e+02
1.004539e+02
1.004539e+02
1.004539e+02
1.004539e+02
1.004539e+02
1.004539e+02
1.004539e+02
1.004539e+02
1.004539e+02
1.004539e+02
1.004539e+02
1.004539e+02
1.004539e+02
1.004539e+02
1.004539e+02
1.004539e+02
1.004539e+02
1.004539e+02
1.004539e+02
1.004539e+02
1.004539e+02
1.004539e+02
1.004539e+02
1.004539e+02
1.004539e+02
1.004539e+02
1.004539e+02
1.004539e+02
1.004539e+02
1.004539e+02
1.004539e+02
1.004539e+02
1.004539e+02
1.004539e+02
1.004539e+02
1.004539e+02
1.004539e+02
1.004539e+02
1.004539e+02
1.004539e+02
1.004539e+02
1.004539e+02
1.004539e+02
1.004539e+02
1.004539e+02
1.004539e+02
1.004539e+02
1.004539e+02
1.004539e+02
1.004539e+02
1.004539e+02
1.004539e+02
1.004539e+02
1.004539e+02
1.004539e+02
1.004539e+02
1.004539e+02
1.004539e+02
1.004539e+02
1.004539e+02
1.004539e+02
1.004539e+02
1.004539e+02
1.004539e+02
1.004539e+02
1.004539e+02
1.004539e+02
1.004539e+02
1.004539e+02
1.004539e+02
1.004539e+02
1.004539e+02
1.004539e+02
1.004539e+02
1.004539e+02
1.004539e+02
1.004539e+02
1.004539e+02
1.004539e+02
1.004539e+02
1.004539e+02
1.004539e+02
1.004539e+02
1.004539e+02
1.004539e+02
1.004539e+02
1.004539e+02
1.004539e+02
1.004539e+02
1.004539e+02
1.004539e+02
1.004539e+02
1.004539e+02
1.004539e+02
1.004539e+02
1.004539e+02
1.004539e+02
1.004539e+02
1.004539e+02
1.004539e+02
1.004539e+02
1.004539e+02
1.004539e+02
1.004539e+02
1.004539e+02
1.004539e+02
1.004539e+02
1.004539e+02
1.004539e+02
1.004539e+02
1.004539e+02
1.004539e+02
1.004539e+02
1.004539e+02
1.004539e+02
1.004539e+02
1.004539e+02
1.004539e+02
1.004539e+02
1.004539e+02
1.004539e+02
1.004539e+02
1.004539e+02
1.004539e+02
1.004539e+02
1.004539e+02
1.004539e+02
1.004539e+02
1.004539e+02
1.004539e+02
1.004539e+02
1.004539e+02
1.004539e+02
1.004539e+02
1.004539e+02
1.004539e+02
1.004539e+02
1.004539e+02
1.004539e+02
1.004539e+02
1.004539e+02
1.004539e+02
1.004539e+02
1.004539e+02
1.004539e+02
1.004539e+02
1.004539e+02
1.004539e+02
1.004539e+02
1.004539e+02
1.004539e+02
1.004539e+02
1.004539e+02
1.004539e+02
1.004539e+02
1.004539e+02
1.004539e+02
1.004539e+02
1.004539e+02
1.004539e+02
1.004539e+02
1.004539e+02
1.004539e+02
1.004539e+02
1.004539e+02
1.004539e+02
1.004539e+02
1.004539e+02
1.004539e+02
1.004539e+02
1.004539e+02
1.004539e+02
1.004539e+02
1.004539e+02
1.004539e+02
1.004539e+02
1.004539e+02
1.004539e+02
1.004539e+02
1.004539e+02
1.004539e+02
1.004539e+02
1.004539e+02
1.004539e+02
1.004539e+02
1.004539e+02
1.004539e+02
1.004539e+02
1.004539e+02
1.004539e+02
1.004539e+02
1.004539e+02
1.004539e+02
1.004539e+02
1.004539e+02
1.004539e+02
1.004539e+02
1.004539e+02
1.004539e+02
1.004539e+02
1.004539e+02
1.004539e+02
1.004539e+02
1.004539e+02
1.004539e+02
1.004539e+02
1.004539e+02
1.000456e+02
1.000456e+02
1.000456e+02
1.000456e+02
1.000456e+02
1.000456e+02
1.000456e+02
1.000456e+02
1.000456e+02
1.000456e+02
1.000456e+02
1.000456e+02
1.000456e+02
1.000456e+02
1.000456e+02
1.000456e+02
1.000456e+02
1.000456e+02
1.000456e+02
1.000456e+02
1.000456e+02
1.000456e+02
1.000456e+02
1.000456e+02
1.000456e+02
1.000456e+02
1.000456e+02
1.000456e+02
1.000456e+02
1.000456e+02
9.984411e+01
9.984411e+01
9.984411e+01
9.984411e+01
9.984411e+01
9.984411e+01
9.984411e+01
9.984411e+01
9.984411e+01
9.984411e+01
9.984411e+01
9.984411e+01
9.984411e+01
9.984411e+01
9.984411e+01
9.984411e+01
9.984411e+01
9.984411e+01
9.984411e+01
9.984411e+01
9.984411e+01
9.984411e+01
9.984411e+01
9.984411e+01
9.984411e+01
9.984411e+01
9.984411e+01
9.984411e+01
9.984411e+01
9.984411e+01
9.984411e+01
9.984411e+01
9.984411e+01
9.984411e+01
9.984411e+01
9.984411e+01
9.984411e+01
9.984411e+01
9.984411e+01
9.984411e+01
9.984411e+01
9.984411e+01
9.984411e+01
9.984411e+01
9.984411e+01
9.984411e+01
9.984411e+01
9.984411e+01
9.984411e+01
9.984411e+01
9.984411e+01
9.984411e+01
9.984411e+01
9.984411e+01
9.984411e+01
9.984411e+01
9.984411e+01
9.984411e+01
9.984411e+01
9.984411e+01
9.984411e+01
9.984411e+01
9.984411e+01
9.984411e+01
9.984411e+01
9.984411e+01
9.984411e+01
9.984411e+01
9.984411e+01
9.984411e+01
9.984411e+01
9.984411e+01
9.984411e+01
9.984411e+01
9.984411e+01
9.984411e+01
9.984411e+01
9.984411e+01
9.984411e+01
9.984411e+01
9.984411e+01
9.984411e+01
9.984411e+01
9.984411e+01
9.984411e+01
9.984411e+01
9.984411e+01
9.984411e+01
9.984411e+01
9.984411e+01
9.984411e+01
9.984411e+01
9.984411e+01
9.984411e+01
9.984411e+01
9.984411e+01
9.984411e+01
9.984411e+01
9.984411e+01
9.984411e+01
9.984411e+01
9.984411e+01
9.984411e+01
9.984411e+01
9.984411e+01
9.984411e+01
9.984411e+01
9.984411e+01
9.984411e+01
9.984411e+01
9.984411e+01
9.984411e+01
9.984411e+01
9.984411e+01
9.984411e+01
9.984411e+01
9.984411e+01
9.984411e+01
9.984411e+01
9.984411e+01
9.984411e+01
9.984411e+01
9.984411e+01
9.984411e+01
9.984411e+01
9.984411e+01
9.984411e+01
9.984411e+01
9.984411e+01
9.984411e+01
9.984411e+01
9.984411e+01
9.984411e+01
9.984411e+01
9.984411e+01
9.984411e+01
9.984411e+01
9.984411e+01
9.984411e+01
9.984411e+01
9.984411e+01
9.984411e+01
9.984411e+01
9.984411e+01
9.984411e+01
9.984411e+01
9.984411e+01
9.984411e+01
9.984411e+01
9.984411e+01
9.984411e+01
9.984411e+01
9.984411e+01
9.984411e+01
9.984411e+01
9.984411e+01
9.984411e+01
9.984411e+01
9.984411e+01
9.984411e+01
9.984411e+01
9.984411e+01
9.984411e+01
9.864303e+01
9.864303e+01
9.864303e+01
9.864303e+01
9.864303e+01
9.864303e+01
9.864303e+01
9.864303e+01
9.864303e+01
9.864303e+01
9.864303e+01
9.864303e+01
9.864303e+01
9.850752e+01
9.850752e+01
9.850752e+01
9.850752e+01
9.850752e+01
9.850752e+01
9.850752e+01
9.850752e+01
9.850752e+01
9.850752e+01
9.850752e+01
9.850752e+01
9.850752e+01
9.850752e+01
9.850752e+01
9.850752e+01
9.850752e+01
9.850752e+01
9.850752e+01
9.850752e+01
9.850752e+01
9.850752e+01
9.850752e+01
9.850752e+01
9.850752e+01
9.850752e+01
9.850752e+01
9.850752e+01
9.850752e+01
9.850752e+01
9.850752e+01
9.850752e+01
9.850752e+01
9.850752e+01
9.850752e+01
9.850752e+01
9.850752e+01
9.850752e+01
9.850752e+01
9.850752e+01
9.850752e+01
9.850752e+01
9.850752e+01
9.850752e+01
9.850752e+01
9.850752e+01
9.850752e+01
9.850752e+01
9.850752e+01
9.850752e+01
9.850752e+01
9.850752e+01
9.850752e+01
9.850752e+01
9.850752e+01
9.850752e+01
9.850752e+01
9.850752e+01
9.850752e+01
9.850752e+01
9.850752e+01
9.850752e+01
9.850752e+01
9.850752e+01
9.850752e+01
9.850752e+01
9.850752e+01
9.850752e+01
9.850752e+01
9.850752e+01
9.850752e+01
9.850752e+01
9.850752e+01
9.850752e+01
9.850752e+01
9.850752e+01
9.850752e+01
9.850752e+01
9.850752e+01
9.850752e+01
9.850752e+01
9.850752e+01
9.850752e+01
9.850752e+01
9.850752e+01
9.850752e+01
9.850752e+01
9.850752e+01
9.850752e+01
9.850752e+01
9.850752e+01
9.850752e+01
9.850752e+01
9.850752e+01
9.850752e+01
9.850752e+01
9.850752e+01
9.850752e+01
9.850752e+01
9.850752e+01
9.850752e+01
9.850752e+01
9.850752e+01
9.850752e+01
9.850752e+01
9.850752e+01
9.850752e+01
9.850752e+01
9.850752e+01
9.850752e+01
9.850752e+01
9.850752e+01
9.850752e+01
9.850752e+01
9.850752e+01
9.850752e+01
9.850752e+01
9.850752e+01
9.850752e+01
9.850752e+01
9.850752e+01
9.850752e+01
9.850752e+01
9.850752e+01
9.850752e+01
9.850752e+01
9.850752e+01
9.850752e+01
9.850752e+01
9.850752e+01
9.850752e+01
9.850752e+01
9.850752e+01
9.850752e+01
9.850752e+01
9.850752e+01
9.850752e+01
9.850752e+01
9.850752e+01
9.850752e+01
9.850752e+01
9.850752e+01
9.850752e+01
9.850752e+01
9.850752e+01
9.850752e+01
9.850752e+01
9.850752e+01
9.850752e+01
9.850752e+01
9.850752e+01
9.850752e+01
9.850752e+01
9.850752e+01
9.850752e+01
9.850752e+01
9.850752e+01
9.850752e+01
9.850752e+01
9.850752e+01
9.850752e+01
9.850752e+01
9.850752e+01
9.850752e+01
9.850752e+01
9.850752e+01
9.850752e+01
9.850752e+01
9.850752e+01
9.850752e+01
9.850752e+01
9.850752e+01
9.850752e+01
9.850752e+01
9.850752e+01
9.850752e+01
9.850752e+01
9.850752e+01
9.850752e+01
9.850752e+01
9.850752e+01
9.850752e+01
9.850752e+01
9.850752e+01
9.850752e+01
9.850752e+01
9.850752e+01
9.850752e+01
9.850752e+01
9.850752e+01
9.850752e+01
9.850752e+01
9.850752e+01
9.850752e+01
9.850752e+01
9.850752e+01
9.850752e+01
9.850752e+01
9.850752e+01
9.850752e+01
9.850752e+01
9.850752e+01
9.850752e+01
9.850752e+01
9.850752e+01
9.850752e+01
9.850752e+01
9.850752e+01
9.850752e+01
9.850752e+01
9.850752e+01
9.850752e+01
9.850752e+01
9.850752e+01
9.850752e+01
9.850752e+01
9.850752e+01
9.850752e+01
9.850752e+01
9.850752e+01
9.850752e+01
9.850752e+01
9.850752e+01
9.850752e+01
9.850752e+01
9.850752e+01
9.850752e+01
9.850752e+01
9.850752e+01
9.850752e+01
9.850752e+01
9.850752e+01
9.850752e+01
9.850752e+01
9.850752e+01
9.850752e+01
9.850752e+01
9.850752e+01
9.850752e+01
9.850752e+01
9.850752e+01
9.850752e+01
9.850752e+01
9.850752e+01
9.850752e+01
9.850752e+01
9.850752e+01
9.850752e+01
9.850752e+01
9.850752e+01
9.850752e+01
9.850752e+01
9.850752e+01
9.850752e+01
9.850752e+01
9.850752e+01
9.850752e+01
9.850752e+01
9.850752e+01
9.850752e+01
9.850752e+01
9.850752e+01
9.850752e+01
9.850752e+01
9.850752e+01
9.850752e+01
9.850752e+01
9.850752e+01
9.850752e+01
9.850752e+01
9.850752e+01
9.850752e+01
9.850752e+01
9.850752e+01
9.850752e+01
9.850752e+01
9.850752e+01
9.850752e+01
9.850752e+01
9.850752e+01
9.850752e+01
9.850752e+01
9.850752e+01
9.850752e+01
9.850752e+01
9.850752e+01
9.850752e+01
9.850752e+01
9.850752e+01
9.850752e+01
9.850752e+01
9.850752e+01
9.850752e+01
9.850752e+01
9.850752e+01
9.850752e+01
9.850752e+01
9.850752e+01
9.850752e+01
9.850752e+01
9.850752e+01
9.850752e+01
9.850752e+01
9.850752e+01
9.850752e+01
9.850752e+01
9.850752e+01
9.850752e+01
9.850752e+01
9.850752e+01
9.850752e+01
9.850752e+01
9.850752e+01
9.850752e+01
9.850752e+01
9.850752e+01
9.850752e+01
9.850752e+01
9.850752e+01
9.850752e+01
9.850752e+01
9.850752e+01
9.850752e+01
9.850752e+01
9.850752e+01
9.850752e+01
9.850752e+01
9.850752e+01
9.850752e+01
9.850752e+01
9.850752e+01
9.850752e+01
9.850752e+01
9.850752e+01
9.850752e+01
9.850752e+01
9.850752e+01
9.850752e+01
9.850752e+01
9.850752e+01
9.850752e+01
9.850752e+01
9.850752e+01
9.850752e+01
9.850752e+01
9.850752e+01
9.850752e+01
9.850752e+01
9.850752e+01
9.850752e+01
9.850752e+01
9.850752e+01
9.850752e+01
9.850752e+01
9.850752e+01
9.850752e+01
9.850752e+01
9.850752e+01
9.850752e+01
9.850752e+01
9.850752e+01
9.850752e+01
9.850752e+01
9.850752e+01
9.850752e+01
9.850752e+01
9.850752e+01
9.850752e+01
9.850752e+01
9.850752e+01
9.850752e+01
9.850752e+01
9.850752e+01
9.850752e+01
9.850752e+01
9.850752e+01
9.850752e+01
9.850752e+01
9.850752e+01
9.850752e+01
9.850752e+01
9.850752e+01
9.850752e+01
9.850752e+01
9.850752e+01
9.850752e+01
9.850752e+01
9.850752e+01
9.850752e+01
9.850752e+01
9.850752e+01
9.850752e+01
9.850752e+01
9.850752e+01
9.850752e+01
9.850752e+01
9.850752e+01
9.850752e+01
9.850752e+01
9.850752e+01
9.850752e+01
9.850752e+01
9.850752e+01
9.850752e+01
9.850752e+01
9.850752e+01
9.850752e+01
9.850752e+01
9.850752e+01
9.850752e+01
9.850752e+01
9.850752e+01
9.850752e+01
9.850752e+01
9.850752e+01
9.850752e+01
9.850752e+01
9.850752e+01
9.850752e+01
9.850752e+01
9.850752e+01
9.850752e+01
9.850752e+01
9.850752e+01
9.850752e+01
9.850752e+01
9.850752e+01
9.850752e+01
9.850752e+01
9.850752e+01
9.850752e+01
9.850752e+01
9.850752e+01
9.850752e+01
9.850752e+01
9.850752e+01
9.850752e+01
9.850752e+01
9.850752e+01
9.850752e+01
9.850752e+01
9.850752e+01
9.850752e+01
9.850752e+01
9.850752e+01
9.850752e+01
9.850752e+01
9.850752e+01
9.850752e+01
9.850752e+01
9.850752e+01
9.850752e+01
9.850752e+01
9.850752e+01
9.850752e+01
9.850752e+01
9.850752e+01
9.850752e+01
9.850752e+01
9.850752e+01
9.850752e+01
9.850752e+01
9.850752e+01
9.850752e+01
9.850752e+01
9.850752e+01
9.850752e+01
9.850752e+01
9.850752e+01
9.850752e+01
9.850752e+01
9.850752e+01
9.850752e+01
9.850752e+01
9.850752e+01
9.850752e+01
9.850752e+01
9.850752e+01
9.850752e+01
9.850752e+01
9.850752e+01
9.850752e+01
9.850752e+01
9.850752e+01
9.850752e+01
9.850752e+01
9.850752e+01
9.850752e+01
9.850752e+01
9.850752e+01
9.850752e+01
9.850752e+01
9.850752e+01
9.850752e+01
9.850752e+01
9.850752e+01
9.850752e+01
9.850752e+01
9.850752e+01
9.850752e+01
9.850752e+01
9.850752e+01
9.850752e+01
9.850752e+01
9.850752e+01
9.850752e+01
9.850752e+01
9.850752e+01
9.850752e+01
9.850752e+01
9.850752e+01
9.850752e+01
9.850752e+01
9.850752e+01
9.850752e+01
9.850752e+01
9.850752e+01
9.850752e+01
9.850752e+01
9.850752e+01
9.850752e+01
9.850752e+01
9.850752e+01
9.850752e+01
9.850752e+01
9.850752e+01
9.850752e+01
9.850752e+01
9.850752e+01
9.850752e+01
9.850752e+01
9.850752e+01
9.850752e+01
9.850752e+01
9.850752e+01
9.850752e+01
9.850752e+01
9.850752e+01
9.850752e+01
9.850752e+01
9.850752e+01
9.850752e+01
9.850752e+01
9.850752e+01
9.850752e+01
9.850752e+01
9.850752e+01
9.850752e+01
9.850752e+01
9.850752e+01
9.850752e+01
9.850752e+01
9.850752e+01
9.850752e+01
9.850752e+01
9.850752e+01
9.850752e+01
9.850752e+01
9.850752e+01
9.850752e+01
9.850752e+01
9.850752e+01
9.850752e+01
9.850752e+01
9.850752e+01
9.850752e+01
9.850752e+01
9.850752e+01
9.850752e+01
9.850752e+01
9.850752e+01
9.850752e+01
9.850752e+01
9.850752e+01
9.850752e+01
9.850752e+01
9.850752e+01
9.850752e+01
9.850752e+01
9.850752e+01
9.850752e+01
9.850752e+01
9.850752e+01
9.850752e+01
9.850752e+01
9.850752e+01
9.850752e+01
9.850752e+01
9.850752e+01
9.850752e+01
9.850752e+01
9.850752e+01
9.850752e+01
9.850752e+01
9.850752e+01
9.850752e+01
9.850752e+01
9.850752e+01
9.850752e+01
9.850752e+01
9.850752e+01
9.850752e+01
9.850752e+01
9.850752e+01
9.850752e+01
