5.462848e+02
5.146208e+02
4.803328e+02
4.621679e+02
4.509566e+02
4.408480e+02
4.258379e+02
4.149216e+02
3.997688e+02
3.915358e+02
3.778206e+02
3.614268e+02
3.481298e+02
3.356970e+02
3.321981e+02
3.239657e+02
3.145088e+02
3.094223e+02
3.030442e+02
2.954025e+02
2.883417e+02
2.804599e+02
2.761959e+02
2.698303e+02
2.648047e+02
2.621499e+02
2.604267e+02
2.570020e+02
2.542674e+02
2.502191e+02
2.465954e+02
2.424252e+02
2.403912e+02
2.378780e+02
2.313657e+02
2.279982e+02
2.266180e+02
2.249299e+02
2.220951e+02
2.176886e+02
2.158876e+02
2.143542e+02
2.131729e+02
2.122057e+02
2.108159e+02
2.064636e+02
2.049563e+02
2.027478e+02
2.007292e+02
1.991216e+02
1.976812e+02
1.968183e+02
1.945674e+02
1.938834e+02
1.933268e+02
1.924433e+02
1.920322e+02
1.906305e+02
1.893761e+02
1.867715e+02
1.845184e+02
1.830100e+02
1.814078e+02
1.799970e+02
1.795385e+02
1.790366e+02
1.780011e+02
1.765149e+02
1.755240e+02
1.747210e+02
1.743230e+02
1.730986e+02
1.722426e+02
1.714638e+02
1.708066e+02
1.701300e+02
1.701300e+02
1.687053e+02
1.683735e+02
1.682094e+02
1.672726e+02
1.669407e+02
1.666187e+02
1.665415e+02
1.659992e+02
1.656403e+02
1.648391e+02
1.643553e+02
1.633986e+02
1.630804e+02
1.608373e+02
1.597311e+02
1.593588e+02
1.577518e+02
1.557607e+02
1.508848e+02
1.499483e+02
1.496354e+02
1.488358e+02
1.487691e+02
1.480457e+02
1.480457e+02
1.477217e+02
1.473432e+02
1.471078e+02
1.465496e+02
1.465496e+02
1.465496e+02
1.462624e+02
1.459110e+02
1.456238e+02
1.456238e+02
1.449613e+02
1.449613e+02
1.448023e+02
1.432904e+02
1.428727e+02
1.428727e+02
1.428158e+02
1.423126e+02
1.421150e+02
1.415973e+02
1.415973e+02
1.415973e+02
1.414265e+02
1.406814e+02
1.401469e+02
1.401469e+02
1.399115e+02
1.396074e+02
1.396074e+02
1.396074e+02
1.396074e+02
1.371802e+02
1.369351e+02
1.367896e+02
1.367896e+02
1.367896e+02
1.363337e+02
1.363337e+02
1.363337e+02
1.360606e+02
1.358126e+02
1.357034e+02
1.352752e+02
1.352354e+02
1.352354e+02
1.352354e+02
1.348258e+02
1.343816e+02
1.342906e+02
1.342906e+02
1.342906e+02
1.340733e+02
1.340733e+02
1.340733e+02
1.340733e+02
1.340733e+02
1.340733e+02
1.337261e+02
1.330883e+02
1.327411e+02
1.327411e+02
1.324181e+02
1.324181e+02
1.324181e+02
1.324181e+02
1.321011e+02
1.317868e+02
1.317739e+02
1.302698e+02
1.299921e+02
1.294342e+02
1.268344e+02
1.266855e+02
1.266855e+02
1.266146e+02
1.266146e+02
1.266007e+02
1.265328e+02
1.264568e+02
1.262841e+02
1.262023e+02
1.262023e+02
1.261840e+02
1.248583e+02
1.248083e+02
1.248083e+02
1.248083e+02
1.248083e+02
1.247467e+02
1.247467e+02
1.247467e+02
1.247467e+02
1.247467e+02
1.247467e+02
1.247467e+02
1.246898e+02
1.246898e+02
1.244166e+02
1.237854e+02
1.237854e+02
1.236056e+02
1.232634e+02
1.230836e+02
1.230836e+02
1.230836e+02
1.230836e+02
1.230836e+02
1.222005e+02
1.218627e+02
1.217692e+02
1.217692e+02
1.217692e+02
1.217692e+02
1.217066e+02
1.212018e+02
1.207738e+02
1.207738e+02
1.207738e+02
1.207738e+02
1.206334e+02
1.206334e+02
1.206334e+02
1.206334e+02
1.206334e+02
1.206334e+02
1.206334e+02
1.202956e+02
1.202956e+02
1.202956e+02
1.202956e+02
1.202956e+02
1.201121e+02
1.200429e+02
1.200429e+02
1.200429e+02
1.196126e+02
1.196126e+02
1.196126e+02
1.196126e+02
1.194740e+02
1.194740e+02
1.194740e+02
1.194246e+02
1.194246e+02
1.194246e+02
1.194246e+02
1.194246e+02
1.194246e+02
1.194246e+02
1.194246e+02
1.194246e+02
1.194246e+02
1.194246e+02
1.194246e+02
1.194246e+02
1.194246e+02
1.194246e+02
1.194246e+02
1.193157e+02
1.193157e+02
1.193157e+02
1.193157e+02
1.193157e+02
1.193157e+02
1.193157e+02
1.190378e+02
1.189380e+02
1.189380e+02
1.189380e+02
1.189380e+02
1.189380e+02
1.189380e+02
1.188195e+02
1.188195e+02
1.188195e+02
1.188195e+02
1.188195e+02
1.188195e+02
1.188195e+02
1.188195e+02
1.188195e+02
1.188195e+02
1.188195e+02
1.188195e+02
1.188195e+02
1.188195e+02
1.188195e+02
1.188195e+02
1.160311e+02
1.148450e+02
1.148351e+02
1.148351e+02
1.148351e+02
1.145480e+02
1.134782e+02
1.130928e+02
1.127913e+02
1.127913e+02
1.127913e+02
1.127410e+02
1.124583e+02
1.124080e+02
1.124080e+02
1.118893e+02
1.118893e+02
1.118893e+02
1.118893e+02
1.118893e+02
1.107075e+02
1.107075e+02
1.107075e+02
1.107075e+02
1.105540e+02
1.105540e+02
1.105540e+02
1.105540e+02
1.104621e+02
1.104621e+02
1.104621e+02
1.104621e+02
1.104621e+02
1.102665e+02
1.102665e+02
1.102665e+02
1.102665e+02
1.102665e+02
1.102665e+02
1.099301e+02
1.099301e+02
1.099301e+02
1.099301e+02
1.098432e+02
1.097908e+02
1.097908e+02
1.097908e+02
1.097908e+02
1.097908e+02
1.097344e+02
1.097344e+02
1.097344e+02
1.097344e+02
1.097344e+02
1.097344e+02
1.075710e+02
1.075710e+02
1.075710e+02
1.075710e+02
1.075710e+02
1.075710e+02
1.075710e+02
1.066494e+02
1.066494e+02
1.057741e+02
1.057741e+02
1.057741e+02
1.057741e+02
1.057741e+02
1.057741e+02
1.057741e+02
1.057741e+02
1.057741e+02
1.057741e+02
1.057741e+02
1.057741e+02
1.057741e+02
1.057741e+02
1.057741e+02
1.057741e+02
1.057741e+02
1.057741e+02
1.057741e+02
1.057741e+02
1.057741e+02
1.057741e+02
1.057741e+02
1.057741e+02
1.057741e+02
1.057741e+02
1.056530e+02
1.051484e+02
1.051484e+02
1.051484e+02
1.051484e+02
1.051484e+02
1.051484e+02
1.051484e+02
1.051484e+02
1.051484e+02
1.051484e+02
1.051484e+02
1.051484e+02
1.051484e+02
1.051484e+02
1.051484e+02
1.051484e+02
1.051484e+02
1.051484e+02
1.051484e+02
1.051484e+02
1.051484e+02
1.051484e+02
1.051484e+02
1.051484e+02
1.051484e+02
1.051484e+02
1.051484e+02
1.051484e+02
1.051484e+02
1.051484e+02
1.051484e+02
1.051484e+02
1.051484e+02
1.051484e+02
1.051484e+02
1.051484e+02
1.051484e+02
1.051484e+02
1.051484e+02
1.051484e+02
1.051484e+02
1.051484e+02
1.051484e+02
1.051484e+02
1.051096e+02
1.051096e+02
1.051096e+02
1.051096e+02
1.051096e+02
1.047849e+02
1.047849e+02
1.047849e+02
1.047849e+02
1.047849e+02
1.047849e+02
1.047849e+02
1.047849e+02
1.047849e+02
1.047849e+02
1.047849e+02
1.047849e+02
1.047849e+02
1.047849e+02
1.047849e+02
1.047849e+02
1.047849e+02
1.047849e+02
1.047849e+02
1.047849e+02
1.047849e+02
1.047849e+02
1.047849e+02
1.047849e+02
1.047849e+02
1.047849e+02
1.047849e+02
1.047849e+02
1.047849e+02
1.047849e+02
1.047849e+02
1.047849e+02
1.047849e+02
1.047849e+02
1.047849e+02
1.047849e+02
1.047849e+02
1.047849e+02
1.047849e+02
1.045965e+02
1.045965e+02
1.045965e+02
1.045965e+02
1.045965e+02
1.045965e+02
1.045965e+02
1.045965e+02
1.045965e+02
1.045965e+02
1.045965e+02
1.045965e+02
1.045965e+02
1.045965e+02
1.045965e+02
1.045965e+02
1.045965e+02
1.045965e+02
1.045965e+02
1.045965e+02
1.045965e+02
1.045965e+02
1.045965e+02
1.045965e+02
1.041165e+02
1.041165e+02
1.041165e+02
1.041165e+02
1.041165e+02
1.041165e+02
1.041165e+02
1.041165e+02
1.041165e+02
1.041165e+02
1.041165e+02
1.041165e+02
1.041165e+02
1.041165e+02
1.041165e+02
1.041165e+02
1.041165e+02
1.041165e+02
1.041165e+02
1.041165e+02
1.037930e+02
1.037930e+02
1.037930e+02
1.037930e+02
1.037930e+02
1.036033e+02
1.036033e+02
1.036033e+02
1.036033e+02
1.036033e+02
1.036033e+02
1.036033e+02
1.036033e+02
1.036033e+02
1.036033e+02
1.036033e+02
1.036033e+02
1.033995e+02
1.033995e+02
1.033995e+02
1.033995e+02
1.033995e+02
1.033995e+02
1.033995e+02
1.033995e+02
1.033995e+02
1.033995e+02
1.033995e+02
1.033995e+02
1.033995e+02
1.033995e+02
1.032211e+02
1.032211e+02
1.032211e+02
1.032211e+02
1.032211e+02
1.032211e+02
1.032211e+02
1.032211e+02
1.032211e+02
1.032211e+02
1.032211e+02
1.032211e+02
1.032211e+02
1.032211e+02
1.032211e+02
1.032211e+02
1.032211e+02
1.032211e+02
1.032211e+02
1.032211e+02
1.032211e+02
1.032211e+02
1.032211e+02
1.032211e+02
1.032211e+02
1.032211e+02
1.032211e+02
1.032211e+02
1.032211e+02
1.032211e+02
1.032211e+02
1.032211e+02
1.032211e+02
1.032211e+02
1.032211e+02
1.032211e+02
1.032211e+02
1.032211e+02
1.032211e+02
1.032211e+02
1.032211e+02
1.032211e+02
1.032211e+02
1.032211e+02
1.032211e+02
1.032211e+02
1.032211e+02
1.032211e+02
1.032211e+02
1.032211e+02
1.032211e+02
1.032211e+02
1.032211e+02
1.032211e+02
1.032211e+02
1.032211e+02
1.032211e+02
1.032211e+02
1.032211e+02
1.032211e+02
1.032211e+02
1.032211e+02
1.032211e+02
1.031410e+02
1.031410e+02
1.031410e+02
1.031410e+02
1.021218e+02
1.017185e+02
1.017185e+02
1.017185e+02
1.017185e+02
1.017185e+02
1.017185e+02
1.017185e+02
1.017185e+02
1.017185e+02
1.017185e+02
1.017185e+02
1.011394e+02
1.011394e+02
1.011394e+02
1.011394e+02
1.011394e+02
1.011394e+02
1.011394e+02
1.011394e+02
1.011394e+02
1.011394e+02
1.011394e+02
1.011394e+02
1.011394e+02
1.011394e+02
1.011394e+02
1.009797e+02
1.009797e+02
1.009797e+02
1.009797e+02
1.009797e+02
1.009797e+02
1.009797e+02
1.009797e+02
1.009797e+02
1.009797e+02
1.009797e+02
1.009797e+02
1.009797e+02
1.009797e+02
1.009797e+02
1.009797e+02
1.009797e+02
1.009797e+02
1.009797e+02
1.009797e+02
1.009797e+02
1.009797e+02
1.009797e+02
1.009797e+02
1.009797e+02
1.009797e+02
1.009797e+02
1.009797e+02
1.009797e+02
1.009797e+02
1.009797e+02
1.009797e+02
1.009797e+02
1.009797e+02
1.009797e+02
1.009797e+02
1.009797e+02
1.008393e+02
1.008393e+02
1.008393e+02
1.008393e+02
1.008393e+02
1.008393e+02
1.008393e+02
1.008393e+02
1.008393e+02
1.008393e+02
1.008393e+02
1.008393e+02
1.008393e+02
1.008393e+02
1.008393e+02
1.008393e+02
1.008393e+02
1.008393e+02
1.008393e+02
1.008393e+02
1.008393e+02
1.008393e+02
1.008393e+02
1.008393e+02
1.008393e+02
1.008393e+02
1.008393e+02
1.008393e+02
1.008393e+02
1.008393e+02
1.008393e+02
1.008393e+02
1.008393e+02
1.008393e+02
1.008393e+02
1.008295e+02
1.008295e+02
1.008295e+02
1.008295e+02
1.008295e+02
1.008295e+02
1.008295e+02
1.005136e+02
1.005136e+02
1.005136e+02
1.005136e+02
9.985420e+01
9.985420e+01
9.985420e+01
9.985420e+01
9.985420e+01
9.985420e+01
9.942354e+01
9.942354e+01
9.942354e+01
9.929223e+01
9.929223e+01
9.929223e+01
9.929223e+01
9.929223e+01
9.929223e+01
9.929223e+01
9.929223e+01
9.838542e+01
9.833567e+01
9.833567e+01
9.833567e+01
9.833567e+01
9.833567e+01
9.833567e+01
9.833567e+01
9.833567e+01
9.833567e+01
9.833567e+01
9.833567e+01
9.833567e+01
9.833567e+01
9.833567e+01
9.833567e+01
9.833567e+01
9.795027e+01
9.795027e+01
9.795027e+01
9.795027e+01
9.795027e+01
9.795027e+01
9.795027e+01
9.795027e+01
9.795027e+01
9.757296e+01
9.757296e+01
9.757296e+01
9.757296e+01
9.757296e+01
9.757296e+01
9.757296e+01
9.757296e+01
9.757296e+01
9.757296e+01
9.757296e+01
9.757296e+01
9.757296e+01
9.757296e+01
9.757296e+01
9.757296e+01
9.757296e+01
9.757296e+01
9.757296e+01
9.757296e+01
9.757296e+01
9.757296e+01
9.757296e+01
9.757296e+01
9.757296e+01
9.757296e+01
9.757296e+01
9.757296e+01
9.757296e+01
9.757296e+01
9.757296e+01
9.757296e+01
9.757296e+01
9.757296e+01
9.757296e+01
9.757296e+01
9.757296e+01
9.757296e+01
9.757296e+01
9.757296e+01
9.757296e+01
9.757296e+01
9.757296e+01
9.757296e+01
9.757296e+01
9.757296e+01
9.757296e+01
9.751315e+01
9.751315e+01
9.751315e+01
9.732034e+01
9.732034e+01
9.732034e+01
9.732034e+01
9.731045e+01
9.731045e+01
9.731045e+01
9.731045e+01
9.731045e+01
9.731045e+01
9.731045e+01
9.731045e+01
9.731045e+01
9.731045e+01
9.731045e+01
9.731045e+01
9.731045e+01
9.731045e+01
9.731045e+01
9.731045e+01
9.731045e+01
9.731045e+01
9.731045e+01
9.731045e+01
9.731045e+01
9.731045e+01
9.548151e+01
9.548151e+01
9.548151e+01
9.548151e+01
9.548151e+01
9.548151e+01
9.548151e+01
9.548151e+01
9.548151e+01
9.548151e+01
9.548151e+01
9.548151e+01
9.548151e+01
9.548151e+01
9.548151e+01
9.548151e+01
9.548151e+01
9.548151e+01
9.548151e+01
9.541169e+01
9.541169e+01
9.541169e+01
9.541169e+01
9.541169e+01
9.541169e+01
9.541169e+01
9.541169e+01
9.541169e+01
9.541169e+01
9.541169e+01
9.541169e+01
9.541169e+01
9.541169e+01
9.541169e+01
9.541169e+01
9.541169e+01
9.541169e+01
9.541169e+01
9.541169e+01
9.541169e+01
9.541169e+01
9.541169e+01
9.541169e+01
9.541169e+01
9.541169e+01
9.541169e+01
9.541169e+01
9.541169e+01
9.541169e+01
9.541169e+01
9.541169e+01
9.541169e+01
9.541169e+01
9.541169e+01
9.535002e+01
9.535002e+01
9.535002e+01
9.535002e+01
9.535002e+01
9.535002e+01
9.535002e+01
9.535002e+01
9.535002e+01
9.535002e+01
9.535002e+01
9.526485e+01
9.526485e+01
9.526485e+01
9.526485e+01
9.526485e+01
9.526485e+01
9.526485e+01
9.526485e+01
9.526485e+01
9.526485e+01
9.526485e+01
9.526485e+01
9.526485e+01
9.526485e+01
9.526485e+01
9.526485e+01
9.526485e+01
9.526485e+01
9.526485e+01
9.526485e+01
9.526485e+01
9.526485e+01
9.526485e+01
9.526485e+01
9.526485e+01
9.526485e+01
9.526485e+01
9.526485e+01
9.526485e+01
9.526485e+01
9.526485e+01
9.526485e+01
9.526485e+01
9.526485e+01
9.509088e+01
9.509088e+01
9.471691e+01
9.471691e+01
9.471691e+01
9.471691e+01
9.471691e+01
9.471691e+01
9.471691e+01
9.471691e+01
9.471691e+01
9.471691e+01
9.471691e+01
9.471691e+01
9.471691e+01
9.471691e+01
9.471691e+01
9.471691e+01
9.471691e+01
9.471691e+01
9.471691e+01
9.471691e+01
9.471691e+01
9.471691e+01
9.471691e+01
9.471691e+01
9.471691e+01
9.471691e+01
9.471691e+01
9.471691e+01
9.471691e+01
9.471691e+01
9.471691e+01
9.471691e+01
9.471691e+01
9.471691e+01
9.471691e+01
9.471691e+01
9.471691e+01
9.471691e+01
9.471691e+01
9.471691e+01
9.471691e+01
9.471691e+01
9.471691e+01
9.471691e+01
9.471691e+01
9.471691e+01
9.471691e+01
9.471691e+01
9.471691e+01
9.471691e+01
9.471691e+01
9.471691e+01
9.471691e+01
9.471691e+01
9.471691e+01
9.471691e+01
9.471691e+01
9.471691e+01
9.471691e+01
9.471691e+01
9.471691e+01
9.471691e+01
9.471691e+01
9.471691e+01
9.471691e+01
9.471691e+01
9.471691e+01
9.471691e+01
9.471691e+01
9.471691e+01
9.471691e+01
9.471691e+01
9.471691e+01
9.471691e+01
9.471691e+01
9.471691e+01
9.471691e+01
9.471691e+01
9.471691e+01
9.471691e+01
9.471691e+01
9.471691e+01
9.471691e+01
9.471691e+01
9.471691e+01
9.471691e+01
9.471691e+01
9.471691e+01
9.471691e+01
9.471691e+01
9.471691e+01
9.471691e+01
9.471691e+01
9.471691e+01
9.471691e+01
9.471691e+01
9.471691e+01
9.471691e+01
9.471691e+01
9.471691e+01
9.471691e+01
9.471691e+01
9.471691e+01
9.471691e+01
9.471691e+01
9.471691e+01
9.471691e+01
9.471691e+01
9.471691e+01
9.471691e+01
9.471691e+01
9.471691e+01
9.471691e+01
9.471691e+01
9.471691e+01
9.471691e+01
9.471691e+01
9.471691e+01
9.471691e+01
9.471691e+01
9.471691e+01
9.471691e+01
9.471691e+01
9.471691e+01
9.471691e+01
9.471691e+01
9.471691e+01
9.471691e+01
9.471691e+01
9.471691e+01
9.471691e+01
9.471691e+01
9.471691e+01
9.471691e+01
9.471691e+01
9.471691e+01
9.471691e+01
9.471691e+01
9.471691e+01
9.471691e+01
9.471691e+01
9.471691e+01
9.471691e+01
9.471691e+01
9.471691e+01
9.471691e+01
9.471691e+01
9.471691e+01
9.471691e+01
9.471691e+01
9.471691e+01
9.471691e+01
9.471691e+01
9.471691e+01
9.471691e+01
9.471691e+01
9.471691e+01
9.471691e+01
9.471691e+01
9.471691e+01
9.471691e+01
9.471691e+01
9.471691e+01
9.471691e+01
9.471691e+01
9.471691e+01
9.471691e+01
9.471691e+01
9.471691e+01
9.471691e+01
9.471691e+01
9.471691e+01
9.471691e+01
9.471691e+01
9.471691e+01
9.471691e+01
9.471691e+01
9.471691e+01
9.471691e+01
9.471691e+01
9.471691e+01
9.471691e+01
9.471691e+01
9.471691e+01
9.471691e+01
9.471691e+01
9.471691e+01
9.471691e+01
9.471691e+01
9.471691e+01
9.471691e+01
9.471691e+01
9.471691e+01
9.471691e+01
9.471691e+01
9.471691e+01
9.471691e+01
9.471691e+01
9.471691e+01
9.471691e+01
9.464359e+01
9.464359e+01
9.439907e+01
9.439907e+01
9.439907e+01
9.439907e+01
9.439907e+01
9.439907e+01
9.439907e+01
9.439907e+01
9.439907e+01
9.439907e+01
9.439907e+01
9.439907e+01
9.439907e+01
9.439907e+01
9.439907e+01
9.439907e+01
9.439907e+01
9.439907e+01
9.439907e+01
9.439907e+01
9.439907e+01
9.439907e+01
9.439907e+01
9.439907e+01
9.439907e+01
9.439907e+01
9.439907e+01
9.439907e+01
9.439907e+01
9.439907e+01
9.439907e+01
9.439907e+01
9.439907e+01
9.439907e+01
9.439907e+01
9.439907e+01
9.439907e+01
9.439907e+01
9.439907e+01
9.439907e+01
9.439907e+01
9.439907e+01
9.439907e+01
9.439907e+01
9.439907e+01
9.439907e+01
9.439907e+01
9.439907e+01
9.439907e+01
9.439907e+01
9.439907e+01
9.439907e+01
9.439907e+01
9.439907e+01
9.439907e+01
9.439907e+01
9.439907e+01
9.439907e+01
9.439907e+01
9.439907e+01
9.439907e+01
9.439907e+01
9.439907e+01
9.439907e+01
9.439907e+01
9.439907e+01
9.439907e+01
9.439907e+01
9.439907e+01
9.439907e+01
9.439907e+01
9.439907e+01
9.439907e+01
9.439907e+01
9.439907e+01
9.439907e+01
9.439907e+01
9.439907e+01
9.439907e+01
9.439907e+01
9.439907e+01
9.439907e+01
9.439907e+01
9.439907e+01
9.439907e+01
9.439907e+01
9.439907e+01
9.439907e+01
9.439907e+01
9.439907e+01
9.439907e+01
9.439907e+01
9.439907e+01
9.439907e+01
9.439907e+01
9.439907e+01
9.439907e+01
9.439907e+01
9.439907e+01
9.439907e+01
9.439907e+01
9.439907e+01
9.439907e+01
9.439907e+01
9.439907e+01
9.439907e+01
9.439907e+01
9.439907e+01
9.439907e+01
9.439907e+01
9.439907e+01
9.439907e+01
9.439907e+01
9.439907e+01
9.439907e+01
9.439907e+01
9.439907e+01
9.439907e+01
9.439907e+01
9.439907e+01
9.439907e+01
9.439907e+01
9.439907e+01
9.439907e+01
9.439907e+01
9.439907e+01
9.439907e+01
9.439907e+01
9.439907e+01
9.439907e+01
9.439907e+01
9.439907e+01
9.439907e+01
9.439907e+01
9.439907e+01
9.439907e+01
9.439907e+01
9.439907e+01
9.439907e+01
9.439907e+01
9.439907e+01
9.439907e+01
9.439907e+01
9.439907e+01
9.439907e+01
9.439907e+01
9.439907e+01
9.439907e+01
9.439907e+01
9.439907e+01
9.439907e+01
9.439907e+01
9.439907e+01
9.439907e+01
9.439907e+01
9.439907e+01
9.439907e+01
9.439907e+01
9.439907e+01
9.439907e+01
9.439907e+01
9.439907e+01
9.439907e+01
9.439907e+01
9.439907e+01
9.439907e+01
9.439907e+01
9.439907e+01
9.439907e+01
9.439907e+01
9.439907e+01
9.439907e+01
9.439907e+01
9.439907e+01
9.439907e+01
9.439907e+01
9.439907e+01
9.439907e+01
9.439907e+01
9.439907e+01
9.439907e+01
9.439907e+01
9.439907e+01
9.439907e+01
9.439907e+01
9.439907e+01
9.439907e+01
9.439907e+01
9.439907e+01
9.439907e+01
9.439907e+01
9.439907e+01
9.439907e+01
9.439907e+01
9.439907e+01
9.439907e+01
9.439907e+01
9.439907e+01
9.439907e+01
9.439907e+01
9.439907e+01
9.439907e+01
9.439907e+01
9.439907e+01
9.439907e+01
9.439907e+01
9.439907e+01
9.439907e+01
9.439907e+01
9.439907e+01
9.439907e+01
9.439907e+01
9.439907e+01
9.439907e+01
9.439907e+01
9.439907e+01
9.439907e+01
9.439907e+01
9.439907e+01
9.439907e+01
9.439907e+01
9.439907e+01
9.439907e+01
9.439907e+01
9.439907e+01
9.439907e+01
9.439907e+01
9.439907e+01
9.439907e+01
9.439907e+01
9.439907e+01
9.439907e+01
9.439907e+01
9.439907e+01
9.439907e+01
9.439907e+01
9.439907e+01
9.439907e+01
9.439907e+01
9.439907e+01
9.439907e+01
9.439907e+01
9.439907e+01
9.439907e+01
9.439907e+01
9.439907e+01
9.439907e+01
9.439907e+01
9.439907e+01
9.439907e+01
9.439907e+01
9.439907e+01
9.439907e+01
9.439907e+01
9.439907e+01
9.439907e+01
9.439907e+01
9.439907e+01
9.439907e+01
9.439907e+01
9.439907e+01
9.439907e+01
9.439907e+01
9.439907e+01
9.439907e+01
9.439907e+01
9.439907e+01
9.439907e+01
9.439907e+01
9.439907e+01
9.439907e+01
9.439907e+01
9.439907e+01
9.439907e+01
9.439907e+01
9.439907e+01
9.439907e+01
9.439907e+01
9.439907e+01
9.439907e+01
9.439907e+01
9.439907e+01
9.439907e+01
9.439907e+01
9.439907e+01
9.439907e+01
9.439907e+01
9.439907e+01
9.439907e+01
9.439907e+01
9.439907e+01
9.439907e+01
9.439907e+01
9.439907e+01
9.439907e+01
9.439907e+01
9.439907e+01
9.439907e+01
9.439907e+01
9.439907e+01
9.439907e+01
9.439907e+01
9.439907e+01
9.439907e+01
9.439907e+01
9.439907e+01
9.439907e+01
9.439907e+01
9.439907e+01
9.439907e+01
9.439907e+01
9.439907e+01
9.439907e+01
9.439907e+01
9.439907e+01
9.439907e+01
9.439907e+01
9.439907e+01
9.439907e+01
9.439907e+01
9.439907e+01
9.439907e+01
9.439907e+01
9.439907e+01
9.439907e+01
9.439907e+01
9.439907e+01
9.439907e+01
9.439907e+01
9.439907e+01
9.439907e+01
9.439907e+01
9.439907e+01
9.439907e+01
9.439907e+01
9.439907e+01
9.439907e+01
9.439907e+01
9.439907e+01
9.439907e+01
9.439907e+01
9.439907e+01
9.439907e+01
9.439907e+01
9.439907e+01
9.439907e+01
9.439907e+01
9.439907e+01
9.439907e+01
9.439907e+01
9.439907e+01
9.439907e+01
9.439907e+01
9.439907e+01
9.439907e+01
9.439907e+01
9.439907e+01
9.439907e+01
9.439907e+01
9.439907e+01
9.439907e+01
9.439907e+01
9.439907e+01
9.439907e+01
9.439907e+01
9.439907e+01
9.439907e+01
9.439907e+01
9.439907e+01
9.439907e+01
9.439907e+01
9.439907e+01
9.439907e+01
9.439907e+01
9.439907e+01
9.439907e+01
9.439907e+01
9.439907e+01
9.439907e+01
9.439907e+01
9.439907e+01
9.439907e+01
9.439907e+01
9.439907e+01
9.439907e+01
9.439907e+01
9.439907e+01
9.439907e+01
9.439907e+01
9.439907e+01
9.439907e+01
9.439907e+01
9.439907e+01
9.439907e+01
9.439907e+01
9.439907e+01
9.439907e+01
9.439907e+01
9.439907e+01
9.439907e+01
9.439907e+01
9.439907e+01
9.439907e+01
9.439907e+01
9.439907e+01
9.439907e+01
9.439907e+01
9.439907e+01
9.439907e+01
9.439907e+01
9.439907e+01
9.439907e+01
9.439907e+01
9.439907e+01
9.439907e+01
9.439907e+01
9.439907e+01
9.439907e+01
9.439907e+01
9.439907e+01
9.439907e+01
9.439907e+01
9.439907e+01
9.439907e+01
9.439907e+01
9.439907e+01
9.439907e+01
9.439907e+01
9.439907e+01
9.439907e+01
9.439907e+01
9.439907e+01
9.439907e+01
9.439907e+01
9.439907e+01
9.439907e+01
9.439907e+01
9.439907e+01
9.439907e+01
9.439907e+01
9.439907e+01
9.439907e+01
9.439907e+01
9.439907e+01
9.439907e+01
9.439907e+01
9.439907e+01
9.439907e+01
9.439907e+01
9.439907e+01
9.439907e+01
9.439907e+01
9.439907e+01
9.439907e+01
9.439907e+01
9.439907e+01
9.439907e+01
9.439907e+01
9.439907e+01
9.439907e+01
9.439907e+01
9.439907e+01
9.439907e+01
9.425825e+01
9.425825e+01
9.425825e+01
9.425825e+01
9.425825e+01
9.425825e+01
9.425825e+01
9.425825e+01
9.425825e+01
9.425825e+01
9.425825e+01
9.425825e+01
9.425825e+01
9.425825e+01
9.425825e+01
9.425825e+01
9.425825e+01
9.425825e+01
9.425825e+01
9.425825e+01
9.425825e+01
9.425825e+01
9.425825e+01
9.425825e+01
9.425825e+01
9.425825e+01
9.425825e+01
9.425825e+01
9.425825e+01
9.425825e+01
9.425825e+01
9.425825e+01
9.425825e+01
9.425825e+01
9.425825e+01
9.425825e+01
9.425825e+01
9.425825e+01
9.425825e+01
9.425825e+01
9.425825e+01
9.425825e+01
9.425825e+01
9.425825e+01
9.425825e+01
9.425825e+01
9.425825e+01
9.425825e+01
9.425825e+01
9.425825e+01
9.425825e+01
9.425825e+01
9.425825e+01
9.425825e+01
9.425825e+01
9.425825e+01
9.425825e+01
9.425825e+01
9.425825e+01
9.425825e+01
9.425825e+01
9.425825e+01
9.425825e+01
9.425825e+01
9.425825e+01
9.425825e+01
9.425825e+01
9.425825e+01
9.425825e+01
9.425825e+01
9.425825e+01
9.425825e+01
9.425825e+01
9.425825e+01
9.425825e+01
9.425825e+01
9.425825e+01
9.425825e+01
9.425825e+01
9.425825e+01
9.425825e+01
9.425825e+01
9.425825e+01
9.425825e+01
9.425825e+01
9.425825e+01
9.425825e+01
9.425825e+01
9.425825e+01
9.425825e+01
9.425825e+01
9.425825e+01
9.425825e+01
9.425825e+01
9.425825e+01
9.425825e+01
9.425825e+01
9.425825e+01
9.425825e+01
9.425825e+01
9.425825e+01
9.425825e+01
9.425825e+01
9.425825e+01
9.425825e+01
9.425825e+01
9.425825e+01
9.425825e+01
9.425825e+01
9.425825e+01
9.425825e+01
9.425825e+01
9.425825e+01
9.425825e+01
9.425825e+01
9.425825e+01
9.425825e+01
9.425825e+01
9.425825e+01
9.425825e+01
9.425825e+01
9.425825e+01
9.425825e+01
9.425825e+01
9.425825e+01
9.425825e+01
9.425825e+01
9.425825e+01
9.425825e+01
9.425825e+01
9.425825e+01
9.425825e+01
9.425825e+01
9.425825e+01
9.425825e+01
9.425825e+01
9.425825e+01
9.425825e+01
9.425825e+01
9.425825e+01
9.425825e+01
9.425825e+01
9.425825e+01
9.425825e+01
9.425825e+01
9.425825e+01
9.425825e+01
9.425825e+01
9.425825e+01
9.425825e+01
9.425825e+01
9.425825e+01
9.425825e+01
9.425825e+01
9.425825e+01
9.425825e+01
9.425825e+01
9.425825e+01
9.425825e+01
9.425825e+01
9.425825e+01
9.425825e+01
9.425825e+01
9.425825e+01
9.425825e+01
9.425825e+01
9.425825e+01
9.425825e+01
9.425825e+01
9.425825e+01
9.425825e+01
9.425825e+01
9.425825e+01
9.425825e+01
9.425825e+01
9.425825e+01
9.425825e+01
9.425825e+01
9.425825e+01
9.425825e+01
9.425825e+01
9.425825e+01
9.425825e+01
9.425825e+01
9.425825e+01
9.425825e+01
9.425825e+01
9.425825e+01
9.425825e+01
9.425825e+01
9.425825e+01
9.425825e+01
9.425825e+01
9.425825e+01
9.425825e+01
9.425825e+01
9.425825e+01
9.425825e+01
9.425825e+01
9.425825e+01
9.425825e+01
9.425825e+01
9.425825e+01
9.425825e+01
9.425825e+01
9.425825e+01
9.425825e+01
9.425825e+01
9.425825e+01
9.425825e+01
9.425825e+01
9.425825e+01
9.425825e+01
9.425825e+01
9.425825e+01
9.425825e+01
9.425825e+01
9.425825e+01
9.425825e+01
9.425825e+01
9.425825e+01
9.425825e+01
9.425825e+01
9.425825e+01
9.425825e+01
9.425825e+01
9.425825e+01
9.425825e+01
9.425825e+01
9.425825e+01
9.425825e+01
9.425825e+01
9.425825e+01
9.425825e+01
9.425825e+01
9.425825e+01
9.425825e+01
9.425825e+01
9.425825e+01
9.425825e+01
9.425825e+01
9.425825e+01
9.425825e+01
9.425825e+01
9.425825e+01
9.425825e+01
9.425825e+01
9.425825e+01
9.425825e+01
9.425825e+01
9.425825e+01
9.425825e+01
9.425825e+01
9.425825e+01
9.425825e+01
9.425825e+01
9.425825e+01
9.425825e+01
9.425825e+01
9.425825e+01
9.425825e+01
9.425825e+01
9.425825e+01
9.425825e+01
9.425825e+01
9.425825e+01
9.425825e+01
9.425825e+01
9.425825e+01
9.425825e+01
9.425825e+01
9.425825e+01
9.425825e+01
9.425825e+01
9.425825e+01
9.425825e+01
9.425825e+01
9.425825e+01
9.425825e+01
9.425825e+01
9.425825e+01
9.425825e+01
9.425825e+01
9.425825e+01
9.425825e+01
9.425825e+01
9.425825e+01
9.425825e+01
9.425825e+01
9.425825e+01
9.425825e+01
9.425825e+01
9.425825e+01
9.425825e+01
9.425825e+01
9.425825e+01
9.425825e+01
9.425825e+01
9.425825e+01
9.425825e+01
9.425825e+01
9.425825e+01
9.425825e+01
9.425825e+01
9.425825e+01
9.425825e+01
9.425825e+01
9.425825e+01
9.425825e+01
9.425825e+01
9.425825e+01
9.425825e+01
9.425825e+01
9.425825e+01
9.425825e+01
9.425825e+01
9.425825e+01
9.425825e+01
9.425825e+01
9.425825e+01
9.425825e+01
9.425825e+01
9.425825e+01
9.425825e+01
9.425825e+01
9.425825e+01
9.425825e+01
9.425825e+01
9.425825e+01
9.425825e+01
9.425825e+01
9.425825e+01
9.425825e+01
9.425825e+01
9.425825e+01
9.425825e+01
9.425825e+01
9.425825e+01
9.425825e+01
9.425825e+01
9.425825e+01
9.425825e+01
9.425825e+01
9.425825e+01
9.425825e+01
9.425825e+01
9.425825e+01
9.425825e+01
9.425825e+01
9.425825e+01
9.425825e+01
9.425825e+01
9.425825e+01
9.425825e+01
9.425825e+01
9.425825e+01
9.425825e+01
9.425825e+01
9.425825e+01
9.425825e+01
9.425825e+01
9.425825e+01
9.425825e+01
9.425825e+01
9.425825e+01
9.425825e+01
9.425825e+01
9.425825e+01
9.425825e+01
9.425825e+01
9.425825e+01
9.425825e+01
9.425825e+01
9.425825e+01
9.425825e+01
9.425825e+01
9.425825e+01
9.425825e+01
9.425825e+01
9.425825e+01
9.425825e+01
9.425825e+01
9.425825e+01
9.425825e+01
9.425825e+01
9.425825e+01
9.425825e+01
9.425825e+01
9.425825e+01
9.425825e+01
9.425825e+01
9.425825e+01
9.425825e+01
9.425825e+01
9.425825e+01
9.425825e+01
9.425825e+01
9.425825e+01
9.425825e+01
9.425825e+01
9.425825e+01
9.425825e+01
9.425825e+01
9.425825e+01
9.425825e+01
9.425825e+01
9.425825e+01
9.425825e+01
9.425825e+01
9.425825e+01
9.425825e+01
9.425825e+01
9.425825e+01
9.425825e+01
9.425825e+01
9.425825e+01
9.425825e+01
9.425825e+01
9.425825e+01
9.425825e+01
9.425825e+01
9.425825e+01
9.425825e+01
9.425825e+01
9.425825e+01
9.425825e+01
9.425825e+01
9.425825e+01
9.425825e+01
9.425825e+01
9.425825e+01
9.425825e+01
9.425825e+01
9.425825e+01
9.425825e+01
9.425825e+01
9.425825e+01
9.425825e+01
9.425825e+01
9.425825e+01
9.425825e+01
9.425825e+01
9.425825e+01
9.425825e+01
9.425825e+01
9.425825e+01
9.425825e+01
9.425825e+01
9.425825e+01
9.425825e+01
9.425825e+01
9.425825e+01
9.425825e+01
9.425825e+01
9.425825e+01
9.425825e+01
9.425825e+01
9.425825e+01
9.425825e+01
9.425825e+01
9.425825e+01
9.425825e+01
9.425825e+01
9.425825e+01
9.425825e+01
9.425825e+01
9.425825e+01
9.425825e+01
9.425825e+01
9.425825e+01
9.425825e+01
9.425825e+01
9.425825e+01
9.425825e+01
9.425825e+01
9.425825e+01
9.425825e+01
9.425825e+01
9.425825e+01
9.425825e+01
9.425825e+01
9.425825e+01
9.425825e+01
9.425825e+01
9.425825e+01
9.425825e+01
9.425825e+01
9.425825e+01
9.425825e+01
9.425825e+01
9.425825e+01
9.425825e+01
9.425825e+01
9.425825e+01
9.425825e+01
9.425825e+01
9.425825e+01
9.425825e+01
9.425825e+01
9.425825e+01
9.425825e+01
9.425825e+01
9.425825e+01
9.425825e+01
9.425825e+01
9.425825e+01
9.425825e+01
9.425825e+01
9.425825e+01
9.425825e+01
9.425825e+01
9.425825e+01
9.425825e+01
9.425825e+01
9.425825e+01
9.425825e+01
9.425825e+01
9.425825e+01
9.425825e+01
9.425825e+01
9.425825e+01
9.425825e+01
9.425825e+01
9.425825e+01
9.425825e+01
9.425825e+01
9.425825e+01
9.425825e+01
9.425825e+01
9.425825e+01
9.425825e+01
9.425825e+01
9.425825e+01
9.425825e+01
9.425825e+01
9.425825e+01
9.425825e+01
9.425825e+01
9.425825e+01
9.425825e+01
9.425825e+01
9.425825e+01
9.425825e+01
9.425825e+01
9.425825e+01
9.425825e+01
9.425825e+01
9.425825e+01
9.425825e+01
9.425825e+01
9.425825e+01
9.425825e+01
9.425825e+01
9.425825e+01
9.425825e+01
9.425825e+01
9.425825e+01
9.425825e+01
9.425825e+01
9.425825e+01
9.425825e+01
9.425825e+01
9.425825e+01
9.425825e+01
9.425825e+01
9.425825e+01
9.425825e+01
9.425825e+01
9.425825e+01
9.425825e+01
9.425825e+01
9.425825e+01
9.425825e+01
9.425825e+01
9.425825e+01
9.425825e+01
9.425825e+01
9.425825e+01
9.425825e+01
9.425825e+01
9.425825e+01
9.425825e+01
9.425825e+01
9.425825e+01
9.425825e+01
9.425825e+01
9.425825e+01
9.425825e+01
9.425825e+01
9.425825e+01
9.425825e+01
9.425825e+01
9.425825e+01
9.425825e+01
9.425825e+01
9.425825e+01
9.425825e+01
9.425825e+01
9.425825e+01
9.425825e+01
9.425825e+01
9.425825e+01
9.425825e+01
9.425825e+01
9.425825e+01
9.425825e+01
9.425825e+01
9.425825e+01
9.357756e+01
9.357756e+01
9.357756e+01
9.357756e+01
9.357756e+01
9.357756e+01
9.357756e+01
9.357756e+01
9.357756e+01
9.357756e+01
9.357756e+01
9.357756e+01
9.357756e+01
9.357756e+01
9.357756e+01
9.357756e+01
9.357756e+01
9.357756e+01
9.357756e+01
9.357756e+01
9.357756e+01
9.357756e+01
9.357756e+01
9.357756e+01
9.357756e+01
9.357756e+01
9.357756e+01
9.357756e+01
9.357756e+01
9.357756e+01
9.357756e+01
9.357756e+01
9.357756e+01
9.357756e+01
9.357756e+01
9.357756e+01
9.357756e+01
9.357756e+01
9.357756e+01
9.357756e+01
9.357756e+01
9.357756e+01
9.357756e+01
9.357756e+01
9.357756e+01
9.357756e+01
9.357756e+01
9.357756e+01
9.357756e+01
9.357756e+01
9.357756e+01
9.357756e+01
9.357756e+01
9.357756e+01
9.357756e+01
9.357756e+01
9.357756e+01
9.357756e+01
9.357756e+01
9.357756e+01
9.357756e+01
9.357756e+01
9.357756e+01
9.357756e+01
9.357756e+01
9.357756e+01
9.357756e+01
9.357756e+01
9.357756e+01
9.357756e+01
9.357756e+01
9.357756e+01
9.357756e+01
9.357756e+01
9.357756e+01
9.357756e+01
9.357756e+01
9.357756e+01
9.357756e+01
9.357756e+01
9.357756e+01
9.357756e+01
9.357756e+01
9.357756e+01
9.357756e+01
9.357756e+01
9.357756e+01
9.357756e+01
9.357756e+01
9.357756e+01
9.357756e+01
9.357756e+01
9.357756e+01
9.357756e+01
9.357756e+01
9.357756e+01
9.357756e+01
9.357756e+01
9.357756e+01
9.357756e+01
9.357756e+01
9.357756e+01
9.357756e+01
9.357756e+01
9.357756e+01
9.357756e+01
9.357756e+01
9.357756e+01
9.357756e+01
9.357756e+01
9.357756e+01
9.357756e+01
9.357756e+01
9.357756e+01
9.357756e+01
9.357756e+01
9.357756e+01
9.357756e+01
9.357756e+01
9.357756e+01
9.357756e+01
9.357756e+01
9.357756e+01
9.357756e+01
9.357756e+01
9.357756e+01
9.357756e+01
9.357756e+01
9.357756e+01
9.357756e+01
9.357756e+01
9.357756e+01
9.357756e+01
9.357756e+01
9.357756e+01
9.357756e+01
9.357756e+01
9.357756e+01
9.357756e+01
9.357756e+01
9.357756e+01
9.357756e+01
9.357756e+01
9.357756e+01
9.357756e+01
9.357756e+01
9.357756e+01
9.357756e+01
9.357756e+01
9.357756e+01
9.357756e+01
9.357756e+01
9.357756e+01
9.357756e+01
9.357756e+01
9.357756e+01
9.357756e+01
9.357756e+01
9.357756e+01
9.357756e+01
9.357756e+01
9.357756e+01
9.357756e+01
9.357756e+01
9.357756e+01
9.357756e+01
9.357756e+01
9.357756e+01
9.357756e+01
9.357756e+01
9.357756e+01
9.357756e+01
9.357756e+01
9.357756e+01
9.357756e+01
9.357756e+01
9.357756e+01
9.357756e+01
9.357756e+01
9.357756e+01
9.357756e+01
9.357756e+01
9.357756e+01
9.357756e+01
9.357756e+01
9.357756e+01
9.357756e+01
9.357756e+01
9.357756e+01
9.357756e+01
9.357756e+01
9.357756e+01
9.357756e+01
9.357756e+01
9.357756e+01
9.357756e+01
9.357756e+01
9.357756e+01
9.357756e+01
9.357756e+01
9.357756e+01
9.357756e+01
9.357756e+01
9.357756e+01
9.357756e+01
9.357756e+01
9.357756e+01
9.357756e+01
9.357756e+01
9.357756e+01
9.357756e+01
9.357756e+01
9.357756e+01
9.357756e+01
9.357756e+01
9.357756e+01
9.357756e+01
9.357756e+01
9.357756e+01
9.357756e+01
9.357756e+01
9.357756e+01
9.357756e+01
9.357756e+01
9.357756e+01
9.357756e+01
9.357756e+01
9.357756e+01
9.357756e+01
9.357756e+01
9.357756e+01
9.357756e+01
9.357756e+01
9.357756e+01
9.357756e+01
9.357756e+01
9.357756e+01
9.357756e+01
9.357756e+01
9.357756e+01
9.357756e+01
9.357756e+01
9.357756e+01
9.357756e+01
9.357756e+01
9.357756e+01
9.357756e+01
9.357756e+01
9.357756e+01
9.357756e+01
9.357756e+01
9.357756e+01
9.357756e+01
9.357756e+01
9.357756e+01
9.357756e+01
9.357756e+01
9.357756e+01
9.357756e+01
9.357756e+01
9.357756e+01
9.357756e+01
9.357756e+01
9.357756e+01
9.357756e+01
9.357756e+01
9.357756e+01
9.357756e+01
9.357756e+01
9.357756e+01
9.357756e+01
9.357756e+01
9.357756e+01
9.357756e+01
9.357756e+01
9.357756e+01
9.357756e+01
9.357756e+01
9.357756e+01
9.357756e+01
9.357756e+01
9.357756e+01
9.357756e+01
9.357756e+01
9.357756e+01
9.357756e+01
9.357756e+01
9.357756e+01
9.357756e+01
9.357756e+01
9.357756e+01
9.357756e+01
9.357756e+01
9.357756e+01
9.357756e+01
9.357756e+01
9.357756e+01
9.357756e+01
9.357756e+01
9.357756e+01
9.357756e+01
9.357756e+01
9.357756e+01
9.357756e+01
9.357756e+01
9.357756e+01
9.357756e+01
9.357756e+01
9.357756e+01
9.357756e+01
9.357756e+01
9.357756e+01
9.357756e+01
9.357756e+01
9.357756e+01
9.357756e+01
9.357756e+01
9.357756e+01
9.357756e+01
9.357756e+01
9.357756e+01
9.357756e+01
9.357756e+01
9.357756e+01
9.357756e+01
9.357756e+01
9.357756e+01
9.357756e+01
9.357756e+01
9.357756e+01
9.357756e+01
9.357756e+01
9.357756e+01
9.357756e+01
9.357756e+01
9.357756e+01
9.357756e+01
9.357756e+01
9.357756e+01
9.357756e+01
9.357756e+01
9.357756e+01
9.357756e+01
9.357756e+01
9.357756e+01
9.357756e+01
9.357756e+01
9.357756e+01
9.357756e+01
9.357756e+01
9.357756e+01
9.357756e+01
9.357756e+01
9.357756e+01
9.357756e+01
9.357756e+01
9.357756e+01
9.357756e+01
9.357756e+01
9.357756e+01
9.357756e+01
9.357756e+01
9.357756e+01
9.357756e+01
9.357756e+01
9.357756e+01
9.357756e+01
9.357756e+01
9.357756e+01
9.357756e+01
9.357756e+01
9.357756e+01
9.357756e+01
9.357756e+01
9.357756e+01
9.357756e+01
9.357756e+01
9.357756e+01
9.357756e+01
9.357756e+01
9.357756e+01
9.357756e+01
9.357756e+01
9.357756e+01
9.357756e+01
9.357756e+01
9.357756e+01
9.357756e+01
9.357756e+01
9.357756e+01
9.357756e+01
9.357756e+01
9.357756e+01
9.357756e+01
9.357756e+01
9.357756e+01
9.357756e+01
9.357756e+01
9.357756e+01
9.357756e+01
9.357756e+01
9.357756e+01
9.357756e+01
9.357756e+01
9.357756e+01
9.357756e+01
9.357756e+01
9.357756e+01
9.357756e+01
9.357756e+01
9.357756e+01
9.357756e+01
9.357756e+01
9.357756e+01
9.357756e+01
9.357756e+01
9.357756e+01
9.357756e+01
9.357756e+01
9.357756e+01
9.357756e+01
9.357756e+01
9.357756e+01
9.357756e+01
9.357756e+01
9.357756e+01
9.357756e+01
9.357756e+01
9.357756e+01
9.357756e+01
9.357756e+01
9.357756e+01
9.357756e+01
9.357756e+01
9.357756e+01
9.357756e+01
9.357756e+01
9.357756e+01
9.357756e+01
9.357756e+01
9.357756e+01
9.357756e+01
9.357756e+01
9.357756e+01
9.357756e+01
9.357756e+01
9.357756e+01
9.357756e+01
9.357756e+01
9.357756e+01
9.357756e+01
9.357756e+01
9.357756e+01
9.357756e+01
9.357756e+01
9.357756e+01
9.357756e+01
9.357756e+01
9.357756e+01
9.357756e+01
9.357756e+01
9.357756e+01
9.357756e+01
9.357756e+01
9.357756e+01
9.357756e+01
9.357756e+01
9.357756e+01
9.357756e+01
9.357756e+01
9.357756e+01
9.357756e+01
9.357756e+01
9.357756e+01
9.357756e+01
9.357756e+01
9.357756e+01
9.357756e+01
9.357756e+01
9.357756e+01
9.357756e+01
9.357756e+01
9.357756e+01
9.357756e+01
9.357756e+01
9.357756e+01
9.357756e+01
9.357756e+01
9.357756e+01
9.357756e+01
9.357756e+01
9.357756e+01
9.357756e+01
9.357756e+01
9.357756e+01
9.357756e+01
9.357756e+01
9.357756e+01
9.357756e+01
9.357756e+01
9.357756e+01
9.357756e+01
9.357756e+01
9.357756e+01
9.357756e+01
9.357756e+01
9.357756e+01
9.357756e+01
9.357756e+01
9.357756e+01
9.357756e+01
9.357756e+01
9.357756e+01
9.357756e+01
9.357756e+01
9.357756e+01
9.357756e+01
9.357756e+01
9.357756e+01
9.357756e+01
9.357756e+01
9.357756e+01
9.357756e+01
9.357756e+01
9.357756e+01
9.357756e+01
9.357756e+01
9.357756e+01
9.357756e+01
9.357756e+01
9.357756e+01
9.357756e+01
9.357756e+01
9.357756e+01
9.357756e+01
9.357756e+01
9.357756e+01
9.357756e+01
9.357756e+01
9.357756e+01
9.357756e+01
9.357756e+01
9.357756e+01
9.357756e+01
9.357756e+01
9.357756e+01
9.357756e+01
9.357756e+01
9.357756e+01
9.357756e+01
9.357756e+01
9.357756e+01
9.357756e+01
9.357756e+01
9.357756e+01
9.357756e+01
9.357756e+01
9.357756e+01
9.357756e+01
9.357756e+01
9.357756e+01
9.357756e+01
9.357756e+01
9.357756e+01
9.357756e+01
9.357756e+01
9.357756e+01
9.357756e+01
9.357756e+01
9.357756e+01
9.357756e+01
9.357756e+01
9.357756e+01
9.357756e+01
9.357756e+01
9.357756e+01
9.357756e+01
9.357756e+01
9.357756e+01
9.357756e+01
9.357756e+01
9.357756e+01
9.357756e+01
9.357756e+01
9.357756e+01
9.357756e+01
9.357756e+01
9.357756e+01
9.357756e+01
9.357756e+01
9.357756e+01
9.357756e+01
9.357756e+01
9.357756e+01
9.357756e+01
9.357756e+01
9.357756e+01
9.357756e+01
9.357756e+01
9.357756e+01
9.357756e+01
9.357756e+01
9.357756e+01
9.357756e+01
9.357756e+01
9.357756e+01
9.357756e+01
9.357756e+01
9.357756e+01
9.357756e+01
9.357756e+01
9.357756e+01
9.357756e+01
9.357756e+01
9.357756e+01
9.357756e+01
9.357756e+01
9.357756e+01
9.357756e+01
9.357756e+01
9.357756e+01
9.357756e+01
9.357756e+01
9.357756e+01
9.357756e+01
9.357756e+01
9.357756e+01
9.357756e+01
9.357756e+01
9.357756e+01
9.357756e+01
9.357756e+01
9.357756e+01
9.357756e+01
9.357756e+01
9.357756e+01
9.357756e+01
9.357756e+01
9.357756e+01
9.357756e+01
9.357756e+01
9.357756e+01
9.357756e+01
9.357756e+01
9.357756e+01
9.357756e+01
9.357756e+01
9.357756e+01
9.357756e+01
9.357756e+01
9.357756e+01
9.357756e+01
9.357756e+01
9.357756e+01
9.357756e+01
9.357756e+01
9.357756e+01
9.357756e+01
9.357756e+01
9.357756e+01
9.357756e+01
9.357756e+01
9.357756e+01
9.357756e+01
9.357756e+01
9.357756e+01
9.357756e+01
9.357756e+01
9.357756e+01
9.357756e+01
9.357756e+01
9.357756e+01
9.357756e+01
9.357756e+01
9.357756e+01
9.357756e+01
9.357756e+01
9.357756e+01
9.357756e+01
9.357756e+01
9.357756e+01
9.357756e+01
9.357756e+01
9.357756e+01
9.357756e+01
9.357756e+01
9.357756e+01
9.357756e+01
9.357756e+01
9.357756e+01
9.357756e+01
9.357756e+01
9.357756e+01
9.357756e+01
9.357756e+01
9.357756e+01
9.357756e+01
9.357756e+01
9.357756e+01
9.357756e+01
9.357756e+01
9.357756e+01
9.357756e+01
9.357756e+01
9.357756e+01
9.357756e+01
9.357756e+01
9.357756e+01
9.357756e+01
9.357756e+01
9.357756e+01
9.357756e+01
9.357756e+01
9.357756e+01
9.357756e+01
9.357756e+01
9.357756e+01
9.357756e+01
9.357756e+01
9.357756e+01
9.357756e+01
9.357756e+01
9.357756e+01
9.357756e+01
9.357756e+01
9.357756e+01
9.357756e+01
9.357756e+01
9.357756e+01
9.357756e+01
9.357756e+01
9.357756e+01
9.357756e+01
9.357756e+01
9.357756e+01
9.357756e+01
9.357756e+01
9.357756e+01
9.357756e+01
9.357756e+01
9.357756e+01
9.357756e+01
9.357756e+01
9.357756e+01
9.357756e+01
9.357756e+01
9.357756e+01
9.357756e+01
9.357756e+01
9.357756e+01
9.357756e+01
9.357756e+01
9.357756e+01
9.357756e+01
9.357756e+01
9.357756e+01
9.357756e+01
9.357756e+01
9.357756e+01
9.357756e+01
9.357756e+01
9.357756e+01
9.357756e+01
9.357756e+01
9.357756e+01
9.357756e+01
9.357756e+01
9.357756e+01
9.357756e+01
9.357756e+01
9.357756e+01
9.357756e+01
9.357756e+01
9.357756e+01
9.357756e+01
9.357756e+01
9.357756e+01
9.357756e+01
9.357756e+01
9.357756e+01
9.357756e+01
9.357756e+01
9.357756e+01
9.357756e+01
9.357756e+01
9.357756e+01
9.357756e+01
9.357756e+01
9.357756e+01
9.357756e+01
9.357756e+01
9.357756e+01
9.357756e+01
9.357756e+01
9.357756e+01
9.357756e+01
9.357756e+01
9.357756e+01
9.357756e+01
9.357756e+01
9.357756e+01
9.357756e+01
9.357756e+01
9.357756e+01
9.357756e+01
9.357756e+01
9.357756e+01
9.357756e+01
9.357756e+01
9.357756e+01
9.357756e+01
9.357756e+01
9.357756e+01
9.357756e+01
9.357756e+01
9.357756e+01
9.357756e+01
9.357756e+01
9.357756e+01
9.357756e+01
9.357756e+01
9.357756e+01
9.357756e+01
9.357756e+01
9.357756e+01
9.357756e+01
9.357756e+01
9.357756e+01
9.357756e+01
9.357756e+01
9.357756e+01
9.357756e+01
9.357756e+01
9.357756e+01
9.357756e+01
9.357756e+01
9.357756e+01
9.357756e+01
9.357756e+01
9.357756e+01
9.357756e+01
9.357756e+01
9.357756e+01
9.357756e+01
9.357756e+01
9.357756e+01
9.357756e+01
9.357756e+01
9.357756e+01
9.357756e+01
9.357756e+01
9.357756e+01
9.357756e+01
9.357756e+01
9.357756e+01
9.357756e+01
9.357756e+01
9.357756e+01
9.357756e+01
9.357756e+01
9.357756e+01
9.357756e+01
9.357756e+01
9.357756e+01
9.357756e+01
9.357756e+01
9.357756e+01
9.357756e+01
9.357756e+01
9.357756e+01
9.357756e+01
9.357756e+01
9.357756e+01
9.357756e+01
9.357756e+01
9.357756e+01
9.357756e+01
9.357756e+01
9.357756e+01
9.357756e+01
9.357756e+01
9.357756e+01
9.357756e+01
9.357756e+01
9.357756e+01
9.357756e+01
9.357756e+01
9.357756e+01
9.357756e+01
9.357756e+01
9.357756e+01
9.357756e+01
9.357756e+01
9.357756e+01
9.357756e+01
9.357756e+01
9.357756e+01
9.357756e+01
9.357756e+01
9.357756e+01
9.357756e+01
9.357756e+01
9.357756e+01
9.357756e+01
9.357756e+01
9.357756e+01
9.357756e+01
9.357756e+01
9.357756e+01
9.357756e+01
9.357756e+01
9.357756e+01
9.357756e+01
9.357756e+01
9.357756e+01
9.357756e+01
9.357756e+01
9.357756e+01
9.357756e+01
9.357756e+01
9.357756e+01
9.357756e+01
9.357756e+01
9.357756e+01
9.357756e+01
9.357756e+01
9.357756e+01
9.357756e+01
9.357756e+01
9.357756e+01
9.357756e+01
9.357756e+01
9.357756e+01
9.357756e+01
9.357756e+01
9.357756e+01
9.357756e+01
9.357756e+01
9.357756e+01
9.357756e+01
9.357756e+01
9.357756e+01
9.357756e+01
9.357756e+01
9.357756e+01
9.357756e+01
9.357756e+01
9.357756e+01
9.357756e+01
9.357756e+01
9.357756e+01
9.357756e+01
9.357756e+01
9.357756e+01
9.357756e+01
9.357756e+01
9.357756e+01
9.357756e+01
9.357756e+01
9.357756e+01
9.357756e+01
9.357756e+01
9.357756e+01
9.357756e+01
9.357756e+01
9.357756e+01
9.357756e+01
9.357756e+01
9.357756e+01
9.357756e+01
9.357756e+01
9.357756e+01
9.357756e+01
9.357756e+01
9.357756e+01
9.357756e+01
9.357756e+01
9.357756e+01
9.357756e+01
9.357756e+01
9.357756e+01
9.357756e+01
9.357756e+01
9.357756e+01
9.357756e+01
9.357756e+01
9.357756e+01
9.357756e+01
9.357756e+01
9.357756e+01
9.357756e+01
9.357756e+01
9.357756e+01
9.357756e+01
9.357756e+01
9.357756e+01
9.357756e+01
9.357756e+01
9.357756e+01
9.357756e+01
9.357756e+01
9.357756e+01
9.357756e+01
9.357756e+01
9.357756e+01
9.357756e+01
9.357756e+01
9.357756e+01
9.357756e+01
9.357756e+01
9.357756e+01
9.357756e+01
9.357756e+01
9.357756e+01
9.357756e+01
9.357756e+01
9.357756e+01
9.357756e+01
9.357756e+01
9.357756e+01
9.357756e+01
9.357756e+01
9.357756e+01
9.357756e+01
9.357756e+01
9.357756e+01
9.357756e+01
9.357756e+01
9.357756e+01
9.357756e+01
9.357756e+01
9.357756e+01
9.357756e+01
9.357756e+01
9.357756e+01
9.357756e+01
9.357756e+01
9.357756e+01
9.357756e+01
9.357756e+01
9.357756e+01
9.357756e+01
9.357756e+01
9.357756e+01
9.357756e+01
9.357756e+01
9.357756e+01
9.357756e+01
9.357756e+01
9.357756e+01
9.357756e+01
9.357756e+01
9.357756e+01
9.357756e+01
9.357756e+01
9.357756e+01
9.357756e+01
9.357756e+01
9.357756e+01
9.357756e+01
9.357756e+01
9.357756e+01
9.357756e+01
9.357756e+01
9.357756e+01
9.357756e+01
9.357756e+01
9.357756e+01
9.357756e+01
9.357756e+01
9.357756e+01
9.357756e+01
9.357756e+01
9.357756e+01
9.357756e+01
9.357756e+01
9.357756e+01
9.357756e+01
9.357756e+01
9.357756e+01
9.357756e+01
9.357756e+01
9.357756e+01
9.357756e+01
9.357756e+01
9.357756e+01
9.357756e+01
9.357756e+01
9.357756e+01
9.357756e+01
9.357756e+01
9.357756e+01
9.357756e+01
9.357756e+01
9.357756e+01
9.357756e+01
9.357756e+01
9.357756e+01
9.357756e+01
9.357756e+01
9.357756e+01
9.357756e+01
9.357756e+01
9.357756e+01
9.357756e+01
9.357756e+01
9.357756e+01
9.357756e+01
9.357756e+01
9.357756e+01
9.357756e+01
9.357756e+01
9.357756e+01
9.357756e+01
9.357756e+01
9.357756e+01
9.357756e+01
9.357756e+01
9.357756e+01
9.357756e+01
9.357756e+01
9.357756e+01
9.357756e+01
9.357756e+01
9.357756e+01
9.357756e+01
9.357756e+01
9.357756e+01
9.357756e+01
9.357756e+01
9.357756e+01
9.357756e+01
9.357756e+01
9.357756e+01
9.357756e+01
9.357756e+01
9.357756e+01
9.357756e+01
9.357756e+01
9.357756e+01
9.357756e+01
9.357756e+01
9.357756e+01
9.357756e+01
9.357756e+01
9.357756e+01
9.357756e+01
9.357756e+01
9.357756e+01
9.357756e+01
9.357756e+01
9.357756e+01
9.357756e+01
9.357756e+01
9.357756e+01
9.357756e+01
9.357756e+01
9.357756e+01
9.357756e+01
9.357756e+01
9.357756e+01
9.357756e+01
9.357756e+01
9.357756e+01
9.357756e+01
9.357756e+01
9.357756e+01
9.357756e+01
9.357756e+01
9.357756e+01
9.357756e+01
9.357756e+01
9.357756e+01
9.357756e+01
9.357756e+01
9.357756e+01
9.357756e+01
9.357756e+01
9.357756e+01
9.357756e+01
9.357756e+01
9.357756e+01
9.357756e+01
9.357756e+01
9.357756e+01
9.357756e+01
9.357756e+01
9.357756e+01
9.357756e+01
9.357756e+01
9.357756e+01
9.357756e+01
9.357756e+01
9.357756e+01
9.357756e+01
9.357756e+01
9.357756e+01
9.357756e+01
9.357756e+01
9.357756e+01
9.357756e+01
9.357756e+01
9.357756e+01
9.357756e+01
9.357756e+01
9.357756e+01
9.357756e+01
9.357756e+01
9.357756e+01
9.357756e+01
9.357756e+01
9.357756e+01
9.357756e+01
9.357756e+01
9.357756e+01
9.357756e+01
9.357756e+01
9.357756e+01
9.357756e+01
9.357756e+01
9.357756e+01
9.357756e+01
9.357756e+01
9.357756e+01
9.357756e+01
9.357756e+01
9.357756e+01
9.357756e+01
9.357756e+01
9.357756e+01
9.357756e+01
9.357756e+01
9.357756e+01
9.357756e+01
9.357756e+01
9.357756e+01
9.357756e+01
9.357756e+01
9.357756e+01
9.357756e+01
9.357756e+01
9.357756e+01
9.357756e+01
9.357756e+01
9.357756e+01
9.357756e+01
9.357756e+01
9.357756e+01
9.357756e+01
9.357756e+01
9.357756e+01
9.357756e+01
9.357756e+01
9.357756e+01
9.357756e+01
9.357756e+01
9.357756e+01
9.357756e+01
9.357756e+01
9.357756e+01
9.357756e+01
9.357756e+01
9.357756e+01
9.357756e+01
9.357756e+01
9.357756e+01
9.357756e+01
9.357756e+01
9.357756e+01
9.357756e+01
9.357756e+01
9.357756e+01
9.357756e+01
9.357756e+01
9.357756e+01
9.357756e+01
9.357756e+01
9.357756e+01
9.357756e+01
9.357756e+01
9.357756e+01
9.357756e+01
9.357756e+01
9.357756e+01
9.357756e+01
9.357756e+01
