6.478792e+02  1.878182e+01
5.940597e+02  1.916612e+01
5.577062e+02  1.124816e+01
5.151839e+02  2.355452e+01
4.754685e+02  7.271437e+00
4.589657e+02  5.791963e+00
4.468799e+02  5.252376e+00
4.349846e+02  4.015790e+00
4.269670e+02  5.713214e+00
4.143291e+02  5.516923e+00
4.029235e+02  4.252177e+00
3.943458e+02  3.885750e+00
3.862880e+02  3.833583e+00
3.766882e+02  5.071469e+00
3.673667e+02  4.154501e+00
3.584634e+02  4.776561e+00
3.501736e+02  3.443794e+00
3.432119e+02  3.830406e+00
3.356074e+02  3.014144e+00
3.295941e+02  2.829011e+00
3.233776e+02  2.788002e+00
3.135190e+02  6.384877e+00
3.012868e+02  2.966899e+00
2.951489e+02  2.491308e+00
2.893425e+02  2.564797e+00
2.841602e+02  2.593617e+00
2.783742e+02  1.879080e+00
2.752805e+02  1.571054e+00
2.726197e+02  1.432501e+00
2.704176e+02  1.564128e+00
2.663384e+02  3.020518e+00
2.620091e+02  1.994268e+00
2.592850e+02  1.237652e+00
2.568338e+02  1.424227e+00
2.524708e+02  2.916506e+00
2.480942e+02  8.929967e-01
2.460855e+02  1.002202e+00
2.443259e+02  3.697569e-01
2.432054e+02  1.058898e+00
2.409543e+02  8.278035e-01
2.392310e+02  8.165308e-01
2.369031e+02  1.063682e+00
2.349795e+02  8.889967e-01
2.331538e+02  8.068695e-01
2.305621e+02  1.786434e+00
2.276796e+02  8.520835e-01
2.257900e+02  9.507578e-01
2.238481e+02  8.592439e-01
2.217380e+02  1.023233e+00
2.191134e+02  1.424260e+00
2.156320e+02  1.603046e+00
2.124525e+02  9.978231e-01
2.105173e+02  7.407094e-01
2.093605e+02  8.928281e-01
2.069131e+02  1.312794e+00
2.037464e+02  2.378102e+00
1.990906e+02  1.086461e+00
1.975175e+02  8.317076e-01
1.965795e+02  7.008955e-01
1.957664e+02  6.303955e-01
1.950977e+02  7.513028e-01
1.937861e+02  1.368916e+00
1.917385e+02  6.062458e-01
1.906171e+02  3.058354e-01
1.897164e+02  9.311328e-01
1.878109e+02  8.965112e-01
1.863275e+02  9.606155e-01
1.845708e+02  1.570005e+00
1.819952e+02  1.684061e+00
1.801270e+02  2.965572e-01
1.795883e+02  4.365115e-01
1.786945e+02  6.948967e-01
1.776440e+02  6.874522e-01
1.767693e+02  4.774970e-01
1.762072e+02  4.184299e-01
1.749923e+02  7.849882e-01
1.737275e+02  1.231438e+00
1.714070e+02  1.520989e+00
1.686039e+02  9.421995e-01
1.670327e+02  4.755614e-01
1.661467e+02  4.762448e-01
1.651052e+02  4.241949e-01
1.642820e+02  3.868738e-01
1.635483e+02  3.668628e-01
1.626489e+02  3.606527e-01
1.620940e+02  1.658472e-01
1.617816e+02  8.476663e-02
1.615610e+02  2.864602e-01
1.609941e+02  1.981810e-01
1.605403e+02  7.508281e-01
1.592008e+02  8.014263e-01
1.586830e+02  9.434721e-02
1.581170e+02  8.596014e-01
1.567496e+02  8.362163e-01
1.559082e+02  3.432181e-01
1.553706e+02  1.300933e-01
1.553360e+02  6.156868e-03
1.552690e+02  1.016432e-01
1.549716e+02  2.366144e-01
1.543495e+02  3.229041e-01
1.537466e+02  2.210755e-01
1.528840e+02  7.016724e-01
1.518582e+02  1.581766e-01
1.513750e+02  5.391178e-01
1.503998e+02  3.789031e-01
1.498280e+02  1.994473e-01
1.491352e+02  3.931657e-01
1.486637e+02  2.623637e-01
1.480933e+02  2.526860e-01
1.477978e+02  1.961098e-12
1.477959e+02  4.399667e-02
1.475704e+02  4.861784e-01
1.467571e+02  6.095540e-01
1.463639e+02  2.249131e-02
1.461939e+02  2.776250e-01
1.458120e+02  2.656300e-01
1.455323e+02  2.281755e-01
1.450541e+02  2.850191e-01
1.447030e+02  1.063843e-02
1.445890e+02  2.132868e-01
1.440665e+02  2.126262e-01
1.439130e+02  6.545223e-02
1.437920e+02  9.668122e-02
1.435988e+02  1.148315e-01
1.434175e+02  1.144060e-01
1.430781e+02  1.812413e-01
1.427244e+02  1.345906e-01
1.425028e+02  2.008256e-01
1.421807e+02  2.984279e-12
1.421807e+02  2.984279e-12
1.421807e+02  2.984279e-12
1.421803e+02  1.305981e-02
1.420816e+02  1.893126e-01
1.417739e+02  1.484260e-01
1.417185e+02  7.825983e-03
1.416399e+02  1.239729e-01
1.414505e+02  6.062146e-02
1.414023e+02  4.416772e-02
1.413293e+02  2.640186e-02
1.413214e+02  1.899574e-02
1.411722e+02  2.794070e-01
1.406883e+02  1.546503e-01
1.406501e+02  2.273737e-13
1.406501e+02  2.273737e-13
1.406495e+02  1.807590e-02
1.405161e+02  2.564288e-01
1.400784e+02  1.908908e-01
1.399803e+02  5.126759e-02
1.397802e+02  1.908782e-01
1.393926e+02  1.200000e-01
1.392154e+02  5.580796e-03
1.391722e+02  7.859653e-02
1.390514e+02  1.373173e-01
1.388739e+02  1.362709e-01
1.387511e+02  4.539406e-02
1.384493e+02  3.669094e-01
1.378703e+02  1.714663e-01
1.377069e+02  4.487609e-02
1.376955e+02  7.470181e-03
1.376489e+02  8.106093e-02
1.375221e+02  4.919750e-02
1.374358e+02  1.360689e-01
1.372070e+02  8.578869e-02
1.371826e+02  6.536993e-13
1.371815e+02  2.102394e-02
1.370513e+02  2.012040e-01
1.367400e+02  9.791229e-02
1.366642e+02  3.310878e-03
1.366640e+02  0.000000e+00
1.366640e+02  0.000000e+00
1.366640e+02  0.000000e+00
1.366636e+02  1.336094e-02
1.365584e+02  1.967296e-01
1.362521e+02  1.573285e-01
1.361914e+02  1.108447e-12
1.361914e+02  1.108447e-12
1.361913e+02  5.178057e-03
1.361359e+02  8.449116e-02
1.359678e+02  1.088247e-01
1.357178e+02  1.012480e-01
1.356448e+02  4.433787e-12
1.356448e+02  4.433787e-12
1.356445e+02  8.116215e-03
1.355620e+02  1.299739e-01
1.353577e+02  7.080956e-04
1.353498e+02  2.112282e-02
1.351555e+02  2.572601e-01
1.346775e+02  9.269977e-02
1.345597e+02  3.603787e-02
1.342935e+02  5.175405e-01
1.334704e+02  4.448094e-01
1.332562e+02  4.872991e-02
1.331196e+02  8.154217e-02
1.330081e+02  3.749100e-03
1.329793e+02  5.475473e-02
1.328903e+02  4.172656e-02
1.328640e+02  2.126327e-02
1.328291e+02  1.355685e-02
1.328251e+02  4.079890e-03
1.327829e+02  6.566499e-02
1.326809e+02  1.335820e-12
1.326801e+02  2.905206e-02
1.323794e+02  4.670423e-01
1.316533e+02  3.410605e-13
1.316533e+02  3.410605e-13
1.316533e+02  3.410605e-13
1.316533e+02  3.410605e-13
1.316533e+02  3.410605e-13
1.316533e+02  3.410605e-13
1.316533e+02  3.410605e-13
1.316533e+02  3.410605e-13
1.316533e+02  3.410605e-13
1.316533e+02  3.410605e-13
1.316533e+02  3.410605e-13
1.316533e+02  3.410605e-13
1.316533e+02  1.661239e-03
1.316372e+02  2.621812e-02
1.315942e+02  1.153326e-02
1.314759e+02  1.851950e-01
1.311866e+02  2.557954e-12
1.311865e+02  3.577235e-03
1.311484e+02  5.806881e-02
1.310601e+02  1.606847e-03
1.310441e+02  2.558450e-02
1.310033e+02  3.126388e-13
1.310033e+02  3.126388e-13
1.310033e+02  3.126388e-13
1.310033e+02  3.126388e-13
1.310033e+02  3.126388e-13
1.310033e+02  3.126388e-13
1.310033e+02  3.126388e-13
1.310033e+02  3.126388e-13
1.310033e+02  3.126388e-13
1.310033e+02  3.126388e-13
1.310032e+02  4.307772e-03
1.309761e+02  5.870092e-02
1.308471e+02  7.472702e-02
1.307667e+02  2.842171e-13
1.307667e+02  2.842171e-13
1.307667e+02  2.842171e-13
1.307667e+02  2.842171e-13
1.307667e+02  2.842171e-13
1.307667e+02  2.842171e-13
1.307667e+02  2.842171e-13
1.307667e+02  2.842171e-13
1.307665e+02  8.792550e-03
1.306861e+02  1.362736e-01
1.304578e+02  2.448391e-02
1.304557e+02  2.870593e-12
1.304557e+02  2.870593e-12
1.304557e+02  2.870593e-12
1.304557e+02  2.870593e-12
1.304557e+02  2.870593e-12
1.304557e+02  2.870593e-12
1.304557e+02  2.870593e-12
1.304557e+02  2.870593e-12
1.304557e+02  2.870593e-12
1.304557e+02  2.870593e-12
1.304557e+02  2.870593e-12
1.304557e+02  2.870593e-12
1.304557e+02  2.870593e-12
1.304557e+02  2.870593e-12
1.304557e+02  2.870593e-12
1.304556e+02  4.994755e-03
1.304049e+02  7.999802e-02
1.302791e+02  9.947598e-13
1.302791e+02  9.947598e-13
1.302791e+02  9.947598e-13
1.302791e+02  9.947598e-13
1.302791e+02  9.947598e-13
1.302791e+02  9.947598e-13
1.302791e+02  9.947598e-13
1.302791e+02  9.947598e-13
1.302791e+02  7.390165e-04
1.302717e+02  1.175662e-02
1.302529e+02  2.188472e-12
1.302529e+02  2.188472e-12
1.302529e+02  2.188472e-12
1.302525e+02  1.380150e-02
1.300900e+02  2.392418e-01
1.293702e+02  4.613774e-01
1.288128e+02  2.096472e-02
1.287878e+02  3.097966e-12
1.287877e+02  3.402585e-03
1.287666e+02  4.583083e-02
1.286895e+02  4.655415e-02
1.286674e+02  3.126388e-13
1.286674e+02  3.126388e-13
1.286674e+02  3.126388e-13
1.286674e+02  3.126388e-13
1.286674e+02  3.126388e-13
1.286674e+02  3.126388e-13
1.286674e+02  3.126388e-13
1.286674e+02  3.126388e-13
1.286674e+02  3.126388e-13
1.286674e+02  3.126388e-13
1.286671e+02  1.149849e-02
1.285604e+02  1.790966e-01
1.282605e+02  9.198804e-03
1.281621e+02  1.495474e-01
1.279351e+02  9.017066e-03
1.278495e+02  1.439424e-01
1.274589e+02  1.963798e-01
1.272136e+02  8.526513e-14
1.272136e+02  8.526513e-14
1.272136e+02  8.526513e-14
1.272126e+02  3.717730e-02
1.268513e+02  5.870252e-01
1.258987e+02  1.378453e-12
1.258987e+02  1.378453e-12
1.258987e+02  1.378453e-12
1.258981e+02  1.408914e-02
1.257850e+02  1.693849e-01
1.255281e+02  1.636053e-02
1.254184e+02  1.576124e-01
1.251811e+02  1.618444e-01
1.249710e+02  8.813318e-02
1.249362e+02  5.542233e-13
1.249358e+02  1.021886e-02
1.248408e+02  1.472168e-01
1.246018e+02  7.105427e-13
1.246018e+02  7.105427e-13
1.246018e+02  7.105427e-13
1.246018e+02  7.105427e-13
1.246016e+02  8.240403e-03
1.245188e+02  1.315410e-01
1.243103e+02  1.002778e-03
1.243011e+02  1.377101e-02
1.242797e+02  2.629008e-12
1.242797e+02  5.055600e-04
1.242742e+02  8.261179e-03
1.242611e+02  2.689469e-02
1.239948e+02  4.270800e-01
1.233106e+02  7.247536e-13
1.233106e+02  7.247536e-13
1.233106e+02  7.247536e-13
1.233097e+02  3.147627e-02
1.230065e+02  4.955525e-01
1.221973e+02  2.046363e-12
1.221973e+02  2.046363e-12
1.221973e+02  2.046363e-12
1.221957e+02  5.659500e-02
1.216350e+02  8.975974e-01
1.201955e+02  1.136868e-13
1.201955e+02  1.136868e-13
1.201951e+02  1.597056e-02
1.200323e+02  2.575448e-01
1.193891e+02  3.029749e-01
1.189890e+02  3.336968e-01
1.180330e+02  8.133167e-01
1.168088e+02  3.339223e-01
1.160568e+02  3.530353e-01
1.156283e+02  2.586376e-12
1.156283e+02  2.586376e-12
1.156279e+02  1.170668e-02
1.155642e+02  1.490840e-01
1.153022e+02  1.687639e-01
1.152143e+02  8.526513e-14
1.152143e+02  8.526513e-14
1.152143e+02  8.526513e-14
1.152142e+02  5.305742e-03
1.151597e+02  8.525748e-02
1.150267e+02  2.941647e-12
1.150267e+02  2.941647e-12
1.150267e+02  2.941647e-12
1.150267e+02  2.941647e-12
1.150267e+02  2.941647e-12
1.150267e+02  2.941647e-12
1.150262e+02  1.566800e-02
1.148608e+02  2.537583e-01
1.144725e+02  2.842171e-14
1.144725e+02  2.842171e-14
1.144725e+02  2.842171e-14
1.144725e+02  2.842171e-14
1.144725e+02  2.842171e-14
1.144725e+02  2.842171e-14
1.144725e+02  2.842171e-14
1.144725e+02  2.842171e-14
1.144725e+02  2.842171e-14
1.144725e+02  2.842171e-14
1.144725e+02  2.842171e-14
1.144725e+02  2.842171e-14
1.144725e+02  2.842171e-14
1.144725e+02  2.842171e-14
1.144720e+02  1.767373e-02
1.142791e+02  3.075078e-01
1.131768e+02  8.486273e-01
1.120637e+02  1.378453e-12
1.120637e+02  1.378453e-12
1.120637e+02  1.378453e-12
1.120637e+02  1.378453e-12
1.120637e+02  1.378453e-12
1.120637e+02  1.378453e-12
1.120637e+02  1.378453e-12
1.120637e+02  1.378453e-12
1.120637e+02  1.378453e-12
1.120637e+02  1.378453e-12
1.120637e+02  1.378453e-12
1.120637e+02  1.378453e-12
1.120637e+02  1.378453e-12
1.120637e+02  1.378453e-12
1.120637e+02  1.378453e-12
1.120637e+02  1.378453e-12
1.120637e+02  1.378453e-12
1.120637e+02  1.378453e-12
1.120637e+02  1.378453e-12
1.120637e+02  1.378453e-12
1.120637e+02  1.378453e-12
1.120637e+02  1.378453e-12
1.120637e+02  1.378453e-12
1.120637e+02  1.378453e-12
1.120635e+02  8.528478e-03
1.119737e+02  1.380208e-01
1.117621e+02  7.247536e-13
1.117621e+02  7.247536e-13
1.117621e+02  7.247536e-13
1.117621e+02  7.247536e-13
1.117621e+02  7.247536e-13
1.117621e+02  7.247536e-13
1.117621e+02  7.247536e-13
1.117618e+02  7.303266e-03
1.117202e+02  9.547427e-02
1.115472e+02  1.302274e-01
1.114407e+02  2.287948e-12
1.114407e+02  2.287948e-12
1.114407e+02  2.287948e-12
1.114407e+02  2.287948e-12
1.114407e+02  2.287948e-12
1.114407e+02  2.287948e-12
1.114407e+02  2.287948e-12
1.114407e+02  2.287948e-12
1.114406e+02  6.225215e-03
1.114097e+02  7.658786e-02
1.112784e+02  9.688472e-02
1.112206e+02  8.486677e-13
1.112205e+02  2.116463e-03
1.111986e+02  3.409125e-02
1.111457e+02  2.614797e-12
1.111457e+02  2.614797e-12
1.111457e+02  2.614797e-12
1.111457e+02  2.614797e-12
1.111457e+02  2.614797e-12
1.111457e+02  2.614797e-12
1.111457e+02  2.614797e-12
1.111457e+02  2.614797e-12
1.111457e+02  2.614797e-12
1.111457e+02  2.614797e-12
1.111456e+02  2.287076e-03
1.111222e+02  3.672100e-02
1.110648e+02  1.733724e-12
1.110648e+02  1.733724e-12
1.110648e+02  1.733724e-12
1.110648e+02  1.733724e-12
1.110648e+02  1.733724e-12
1.110648e+02  1.733724e-12
1.110648e+02  1.733724e-12
1.110648e+02  1.733724e-12
1.110648e+02  1.733724e-12
1.110648e+02  1.733724e-12
1.110648e+02  1.733724e-12
1.110648e+02  1.733724e-12
1.110648e+02  1.733724e-12
1.110648e+02  1.733724e-12
1.110648e+02  1.733724e-12
1.110648e+02  1.733724e-12
1.110648e+02  1.733724e-12
1.110648e+02  1.733724e-12
1.110648e+02  1.733724e-12
1.110648e+02  1.733724e-12
1.110648e+02  1.733724e-12
1.110648e+02  2.794584e-04
1.110618e+02  4.553312e-03
1.110549e+02  5.258016e-13
1.110549e+02  5.258016e-13
1.110549e+02  5.258016e-13
1.110549e+02  5.258016e-13
1.110549e+02  5.258016e-13
1.110549e+02  5.258016e-13
1.110549e+02  5.258016e-13
1.110549e+02  5.258016e-13
1.110549e+02  5.258016e-13
1.110549e+02  5.258016e-13
1.110549e+02  5.258016e-13
1.110549e+02  5.258016e-13
1.110549e+02  5.258016e-13
1.110549e+02  5.258016e-13
1.110549e+02  5.258016e-13
1.110549e+02  5.258016e-13
1.110549e+02  5.258016e-13
1.110549e+02  5.258016e-13
1.110549e+02  5.258016e-13
1.110549e+02  5.258016e-13
1.110549e+02  5.258016e-13
1.110549e+02  5.258016e-13
1.110549e+02  5.258016e-13
1.110549e+02  5.258016e-13
1.110549e+02  5.258016e-13
1.110549e+02  5.258016e-13
1.110549e+02  5.258016e-13
1.110549e+02  5.258016e-13
1.110549e+02  5.258016e-13
1.110549e+02  5.258016e-13
1.110549e+02  5.258016e-13
1.110549e+02  5.258016e-13
1.110549e+02  5.258016e-13
1.110549e+02  5.258016e-13
1.110549e+02  5.258016e-13
1.110549e+02  5.258016e-13
1.110549e+02  5.258016e-13
1.110549e+02  5.258016e-13
1.110549e+02  5.258016e-13
1.110549e+02  5.258016e-13
1.110549e+02  5.258016e-13
1.110549e+02  5.258016e-13
1.110549e+02  5.258016e-13
1.110549e+02  5.258016e-13
1.110549e+02  5.258016e-13
1.110549e+02  5.258016e-13
1.110549e+02  5.258016e-13
1.110549e+02  5.258016e-13
1.110549e+02  5.258016e-13
1.110549e+02  5.258016e-13
1.110549e+02  5.258016e-13
1.110549e+02  5.258016e-13
1.110549e+02  5.258016e-13
1.110549e+02  5.258016e-13
1.110549e+02  5.258016e-13
1.110549e+02  5.258016e-13
1.110549e+02  5.258016e-13
1.110549e+02  5.258016e-13
1.110549e+02  5.258016e-13
1.110549e+02  5.258016e-13
1.110549e+02  5.258016e-13
1.110549e+02  5.258016e-13
1.110549e+02  5.258016e-13
1.110549e+02  5.258016e-13
1.110549e+02  5.258016e-13
1.110549e+02  5.258016e-13
1.110549e+02  5.258016e-13
1.110549e+02  5.258016e-13
1.110549e+02  5.258016e-13
1.110549e+02  5.258016e-13
1.110549e+02  5.258016e-13
1.110549e+02  5.258016e-13
1.110549e+02  5.258016e-13
1.110549e+02  5.258016e-13
1.110549e+02  5.258016e-13
1.110549e+02  5.258016e-13
1.110549e+02  5.258016e-13
1.110549e+02  5.258016e-13
1.110549e+02  5.258016e-13
1.110549e+02  5.258016e-13
1.110549e+02  5.258016e-13
1.110549e+02  5.258016e-13
1.110549e+02  5.258016e-13
1.110549e+02  5.258016e-13
1.110549e+02  5.258016e-13
1.110549e+02  5.258016e-13
1.110549e+02  5.258016e-13
1.110549e+02  5.258016e-13
1.110549e+02  5.258016e-13
1.110549e+02  5.258016e-13
1.110549e+02  5.258016e-13
1.110549e+02  5.258016e-13
1.110549e+02  5.258016e-13
1.110549e+02  5.258016e-13
1.110549e+02  5.258016e-13
1.110549e+02  5.258016e-13
1.110549e+02  5.258016e-13
1.110549e+02  5.258016e-13
1.110549e+02  5.258016e-13
1.110549e+02  5.258016e-13
1.110549e+02  5.258016e-13
1.110549e+02  5.258016e-13
1.110549e+02  5.258016e-13
1.110549e+02  5.258016e-13
1.110549e+02  5.258016e-13
1.110549e+02  5.258016e-13
1.110549e+02  5.258016e-13
1.110549e+02  5.258016e-13
1.110549e+02  5.258016e-13
1.110549e+02  5.258016e-13
1.110549e+02  5.258016e-13
1.110549e+02  5.258016e-13
1.110549e+02  5.258016e-13
1.110549e+02  5.258016e-13
1.110549e+02  5.258016e-13
1.110549e+02  5.258016e-13
1.110549e+02  5.258016e-13
1.110549e+02  5.258016e-13
1.110549e+02  5.258016e-13
1.110549e+02  5.258016e-13
1.110549e+02  5.258016e-13
1.110549e+02  5.258016e-13
1.110549e+02  5.258016e-13
1.110549e+02  5.258016e-13
1.110549e+02  5.258016e-13
1.110549e+02  5.258016e-13
1.110549e+02  5.258016e-13
1.110549e+02  5.258016e-13
1.110549e+02  5.258016e-13
1.110549e+02  5.258016e-13
1.110549e+02  5.258016e-13
1.110549e+02  5.258016e-13
1.110549e+02  5.258016e-13
1.110549e+02  5.258016e-13
1.110549e+02  5.258016e-13
1.110549e+02  5.258016e-13
1.110549e+02  5.258016e-13
1.110549e+02  5.258016e-13
1.110549e+02  5.258016e-13
1.110549e+02  5.258016e-13
1.110549e+02  5.258016e-13
1.110549e+02  5.258016e-13
1.110549e+02  5.258016e-13
1.110549e+02  5.258016e-13
1.110549e+02  5.258016e-13
1.110549e+02  5.258016e-13
1.110549e+02  5.258016e-13
1.110549e+02  5.258016e-13
1.110549e+02  5.258016e-13
1.110549e+02  5.258016e-13
1.110549e+02  5.258016e-13
1.110549e+02  5.258016e-13
1.110549e+02  5.258016e-13
1.110549e+02  5.258016e-13
1.110549e+02  5.258016e-13
1.110549e+02  5.258016e-13
1.110549e+02  5.258016e-13
1.110549e+02  5.258016e-13
1.110549e+02  5.258016e-13
1.110549e+02  5.258016e-13
1.110549e+02  5.258016e-13
1.110549e+02  5.258016e-13
1.110549e+02  5.258016e-13
1.110549e+02  5.258016e-13
1.110549e+02  5.258016e-13
1.110549e+02  5.258016e-13
1.110549e+02  5.258016e-13
1.110549e+02  5.258016e-13
1.110549e+02  5.258016e-13
1.110549e+02  5.258016e-13
1.110549e+02  5.258016e-13
1.110549e+02  5.258016e-13
1.110549e+02  5.258016e-13
1.110549e+02  5.258016e-13
1.110549e+02  5.258016e-13
1.110549e+02  5.258016e-13
1.110549e+02  5.258016e-13
1.110549e+02  5.258016e-13
1.110549e+02  5.258016e-13
1.110549e+02  5.258016e-13
1.110549e+02  5.258016e-13
1.110549e+02  5.258016e-13
1.110549e+02  5.258016e-13
1.110549e+02  5.258016e-13
1.110549e+02  5.258016e-13
1.110549e+02  5.258016e-13
1.110549e+02  5.258016e-13
1.110549e+02  5.258016e-13
1.110549e+02  5.258016e-13
1.110549e+02  5.258016e-13
1.110549e+02  5.258016e-13
1.110549e+02  5.258016e-13
1.110549e+02  5.258016e-13
1.110549e+02  5.258016e-13
1.110549e+02  5.258016e-13
1.110549e+02  5.258016e-13
1.110549e+02  5.258016e-13
1.110549e+02  5.258016e-13
1.110549e+02  5.258016e-13
1.110549e+02  5.258016e-13
1.110549e+02  5.258016e-13
1.110549e+02  5.258016e-13
1.110549e+02  5.258016e-13
1.110549e+02  5.258016e-13
1.110549e+02  5.258016e-13
1.110549e+02  5.258016e-13
1.110549e+02  5.258016e-13
1.110549e+02  5.258016e-13
1.110549e+02  5.258016e-13
1.110549e+02  5.258016e-13
1.110549e+02  5.258016e-13
1.110549e+02  5.258016e-13
1.110549e+02  5.258016e-13
1.110549e+02  5.258016e-13
1.110549e+02  5.258016e-13
1.110549e+02  5.258016e-13
1.110549e+02  5.258016e-13
1.110549e+02  5.258016e-13
1.110549e+02  5.258016e-13
1.110549e+02  5.258016e-13
1.110549e+02  5.258016e-13
1.110549e+02  5.258016e-13
1.110549e+02  5.258016e-13
1.110549e+02  5.258016e-13
1.110549e+02  5.258016e-13
1.110549e+02  5.258016e-13
1.110549e+02  5.258016e-13
1.110549e+02  5.258016e-13
1.110549e+02  5.258016e-13
1.110549e+02  5.258016e-13
1.110549e+02  5.258016e-13
1.110549e+02  5.258016e-13
1.110549e+02  5.258016e-13
1.110549e+02  5.258016e-13
1.110549e+02  5.258016e-13
1.110549e+02  5.258016e-13
1.110549e+02  5.258016e-13
1.110549e+02  5.258016e-13
1.110549e+02  5.258016e-13
1.110549e+02  5.258016e-13
1.110549e+02  5.258016e-13
1.110549e+02  5.258016e-13
1.110549e+02  5.258016e-13
1.110549e+02  5.258016e-13
1.110549e+02  5.258016e-13
1.110549e+02  5.258016e-13
1.110549e+02  5.258016e-13
1.110549e+02  5.258016e-13
1.110549e+02  5.258016e-13
1.110549e+02  5.258016e-13
1.110549e+02  5.258016e-13
1.110549e+02  5.258016e-13
1.110549e+02  5.258016e-13
1.110549e+02  5.258016e-13
1.110549e+02  5.258016e-13
1.110549e+02  5.258016e-13
1.110549e+02  5.258016e-13
1.110549e+02  5.258016e-13
1.110549e+02  5.258016e-13
1.110549e+02  5.258016e-13
1.110549e+02  5.258016e-13
1.110549e+02  5.258016e-13
1.110549e+02  5.258016e-13
1.110549e+02  5.258016e-13
1.110549e+02  5.258016e-13
1.110549e+02  5.258016e-13
1.110549e+02  5.258016e-13
1.110549e+02  5.258016e-13
1.110549e+02  5.258016e-13
1.110549e+02  5.258016e-13
1.110549e+02  5.258016e-13
1.110549e+02  5.258016e-13
1.110549e+02  5.258016e-13
1.110549e+02  5.258016e-13
1.110549e+02  5.258016e-13
1.110549e+02  5.258016e-13
1.110549e+02  5.258016e-13
1.110549e+02  5.258016e-13
1.110549e+02  5.258016e-13
1.110549e+02  5.258016e-13
1.110549e+02  5.258016e-13
1.110549e+02  5.258016e-13
1.110549e+02  5.258016e-13
1.110549e+02  5.258016e-13
1.110549e+02  5.258016e-13
1.110549e+02  5.258016e-13
1.110549e+02  5.258016e-13
1.110549e+02  5.258016e-13
1.110549e+02  5.258016e-13
1.110549e+02  5.258016e-13
1.110549e+02  5.258016e-13
1.110549e+02  5.258016e-13
1.110549e+02  5.258016e-13
1.110549e+02  5.258016e-13
1.110549e+02  5.258016e-13
1.110549e+02  5.258016e-13
1.110549e+02  5.258016e-13
1.110549e+02  5.258016e-13
1.110549e+02  5.258016e-13
1.110549e+02  5.258016e-13
1.110549e+02  5.258016e-13
1.110549e+02  5.258016e-13
1.110549e+02  5.258016e-13
1.110549e+02  5.258016e-13
1.110549e+02  5.258016e-13
1.110549e+02  5.258016e-13
1.110549e+02  5.258016e-13
1.110549e+02  5.258016e-13
1.110549e+02  5.258016e-13
1.110549e+02  5.258016e-13
1.110549e+02  5.258016e-13
1.110549e+02  5.258016e-13
1.110549e+02  5.258016e-13
1.110549e+02  5.258016e-13
1.110549e+02  5.258016e-13
1.110549e+02  5.258016e-13
1.110549e+02  5.258016e-13
1.110549e+02  5.258016e-13
1.110549e+02  5.258016e-13
1.110549e+02  5.258016e-13
1.110549e+02  5.258016e-13
1.110549e+02  5.258016e-13
1.110549e+02  5.258016e-13
1.110549e+02  5.258016e-13
1.110549e+02  5.258016e-13
1.110549e+02  5.258016e-13
1.110549e+02  5.258016e-13
1.110549e+02  5.258016e-13
1.110549e+02  5.258016e-13
1.110549e+02  5.258016e-13
1.110549e+02  5.258016e-13
1.110549e+02  5.258016e-13
1.110549e+02  5.258016e-13
1.110549e+02  5.258016e-13
1.110549e+02  5.258016e-13
1.110549e+02  5.258016e-13
1.110549e+02  5.258016e-13
1.110549e+02  5.258016e-13
1.110549e+02  5.258016e-13
1.110549e+02  5.258016e-13
1.110549e+02  5.258016e-13
1.110549e+02  5.258016e-13
1.110549e+02  5.258016e-13
1.110549e+02  5.258016e-13
1.110549e+02  5.258016e-13
1.110549e+02  5.258016e-13
1.110549e+02  5.258016e-13
1.110549e+02  5.258016e-13
1.110549e+02  5.258016e-13
1.110549e+02  5.258016e-13
1.110549e+02  5.258016e-13
1.110549e+02  5.258016e-13
1.110549e+02  5.258016e-13
1.110549e+02  5.258016e-13
1.110549e+02  5.258016e-13
1.110549e+02  5.258016e-13
1.110549e+02  5.258016e-13
1.110549e+02  5.258016e-13
1.110549e+02  5.258016e-13
1.110549e+02  5.258016e-13
1.110549e+02  5.258016e-13
1.110549e+02  5.258016e-13
1.110549e+02  5.258016e-13
1.110549e+02  5.258016e-13
1.110549e+02  5.258016e-13
1.110549e+02  5.258016e-13
1.110549e+02  5.258016e-13
1.110549e+02  5.258016e-13
1.110549e+02  5.258016e-13
1.110549e+02  5.258016e-13
1.110549e+02  5.258016e-13
1.110549e+02  5.258016e-13
1.110549e+02  5.258016e-13
1.110549e+02  5.258016e-13
1.110549e+02  5.258016e-13
1.110549e+02  5.258016e-13
1.110549e+02  5.258016e-13
1.110549e+02  5.258016e-13
1.110549e+02  5.258016e-13
1.110549e+02  5.258016e-13
1.110549e+02  5.258016e-13
1.110549e+02  5.258016e-13
1.110549e+02  5.258016e-13
1.110549e+02  5.258016e-13
1.110549e+02  5.258016e-13
1.110549e+02  5.258016e-13
1.110549e+02  5.258016e-13
1.110549e+02  5.258016e-13
1.110549e+02  5.258016e-13
1.110549e+02  5.258016e-13
1.110549e+02  5.258016e-13
1.110549e+02  5.258016e-13
1.110549e+02  5.258016e-13
1.110549e+02  5.258016e-13
1.110549e+02  5.258016e-13
1.110549e+02  5.258016e-13
1.110549e+02  5.258016e-13
1.110549e+02  5.258016e-13
1.110549e+02  5.258016e-13
1.110549e+02  5.258016e-13
1.110549e+02  5.258016e-13
1.110549e+02  5.258016e-13
1.110549e+02  5.258016e-13
1.110549e+02  5.258016e-13
1.110549e+02  5.258016e-13
1.110549e+02  5.258016e-13
1.110549e+02  5.258016e-13
1.110549e+02  5.258016e-13
1.110549e+02  5.258016e-13
1.110549e+02  5.258016e-13
1.110549e+02  5.258016e-13
1.110549e+02  5.258016e-13
1.110549e+02  5.258016e-13
1.110549e+02  5.258016e-13
1.110549e+02  5.258016e-13
1.110549e+02  5.258016e-13
1.110549e+02  5.258016e-13
1.110549e+02  5.258016e-13
1.110549e+02  5.258016e-13
1.110549e+02  5.258016e-13
1.110549e+02  5.258016e-13
1.110549e+02  5.258016e-13
1.110549e+02  5.258016e-13
1.110549e+02  5.258016e-13
1.110549e+02  5.258016e-13
1.110549e+02  5.258016e-13
1.110549e+02  5.258016e-13
1.110549e+02  5.258016e-13
1.110549e+02  5.258016e-13
1.110549e+02  5.258016e-13
1.110549e+02  5.258016e-13
1.110549e+02  5.258016e-13
1.110549e+02  5.258016e-13
1.110549e+02  5.258016e-13
1.110549e+02  5.258016e-13
1.110549e+02  5.258016e-13
1.110549e+02  5.258016e-13
1.110549e+02  5.258016e-13
1.110549e+02  5.258016e-13
1.110549e+02  5.258016e-13
1.110549e+02  5.258016e-13
1.110549e+02  5.258016e-13
1.110549e+02  5.258016e-13
1.110549e+02  5.258016e-13
1.110549e+02  5.258016e-13
1.110549e+02  5.258016e-13
1.110549e+02  5.258016e-13
1.110549e+02  5.258016e-13
1.110549e+02  5.258016e-13
1.110549e+02  5.258016e-13
1.110549e+02  5.258016e-13
1.110549e+02  5.258016e-13
1.110549e+02  5.258016e-13
1.110549e+02  5.258016e-13
1.110549e+02  5.258016e-13
1.110549e+02  5.258016e-13
1.110549e+02  5.258016e-13
1.110549e+02  5.258016e-13
1.110549e+02  5.258016e-13
1.110549e+02  5.258016e-13
1.110549e+02  5.258016e-13
1.110549e+02  5.258016e-13
1.110549e+02  5.258016e-13
1.110549e+02  5.258016e-13
1.110549e+02  5.258016e-13
1.110549e+02  5.258016e-13
1.110549e+02  5.258016e-13
1.110549e+02  5.258016e-13
1.110549e+02  5.258016e-13
1.110549e+02  5.258016e-13
1.110549e+02  5.258016e-13
1.110549e+02  5.258016e-13
1.110549e+02  5.258016e-13
1.110549e+02  5.258016e-13
1.110549e+02  5.258016e-13
1.110549e+02  5.258016e-13
1.110549e+02  5.258016e-13
1.110549e+02  5.258016e-13
1.110549e+02  5.258016e-13
1.110549e+02  5.258016e-13
1.110549e+02  5.258016e-13
1.110549e+02  5.258016e-13
1.110549e+02  5.258016e-13
1.110549e+02  5.258016e-13
1.110549e+02  5.258016e-13
1.110549e+02  5.258016e-13
1.110549e+02  5.258016e-13
1.110549e+02  5.258016e-13
1.110549e+02  5.258016e-13
1.110549e+02  5.258016e-13
1.110549e+02  5.258016e-13
1.110549e+02  5.258016e-13
1.110549e+02  5.258016e-13
1.110549e+02  5.258016e-13
1.110549e+02  5.258016e-13
1.110549e+02  5.258016e-13
1.110549e+02  5.258016e-13
1.110549e+02  5.258016e-13
1.110549e+02  5.258016e-13
1.110549e+02  5.258016e-13
1.110549e+02  5.258016e-13
1.110549e+02  5.258016e-13
1.110549e+02  5.258016e-13
1.110549e+02  5.258016e-13
1.110549e+02  5.258016e-13
1.110549e+02  5.258016e-13
1.110549e+02  5.258016e-13
1.110549e+02  5.258016e-13
1.110549e+02  5.258016e-13
1.110549e+02  5.258016e-13
1.110549e+02  5.258016e-13
1.110549e+02  5.258016e-13
1.110549e+02  5.258016e-13
1.110549e+02  5.258016e-13
1.110549e+02  5.258016e-13
1.110549e+02  5.258016e-13
1.110549e+02  5.258016e-13
1.110549e+02  5.258016e-13
1.110549e+02  5.258016e-13
1.110549e+02  5.258016e-13
1.110549e+02  5.258016e-13
1.110549e+02  5.258016e-13
1.110549e+02  5.258016e-13
1.110549e+02  9.065952e-04
1.110456e+02  1.456799e-02
1.110229e+02  2.586376e-12
1.110229e+02  2.586376e-12
1.110229e+02  2.586376e-12
1.110229e+02  2.586376e-12
1.110229e+02  2.586376e-12
1.110229e+02  2.586376e-12
1.110229e+02  2.586376e-12
1.110229e+02  2.586376e-12
1.110229e+02  2.586376e-12
1.110229e+02  2.586376e-12
1.110229e+02  2.586376e-12
1.110229e+02  2.586376e-12
1.110229e+02  2.586376e-12
1.110229e+02  2.586376e-12
1.110229e+02  2.586376e-12
1.110229e+02  2.586376e-12
1.110229e+02  2.586376e-12
1.110229e+02  2.586376e-12
1.110229e+02  2.586376e-12
1.110229e+02  2.586376e-12
1.110229e+02  2.586376e-12
1.110229e+02  2.586376e-12
1.110229e+02  2.586376e-12
1.110229e+02  2.586376e-12
1.110229e+02  2.586376e-12
1.110229e+02  2.586376e-12
1.110229e+02  2.586376e-12
1.110229e+02  2.586376e-12
1.110229e+02  2.586376e-12
1.110229e+02  2.586376e-12
1.110229e+02  2.586376e-12
1.110229e+02  2.586376e-12
1.110229e+02  2.586376e-12
1.110229e+02  2.586376e-12
1.110229e+02  2.586376e-12
1.110229e+02  2.586376e-12
1.110229e+02  2.586376e-12
1.110229e+02  2.586376e-12
1.110229e+02  2.586376e-12
1.110229e+02  2.586376e-12
1.110229e+02  2.586376e-12
1.110229e+02  2.586376e-12
1.110229e+02  2.586376e-12
1.110229e+02  2.586376e-12
1.110229e+02  2.586376e-12
1.110229e+02  2.586376e-12
1.110229e+02  2.586376e-12
1.110229e+02  2.586376e-12
1.110229e+02  2.586376e-12
1.110229e+02  2.586376e-12
1.110229e+02  2.586376e-12
1.110229e+02  2.586376e-12
1.110229e+02  2.586376e-12
1.110229e+02  2.586376e-12
1.110229e+02  2.586376e-12
1.110229e+02  2.586376e-12
1.110229e+02  2.586376e-12
1.110229e+02  2.586376e-12
1.110229e+02  2.586376e-12
1.110229e+02  2.586376e-12
1.110229e+02  2.586376e-12
1.110229e+02  2.586376e-12
1.110229e+02  2.586376e-12
1.110229e+02  2.586376e-12
1.110229e+02  2.586376e-12
1.110229e+02  2.586376e-12
1.110229e+02  2.586376e-12
1.110229e+02  2.586376e-12
1.110229e+02  2.586376e-12
1.110229e+02  2.586376e-12
1.110229e+02  2.586376e-12
1.110229e+02  2.586376e-12
1.110227e+02  4.616845e-03
1.109895e+02  6.693150e-02
1.108182e+02  1.122050e-01
1.106812e+02  2.202682e-12
1.106812e+02  2.202682e-12
1.106812e+02  2.202682e-12
1.106812e+02  2.202682e-12
1.106812e+02  2.202682e-12
1.106812e+02  2.202682e-12
1.106812e+02  2.202682e-12
1.106812e+02  2.202682e-12
1.106812e+02  2.202682e-12
1.106812e+02  2.202682e-12
1.106812e+02  2.202682e-12
1.106812e+02  2.202682e-12
1.106812e+02  2.202682e-12
1.106812e+02  2.202682e-12
1.106812e+02  2.202682e-12
1.106812e+02  2.202682e-12
1.106812e+02  2.202682e-12
1.106812e+02  2.202682e-12
1.106812e+02  2.202682e-12
1.106812e+02  2.202682e-12
1.106812e+02  2.202682e-12
1.106812e+02  2.202682e-12
1.106812e+02  2.202682e-12
1.106812e+02  2.202682e-12
1.106812e+02  2.202682e-12
1.106812e+02  2.202682e-12
1.106812e+02  2.202682e-12
1.106812e+02  2.202682e-12
1.106812e+02  2.202682e-12
1.106812e+02  2.202682e-12
1.106812e+02  2.202682e-12
1.106812e+02  2.202682e-12
1.106812e+02  2.202682e-12
1.106812e+02  2.202682e-12
1.106812e+02  2.202682e-12
1.106812e+02  2.202682e-12
1.106812e+02  2.202682e-12
1.106812e+02  2.202682e-12
1.106812e+02  2.202682e-12
1.106812e+02  2.202682e-12
1.106812e+02  2.202682e-12
1.106812e+02  2.202682e-12
1.106812e+02  2.202682e-12
1.106812e+02  2.202682e-12
1.106812e+02  2.202682e-12
1.106810e+02  4.871525e-03
1.106442e+02  7.093737e-02
1.104800e+02  9.862552e-02
1.101240e+02  2.597913e-01
1.098497e+02  1.776357e-12
1.098497e+02  1.776357e-12
1.098497e+02  1.776357e-12
1.098497e+02  1.776357e-12
1.098497e+02  1.776357e-12
1.098497e+02  1.776357e-12
1.098497e+02  1.776357e-12
1.098497e+02  1.776357e-12
1.098497e+02  1.776357e-12
1.098497e+02  1.776357e-12
1.098497e+02  1.776357e-12
1.098497e+02  1.776357e-12
1.098497e+02  1.776357e-12
1.098497e+02  1.776357e-12
1.098497e+02  1.776357e-12
1.098497e+02  1.776357e-12
1.098497e+02  1.776357e-12
1.098497e+02  1.776357e-12
1.098497e+02  1.776357e-12
1.098497e+02  1.776357e-12
1.098497e+02  1.776357e-12
1.098497e+02  1.776357e-12
1.098497e+02  1.776357e-12
1.098497e+02  1.776357e-12
1.098497e+02  1.776357e-12
1.098497e+02  1.776357e-12
1.098497e+02  1.776357e-12
1.098497e+02  1.776357e-12
1.098497e+02  1.776357e-12
1.098497e+02  1.776357e-12
1.098497e+02  1.776357e-12
1.098497e+02  1.776357e-12
1.098497e+02  1.776357e-12
1.098497e+02  1.776357e-12
1.098497e+02  1.776357e-12
1.098497e+02  1.776357e-12
1.098497e+02  1.776357e-12
1.098497e+02  1.776357e-12
1.098497e+02  1.776357e-12
1.098497e+02  1.776357e-12
1.098497e+02  1.776357e-12
1.098497e+02  1.776357e-12
1.098497e+02  1.776357e-12
1.098497e+02  1.776357e-12
1.098497e+02  1.776357e-12
1.098497e+02  1.776357e-12
1.098497e+02  1.776357e-12
1.098497e+02  1.776357e-12
1.098497e+02  1.776357e-12
1.098497e+02  1.776357e-12
1.098497e+02  1.776357e-12
1.098497e+02  1.776357e-12
1.098497e+02  1.776357e-12
1.098497e+02  1.776357e-12
1.098497e+02  1.776357e-12
1.098497e+02  1.776357e-12
1.098497e+02  1.776357e-12
1.098493e+02  1.144796e-02
1.097368e+02  1.856989e-01
1.092507e+02  2.677614e-01
1.083625e+02  7.992356e-01
1.071919e+02  2.387424e-12
1.071919e+02  2.387424e-12
1.071919e+02  2.387424e-12
1.071919e+02  2.387424e-12
1.071919e+02  2.387424e-12
1.071919e+02  2.387424e-12
1.071919e+02  2.387424e-12
1.071919e+02  2.387424e-12
1.071919e+02  2.387424e-12
1.071919e+02  2.387424e-12
1.071919e+02  2.387424e-12
1.071919e+02  2.387424e-12
1.071919e+02  2.387424e-12
1.071919e+02  2.387424e-12
1.071919e+02  2.387424e-12
1.071919e+02  2.387424e-12
1.071919e+02  2.387424e-12
1.071919e+02  2.387424e-12
1.071919e+02  2.387424e-12
1.071919e+02  2.387424e-12
1.071919e+02  2.387424e-12
1.071919e+02  2.387424e-12
1.071919e+02  2.387424e-12
1.071919e+02  2.387424e-12
1.071919e+02  2.387424e-12
1.071919e+02  2.387424e-12
1.071919e+02  2.387424e-12
1.071919e+02  2.387424e-12
1.071919e+02  2.387424e-12
1.071919e+02  2.387424e-12
1.071919e+02  2.387424e-12
1.071919e+02  2.387424e-12
1.071919e+02  2.387424e-12
1.071919e+02  2.387424e-12
1.071919e+02  2.387424e-12
1.071919e+02  2.387424e-12
1.071919e+02  2.387424e-12
1.071919e+02  2.387424e-12
1.071919e+02  2.387424e-12
1.071919e+02  2.387424e-12
1.071913e+02  1.849605e-02
1.070012e+02  2.969586e-01
1.064719e+02  9.740341e-02
1.063276e+02  2.586376e-12
1.063276e+02  2.586376e-12
1.063276e+02  2.586376e-12
1.063276e+02  2.586376e-12
1.063276e+02  2.586376e-12
1.063276e+02  2.586376e-12
1.063275e+02  1.663918e-03
1.063147e+02  2.431527e-02
1.062728e+02  1.489623e-02
1.062686e+02  3.662094e-03
1.062321e+02  5.830849e-02
1.061392e+02  1.818989e-12
1.061392e+02  1.818989e-12
1.061392e+02  1.818989e-12
1.061392e+02  1.818989e-12
1.061392e+02  1.818989e-12
1.061392e+02  1.818989e-12
1.061392e+02  1.818989e-12
1.061392e+02  1.818989e-12
1.061392e+02  1.818989e-12
1.061392e+02  1.818989e-12
1.061392e+02  1.818989e-12
1.061392e+02  1.818989e-12
1.061392e+02  1.818989e-12
1.061392e+02  1.818989e-12
1.061392e+02  1.818989e-12
1.061392e+02  1.818989e-12
1.061392e+02  1.818989e-12
1.061392e+02  1.818989e-12
1.061392e+02  1.818989e-12
1.061392e+02  1.818989e-12
1.061392e+02  1.818989e-12
1.061391e+02  2.201185e-03
1.061178e+02  3.473449e-02
1.060611e+02  4.862361e-03
1.060208e+02  5.736084e-02
1.059397e+02  1.321609e-12
1.059397e+02  1.321609e-12
1.059397e+02  1.321609e-12
1.059397e+02  1.321609e-12
1.059397e+02  1.321609e-12
1.059396e+02  3.484988e-03
1.059116e+02  5.171376e-02
1.058290e+02  3.736986e-02
1.058164e+02  2.970069e-12
1.058164e+02  2.970069e-12
1.058162e+02  7.540278e-03
1.057515e+02  1.144042e-01
1.055599e+02  5.094601e-02
1.055497e+02  2.472689e-12
1.055497e+02  2.472689e-12
1.055497e+02  2.472689e-12
1.055497e+02  2.472689e-12
1.055497e+02  2.472689e-12
1.055497e+02  2.472689e-12
1.055497e+02  2.472689e-12
1.055497e+02  2.472689e-12
1.055497e+02  2.472689e-12
1.055497e+02  2.472689e-12
1.055497e+02  2.472689e-12
1.055497e+02  2.472689e-12
1.055497e+02  2.472689e-12
1.055497e+02  2.472689e-12
1.055497e+02  2.472689e-12
1.055497e+02  2.472689e-12
1.055497e+02  2.472689e-12
1.055497e+02  2.472689e-12
1.055497e+02  2.472689e-12
1.055497e+02  2.472689e-12
1.055497e+02  2.472689e-12
1.055497e+02  2.472689e-12
1.055497e+02  2.472689e-12
1.055497e+02  2.472689e-12
1.055497e+02  2.472689e-12
1.055497e+02  2.472689e-12
1.055497e+02  2.472689e-12
1.055497e+02  2.472689e-12
1.055497e+02  2.472689e-12
1.055497e+02  2.472689e-12
1.055497e+02  2.472689e-12
1.055497e+02  2.472689e-12
1.055497e+02  2.472689e-12
1.055497e+02  2.472689e-12
1.055497e+02  2.472689e-12
1.055497e+02  2.472689e-12
1.055497e+02  2.472689e-12
1.055497e+02  2.472689e-12
1.055497e+02  2.472689e-12
1.055497e+02  2.472689e-12
1.055497e+02  2.472689e-12
1.055497e+02  2.472689e-12
1.055497e+02  2.472689e-12
1.055497e+02  2.472689e-12
1.055497e+02  2.472689e-12
1.055497e+02  2.472689e-12
1.055497e+02  2.472689e-12
1.055497e+02  2.472689e-12
1.055497e+02  2.472689e-12
1.055497e+02  2.472689e-12
1.055497e+02  2.472689e-12
1.055497e+02  2.472689e-12
1.055497e+02  2.472689e-12
1.055497e+02  2.472689e-12
1.055497e+02  2.472689e-12
1.055497e+02  2.472689e-12
1.055497e+02  2.472689e-12
1.055497e+02  2.472689e-12
1.055497e+02  2.472689e-12
1.055497e+02  2.472689e-12
1.055497e+02  2.472689e-12
1.055497e+02  2.472689e-12
1.055497e+02  2.472689e-12
1.055497e+02  2.472689e-12
1.055497e+02  2.472689e-12
1.055497e+02  2.472689e-12
1.055497e+02  2.472689e-12
1.055497e+02  2.472689e-12
1.055497e+02  2.472689e-12
1.055497e+02  2.472689e-12
1.055497e+02  2.472689e-12
1.055497e+02  2.472689e-12
1.055497e+02  2.472689e-12
1.055497e+02  2.472689e-12
1.055497e+02  2.472689e-12
1.055497e+02  2.472689e-12
1.055497e+02  2.472689e-12
1.055497e+02  2.472689e-12
1.055497e+02  2.472689e-12
1.055497e+02  2.472689e-12
1.055497e+02  2.472689e-12
1.055497e+02  2.472689e-12
1.055497e+02  2.472689e-12
1.055497e+02  2.472689e-12
1.055497e+02  2.472689e-12
1.055497e+02  2.472689e-12
1.055497e+02  2.472689e-12
1.055497e+02  2.472689e-12
1.055497e+02  2.472689e-12
1.055497e+02  2.472689e-12
1.055497e+02  2.472689e-12
1.055497e+02  2.472689e-12
1.055497e+02  2.472689e-12
1.055497e+02  2.472689e-12
1.055497e+02  2.472689e-12
1.055497e+02  2.472689e-12
1.055497e+02  2.472689e-12
1.055497e+02  2.472689e-12
1.055497e+02  2.472689e-12
1.055497e+02  2.472689e-12
1.055497e+02  2.472689e-12
1.055497e+02  2.472689e-12
1.055497e+02  2.472689e-12
1.055497e+02  2.472689e-12
1.055497e+02  2.472689e-12
1.055497e+02  2.472689e-12
1.055497e+02  2.472689e-12
1.055497e+02  2.472689e-12
1.055497e+02  2.472689e-12
1.055497e+02  2.472689e-12
1.055497e+02  2.472689e-12
1.055497e+02  2.472689e-12
1.055497e+02  2.472689e-12
1.055497e+02  2.472689e-12
1.055497e+02  2.472689e-12
1.055497e+02  2.472689e-12
1.055497e+02  2.472689e-12
1.055497e+02  2.472689e-12
1.055497e+02  2.472689e-12
1.055497e+02  2.472689e-12
1.055497e+02  2.472689e-12
1.055497e+02  2.472689e-12
1.055497e+02  2.472689e-12
1.055497e+02  2.472689e-12
1.055497e+02  2.472689e-12
1.055497e+02  2.472689e-12
1.055497e+02  2.472689e-12
1.055497e+02  2.472689e-12
1.055497e+02  2.472689e-12
1.055497e+02  2.472689e-12
1.055497e+02  2.472689e-12
1.055497e+02  2.472689e-12
1.055497e+02  2.472689e-12
1.055497e+02  2.472689e-12
1.055497e+02  2.472689e-12
1.055497e+02  2.472689e-12
1.055497e+02  2.472689e-12
1.055497e+02  2.472689e-12
1.055497e+02  2.472689e-12
1.055497e+02  2.472689e-12
1.055497e+02  2.472689e-12
1.055497e+02  2.472689e-12
1.055497e+02  2.472689e-12
1.055497e+02  2.472689e-12
1.055497e+02  2.472689e-12
1.055497e+02  2.472689e-12
1.055497e+02  2.472689e-12
1.055497e+02  2.472689e-12
1.055497e+02  2.472689e-12
1.055497e+02  2.472689e-12
1.055497e+02  2.472689e-12
1.055497e+02  2.472689e-12
1.055497e+02  2.472689e-12
1.055497e+02  2.472689e-12
1.055497e+02  2.472689e-12
1.055497e+02  2.472689e-12
1.055497e+02  2.472689e-12
1.055497e+02  2.472689e-12
1.055497e+02  2.472689e-12
1.055497e+02  2.472689e-12
1.055497e+02  2.472689e-12
1.055497e+02  2.472689e-12
1.055497e+02  2.472689e-12
1.055497e+02  2.472689e-12
1.055497e+02  2.472689e-12
1.055497e+02  2.472689e-12
1.055497e+02  2.472689e-12
1.055497e+02  2.472689e-12
1.055497e+02  2.472689e-12
1.055497e+02  2.472689e-12
1.055497e+02  2.472689e-12
1.055497e+02  2.472689e-12
1.055497e+02  2.472689e-12
1.055497e+02  2.472689e-12
1.055497e+02  2.472689e-12
1.055497e+02  2.472689e-12
1.055497e+02  2.472689e-12
1.055497e+02  2.472689e-12
1.055497e+02  2.472689e-12
1.055497e+02  2.472689e-12
1.055497e+02  2.472689e-12
1.055497e+02  2.472689e-12
1.055497e+02  2.472689e-12
1.055497e+02  2.472689e-12
1.055497e+02  2.472689e-12
1.055497e+02  2.472689e-12
1.055497e+02  2.472689e-12
1.055497e+02  2.472689e-12
1.055497e+02  2.472689e-12
1.055497e+02  2.472689e-12
1.055497e+02  2.472689e-12
1.055493e+02  1.583683e-02
1.053812e+02  2.568838e-01
1.049896e+02  1.264766e-12
1.049896e+02  1.264766e-12
1.049896e+02  1.264766e-12
1.049896e+02  1.264766e-12
1.049896e+02  1.264766e-12
1.049896e+02  1.264766e-12
1.049896e+02  1.264766e-12
1.049896e+02  1.264766e-12
1.049896e+02  1.264766e-12
1.049896e+02  1.264766e-12
1.049896e+02  1.264766e-12
1.049896e+02  1.264766e-12
1.049896e+02  1.264766e-12
1.049896e+02  1.264766e-12
1.049896e+02  1.264766e-12
1.049896e+02  1.264766e-12
1.049896e+02  1.264766e-12
1.049896e+02  1.264766e-12
1.049896e+02  1.264766e-12
1.049896e+02  1.264766e-12
1.049896e+02  1.264766e-12
1.049896e+02  1.264766e-12
1.049896e+02  1.264766e-12
1.049896e+02  1.264766e-12
1.049896e+02  1.264766e-12
1.049896e+02  1.264766e-12
1.049896e+02  1.264766e-12
1.049896e+02  1.264766e-12
1.049896e+02  1.264766e-12
1.049896e+02  1.264766e-12
1.049896e+02  1.264766e-12
1.049896e+02  1.264766e-12
1.049896e+02  1.264766e-12
1.049896e+02  1.264766e-12
1.049896e+02  1.264766e-12
1.049896e+02  1.264766e-12
1.049896e+02  1.264766e-12
1.049896e+02  1.264766e-12
1.049896e+02  1.264766e-12
1.049896e+02  1.264766e-12
1.049896e+02  1.264766e-12
1.049896e+02  1.264766e-12
1.049896e+02  1.264766e-12
1.049896e+02  1.264766e-12
1.049896e+02  1.264766e-12
1.049896e+02  1.264766e-12
1.049896e+02  1.264766e-12
1.049896e+02  1.264766e-12
1.049896e+02  1.264766e-12
1.049896e+02  1.264766e-12
1.049896e+02  1.264766e-12
1.049896e+02  1.264766e-12
1.049896e+02  1.264766e-12
1.049896e+02  1.264766e-12
1.049896e+02  1.264766e-12
1.049896e+02  1.264766e-12
1.049896e+02  1.264766e-12
1.049896e+02  1.264766e-12
1.049896e+02  1.264766e-12
1.049896e+02  1.264766e-12
1.049896e+02  1.264766e-12
1.049896e+02  1.264766e-12
1.049896e+02  1.264766e-12
1.049896e+02  1.264766e-12
1.049896e+02  1.264766e-12
1.049896e+02  1.264766e-12
1.049896e+02  1.264766e-12
1.049896e+02  1.264766e-12
1.049896e+02  1.264766e-12
1.049896e+02  1.264766e-12
1.049896e+02  1.264766e-12
1.049896e+02  1.264766e-12
1.049896e+02  1.264766e-12
1.049896e+02  1.264766e-12
1.049896e+02  1.264766e-12
1.049896e+02  1.264766e-12
1.049896e+02  1.264766e-12
1.049896e+02  1.264766e-12
1.049896e+02  1.264766e-12
1.049896e+02  1.264766e-12
1.049896e+02  1.264766e-12
1.049896e+02  1.264766e-12
1.049896e+02  1.264766e-12
1.049896e+02  1.264766e-12
1.049896e+02  1.264766e-12
1.049896e+02  1.264766e-12
1.049896e+02  1.264766e-12
1.049896e+02  1.264766e-12
1.049896e+02  1.259467e-03
1.049786e+02  1.917479e-02
1.049492e+02  1.297518e-02
1.049450e+02  2.955858e-12
1.049450e+02  2.955858e-12
1.049450e+02  2.955858e-12
1.049450e+02  2.955858e-12
1.049450e+02  2.955858e-12
1.049450e+02  2.955858e-12
1.049450e+02  2.955858e-12
1.049450e+02  2.955858e-12
1.049450e+02  2.955858e-12
1.049450e+02  2.955858e-12
1.049450e+02  2.955858e-12
1.049450e+02  2.955858e-12
1.049450e+02  2.955858e-12
1.049450e+02  2.955858e-12
1.049450e+02  2.955858e-12
1.049450e+02  2.955858e-12
1.049450e+02  2.955858e-12
1.049450e+02  2.955858e-12
1.049450e+02  2.955858e-12
1.049450e+02  2.955858e-12
1.049450e+02  2.955858e-12
1.049450e+02  2.955858e-12
1.049450e+02  2.955858e-12
1.049450e+02  2.955858e-12
1.049450e+02  2.955858e-12
1.049450e+02  2.955858e-12
1.049450e+02  2.955858e-12
1.049450e+02  2.955858e-12
1.049450e+02  2.955858e-12
1.049450e+02  2.955858e-12
1.049450e+02  2.955858e-12
1.049450e+02  2.955858e-12
1.049450e+02  2.955858e-12
1.049450e+02  2.955858e-12
1.049450e+02  2.955858e-12
1.049450e+02  2.955858e-12
1.049450e+02  2.955858e-12
1.049450e+02  2.955858e-12
1.049450e+02  2.955858e-12
1.049450e+02  2.955858e-12
1.049450e+02  2.955858e-12
1.049450e+02  2.955858e-12
1.049450e+02  2.955858e-12
1.049450e+02  2.955858e-12
1.049450e+02  2.955858e-12
1.049450e+02  2.955858e-12
1.049450e+02  2.955858e-12
1.049450e+02  2.955858e-12
1.049450e+02  2.955858e-12
1.049450e+02  2.955858e-12
1.049450e+02  2.955858e-12
1.049450e+02  2.955858e-12
1.049450e+02  2.955858e-12
1.049450e+02  2.955858e-12
1.049450e+02  2.955858e-12
1.049450e+02  2.955858e-12
1.049450e+02  2.955858e-12
1.049450e+02  2.955858e-12
1.049450e+02  2.955858e-12
1.049450e+02  2.955858e-12
1.049450e+02  2.955858e-12
1.049450e+02  2.955858e-12
1.049450e+02  2.955858e-12
1.049450e+02  2.955858e-12
1.049450e+02  2.955858e-12
1.049450e+02  2.955858e-12
1.049450e+02  2.955858e-12
1.049450e+02  2.955858e-12
1.049450e+02  2.955858e-12
1.049450e+02  2.955858e-12
1.049450e+02  2.955858e-12
1.049449e+02  3.554861e-03
1.049091e+02  5.679384e-02
1.048193e+02  1.278977e-12
1.048193e+02  1.278977e-12
1.048193e+02  1.278977e-12
1.048193e+02  1.278977e-12
1.048193e+02  1.278977e-12
1.048193e+02  1.278977e-12
1.048193e+02  1.278977e-12
1.048193e+02  1.278977e-12
1.048193e+02  1.278977e-12
1.048193e+02  1.278977e-12
1.048193e+02  1.278977e-12
1.048193e+02  1.278977e-12
1.048193e+02  1.278977e-12
1.048193e+02  1.278977e-12
1.048193e+02  1.278977e-12
1.048193e+02  1.278977e-12
1.048193e+02  1.278977e-12
1.048193e+02  1.278977e-12
1.048193e+02  1.278977e-12
1.048193e+02  1.278977e-12
1.048193e+02  1.278977e-12
1.048193e+02  1.278977e-12
1.048193e+02  1.278977e-12
1.048193e+02  1.278977e-12
1.048193e+02  1.278977e-12
1.048193e+02  1.278977e-12
1.048193e+02  1.278977e-12
1.048193e+02  1.278977e-12
1.048193e+02  1.278977e-12
1.048193e+02  1.278977e-12
1.048193e+02  1.278977e-12
1.048193e+02  1.278977e-12
1.048193e+02  1.278977e-12
1.048193e+02  1.278977e-12
1.048193e+02  1.278977e-12
1.048193e+02  1.278977e-12
1.048193e+02  1.278977e-12
1.048193e+02  1.278977e-12
1.048193e+02  1.278977e-12
1.048193e+02  1.278977e-12
1.048193e+02  1.278977e-12
1.048193e+02  1.278977e-12
1.048193e+02  1.278977e-12
1.048193e+02  1.278977e-12
1.048193e+02  1.278977e-12
1.048193e+02  1.278977e-12
1.048193e+02  1.278977e-12
1.048193e+02  1.278977e-12
1.048193e+02  1.278977e-12
1.048193e+02  1.278977e-12
1.048193e+02  1.278977e-12
1.048193e+02  1.278977e-12
1.048193e+02  1.278977e-12
1.048193e+02  1.278977e-12
1.048193e+02  1.278977e-12
1.048193e+02  1.278977e-12
1.048193e+02  1.278977e-12
1.048193e+02  1.278977e-12
1.048193e+02  1.278977e-12
1.048193e+02  1.278977e-12
1.048193e+02  1.278977e-12
1.048193e+02  1.278977e-12
1.048193e+02  1.278977e-12
1.048193e+02  1.278977e-12
1.048193e+02  1.278977e-12
1.048193e+02  1.278977e-12
1.048193e+02  1.278977e-12
1.048193e+02  1.278977e-12
1.048193e+02  1.278977e-12
1.048193e+02  1.278977e-12
1.048193e+02  1.278977e-12
1.048193e+02  1.278977e-12
1.048193e+02  1.278977e-12
1.048193e+02  1.278977e-12
1.048193e+02  1.278977e-12
1.048193e+02  1.278977e-12
1.048193e+02  1.278977e-12
1.048193e+02  1.278977e-12
1.048193e+02  1.278977e-12
1.048193e+02  1.278977e-12
1.048193e+02  1.278977e-12
1.048193e+02  1.278977e-12
1.048193e+02  1.278977e-12
1.048193e+02  1.278977e-12
1.048193e+02  1.278977e-12
1.048193e+02  1.278977e-12
1.048193e+02  1.278977e-12
1.048193e+02  1.278977e-12
1.048193e+02  1.278977e-12
1.048193e+02  1.278977e-12
1.048193e+02  1.278977e-12
1.048193e+02  1.278977e-12
1.048193e+02  1.278977e-12
1.048193e+02  1.278977e-12
1.048193e+02  1.278977e-12
1.048193e+02  1.278977e-12
1.048193e+02  1.278977e-12
1.048193e+02  1.278977e-12
1.048193e+02  1.278977e-12
1.048193e+02  1.278977e-12
1.048193e+02  1.278977e-12
1.048193e+02  1.278977e-12
1.048193e+02  1.278977e-12
1.048193e+02  1.278977e-12
1.048193e+02  1.278977e-12
1.048193e+02  1.278977e-12
1.048193e+02  1.278977e-12
1.048193e+02  1.278977e-12
1.048193e+02  1.278977e-12
1.048193e+02  1.278977e-12
1.048193e+02  1.278977e-12
1.048193e+02  1.278977e-12
1.048193e+02  1.278977e-12
1.048193e+02  1.278977e-12
1.048193e+02  1.278977e-12
1.048193e+02  1.278977e-12
1.048193e+02  1.278977e-12
1.048193e+02  1.278977e-12
1.048193e+02  1.278977e-12
1.048193e+02  1.278977e-12
1.048193e+02  1.278977e-12
1.048193e+02  1.278977e-12
1.048193e+02  1.278977e-12
1.048193e+02  1.278977e-12
1.048193e+02  1.278977e-12
1.048193e+02  1.278977e-12
1.048193e+02  1.278977e-12
1.048193e+02  1.278977e-12
1.048193e+02  1.278977e-12
1.048193e+02  1.278977e-12
1.048193e+02  1.278977e-12
1.048193e+02  1.278977e-12
1.048193e+02  1.278977e-12
1.048193e+02  1.278977e-12
1.048193e+02  1.278977e-12
1.048193e+02  1.278977e-12
1.048193e+02  1.278977e-12
1.048193e+02  1.278977e-12
1.048193e+02  1.278977e-12
1.048193e+02  1.278977e-12
1.048193e+02  1.278977e-12
1.048193e+02  1.278977e-12
1.048193e+02  1.278977e-12
1.048193e+02  1.278977e-12
1.048193e+02  1.278977e-12
1.048193e+02  1.278977e-12
1.048193e+02  1.278977e-12
1.048193e+02  1.278977e-12
1.048193e+02  1.278977e-12
1.048193e+02  1.278977e-12
1.048193e+02  1.278977e-12
1.048193e+02  1.278977e-12
1.048193e+02  1.278977e-12
1.048193e+02  1.278977e-12
1.048193e+02  1.278977e-12
1.048193e+02  1.278977e-12
1.048193e+02  1.278977e-12
1.048193e+02  1.278977e-12
1.048193e+02  1.278977e-12
1.048193e+02  1.278977e-12
1.048193e+02  1.278977e-12
1.048193e+02  1.278977e-12
1.048193e+02  1.278977e-12
1.048193e+02  1.278977e-12
1.048193e+02  1.278977e-12
1.048193e+02  1.278977e-12
1.048193e+02  1.278977e-12
1.048193e+02  1.278977e-12
1.048193e+02  1.278977e-12
1.048193e+02  1.278977e-12
1.048193e+02  1.278977e-12
1.048193e+02  1.278977e-12
1.048193e+02  1.278977e-12
1.048193e+02  1.278977e-12
1.048193e+02  1.278977e-12
1.048193e+02  1.278977e-12
1.048193e+02  1.278977e-12
1.048193e+02  1.278977e-12
1.048193e+02  1.278977e-12
1.048193e+02  1.278977e-12
1.048193e+02  1.278977e-12
1.048193e+02  1.278977e-12
1.048193e+02  1.278977e-12
1.048193e+02  1.278977e-12
1.048193e+02  1.278977e-12
1.048193e+02  1.278977e-12
1.048193e+02  1.278977e-12
1.048193e+02  1.278977e-12
1.048193e+02  1.278977e-12
1.048193e+02  1.278977e-12
1.048193e+02  1.278977e-12
1.048193e+02  1.278977e-12
1.048193e+02  1.278977e-12
1.048193e+02  1.278977e-12
1.048193e+02  1.278977e-12
1.048193e+02  1.278977e-12
1.048193e+02  1.278977e-12
1.048193e+02  1.278977e-12
1.048193e+02  1.278977e-12
1.048193e+02  1.278977e-12
1.048193e+02  1.278977e-12
1.048193e+02  1.278977e-12
1.048193e+02  1.278977e-12
1.048193e+02  1.278977e-12
1.048193e+02  1.278977e-12
1.048193e+02  1.278977e-12
1.048193e+02  1.278977e-12
1.048193e+02  1.278977e-12
1.048193e+02  1.278977e-12
1.048193e+02  1.278977e-12
1.048193e+02  1.278977e-12
1.048193e+02  1.278977e-12
1.048193e+02  1.278977e-12
1.048193e+02  1.278977e-12
1.048193e+02  1.278977e-12
1.048193e+02  1.278977e-12
1.048193e+02  1.278977e-12
1.048193e+02  1.278977e-12
1.048193e+02  1.278977e-12
1.048193e+02  1.278977e-12
1.048193e+02  1.278977e-12
1.048193e+02  1.278977e-12
1.048193e+02  1.278977e-12
1.048193e+02  1.278977e-12
1.048193e+02  1.278977e-12
1.048193e+02  1.278977e-12
1.048193e+02  1.278977e-12
1.048193e+02  1.278977e-12
1.048193e+02  1.278977e-12
1.048193e+02  1.278977e-12
1.048193e+02  1.278977e-12
1.048193e+02  1.278977e-12
1.048193e+02  1.278977e-12
1.048193e+02  1.278977e-12
1.048193e+02  1.278977e-12
1.048193e+02  1.278977e-12
1.048193e+02  1.278977e-12
1.048193e+02  1.278977e-12
1.048193e+02  1.278977e-12
1.048193e+02  1.278977e-12
1.048193e+02  1.278977e-12
1.048193e+02  1.278977e-12
1.048193e+02  1.278977e-12
1.048193e+02  1.278977e-12
1.048193e+02  1.278977e-12
1.048193e+02  1.278977e-12
1.048193e+02  1.278977e-12
1.048193e+02  1.278977e-12
1.048193e+02  1.278977e-12
1.048193e+02  1.278977e-12
1.048193e+02  1.278977e-12
1.048193e+02  1.278977e-12
1.048193e+02  1.278977e-12
1.048193e+02  1.278977e-12
1.048193e+02  1.278977e-12
1.048193e+02  1.278977e-12
1.048193e+02  1.278977e-12
1.048193e+02  1.278977e-12
1.048193e+02  1.278977e-12
1.048193e+02  1.278977e-12
1.048193e+02  1.278977e-12
1.048193e+02  1.278977e-12
1.048193e+02  1.278977e-12
1.048193e+02  1.278977e-12
1.048193e+02  1.278977e-12
1.048193e+02  1.278977e-12
1.048193e+02  1.278977e-12
1.048193e+02  1.278977e-12
1.048193e+02  1.278977e-12
1.048193e+02  1.278977e-12
1.048193e+02  1.278977e-12
1.048193e+02  1.278977e-12
1.048193e+02  1.278977e-12
1.048193e+02  1.278977e-12
1.048193e+02  1.278977e-12
1.048193e+02  1.278977e-12
1.048193e+02  1.278977e-12
1.048193e+02  1.278977e-12
1.048193e+02  1.278977e-12
1.048193e+02  1.278977e-12
1.048193e+02  1.278977e-12
1.048193e+02  1.278977e-12
1.048193e+02  1.278977e-12
1.048193e+02  1.278977e-12
1.048193e+02  1.278977e-12
1.048193e+02  1.278977e-12
1.048193e+02  1.278977e-12
1.048193e+02  1.278977e-12
1.048193e+02  1.278977e-12
1.048193e+02  1.278977e-12
1.048193e+02  1.278977e-12
1.048193e+02  1.278977e-12
1.048191e+02  5.998518e-03
1.047569e+02  9.684676e-02
1.045835e+02  3.413489e-02
1.045342e+02  1.250555e-12
1.045342e+02  1.250555e-12
1.045342e+02  1.250555e-12
1.045342e+02  1.250555e-12
1.045342e+02  1.250555e-12
1.045342e+02  1.250555e-12
1.045342e+02  1.250555e-12
1.045342e+02  1.250555e-12
1.045342e+02  1.250555e-12
1.045342e+02  1.250555e-12
1.045342e+02  1.250555e-12
1.045342e+02  1.250555e-12
1.045342e+02  1.250555e-12
1.045342e+02  1.250555e-12
1.045342e+02  1.250555e-12
1.045342e+02  1.250555e-12
1.045342e+02  1.250555e-12
1.045342e+02  1.250555e-12
1.045342e+02  1.250555e-12
1.045342e+02  1.250555e-12
1.045342e+02  1.250555e-12
1.045342e+02  1.250555e-12
1.045342e+02  1.250555e-12
1.045342e+02  1.250555e-12
1.045342e+02  1.250555e-12
1.045342e+02  1.250555e-12
1.045342e+02  1.250555e-12
1.045342e+02  1.250555e-12
1.045342e+02  1.250555e-12
1.045342e+02  1.250555e-12
1.045342e+02  1.250555e-12
1.045342e+02  1.250555e-12
1.045342e+02  1.250555e-12
1.045342e+02  1.250555e-12
1.045342e+02  1.250555e-12
1.045342e+02  1.250555e-12
1.045342e+02  1.250555e-12
1.045342e+02  1.250555e-12
1.045342e+02  1.250555e-12
1.045342e+02  1.250555e-12
1.045342e+02  1.250555e-12
1.045342e+02  1.250555e-12
1.045342e+02  1.250555e-12
1.045342e+02  1.250555e-12
1.045342e+02  1.250555e-12
1.045342e+02  1.250555e-12
1.045342e+02  1.250555e-12
1.045342e+02  1.250555e-12
1.045342e+02  1.250555e-12
1.045342e+02  1.250555e-12
1.045342e+02  1.250555e-12
1.045342e+02  1.250555e-12
1.045342e+02  1.250555e-12
1.045342e+02  1.250555e-12
1.045342e+02  1.250555e-12
1.045342e+02  1.250555e-12
1.045342e+02  1.250555e-12
1.045342e+02  1.250555e-12
1.045342e+02  1.250555e-12
1.045342e+02  1.250555e-12
1.045342e+02  1.250555e-12
1.045342e+02  1.250555e-12
1.045342e+02  1.250555e-12
1.045342e+02  1.250555e-12
1.045342e+02  1.250555e-12
1.045342e+02  1.250555e-12
1.045342e+02  1.250555e-12
1.045342e+02  1.250555e-12
1.045342e+02  1.250555e-12
1.045342e+02  1.250555e-12
1.045342e+02  1.250555e-12
1.045342e+02  1.250555e-12
1.045342e+02  1.250555e-12
1.045342e+02  1.250555e-12
1.045342e+02  1.250555e-12
1.045342e+02  1.250555e-12
1.045342e+02  1.250555e-12
1.045342e+02  1.250555e-12
1.045342e+02  1.250555e-12
1.045342e+02  1.250555e-12
1.045342e+02  1.250555e-12
1.045342e+02  1.250555e-12
1.045342e+02  1.250555e-12
1.045342e+02  1.250555e-12
1.045342e+02  1.250555e-12
1.045342e+02  1.250555e-12
1.045342e+02  1.250555e-12
1.045342e+02  1.250555e-12
1.045342e+02  1.250555e-12
1.045342e+02  1.250555e-12
1.045342e+02  1.250555e-12
1.045342e+02  1.250555e-12
1.045342e+02  1.250555e-12
1.045342e+02  1.250555e-12
1.045342e+02  1.250555e-12
1.045342e+02  1.250555e-12
1.045342e+02  1.250555e-12
1.045342e+02  1.250555e-12
1.045342e+02  1.250555e-12
1.045342e+02  1.250555e-12
1.045342e+02  1.250555e-12
1.045342e+02  1.250555e-12
1.045342e+02  1.250555e-12
1.045342e+02  1.250555e-12
1.045342e+02  1.250555e-12
1.045342e+02  1.250555e-12
1.045342e+02  1.250555e-12
1.045342e+02  1.250555e-12
1.045342e+02  1.250555e-12
1.045342e+02  1.250555e-12
1.045342e+02  1.250555e-12
1.045342e+02  1.250555e-12
1.045342e+02  1.250555e-12
1.045342e+02  1.250555e-12
1.045342e+02  1.250555e-12
1.045342e+02  1.250555e-12
1.045342e+02  1.250555e-12
1.045342e+02  1.250555e-12
1.045342e+02  1.250555e-12
1.045342e+02  1.250555e-12
1.045342e+02  1.250555e-12
1.045342e+02  1.250555e-12
1.045342e+02  1.250555e-12
1.045342e+02  1.250555e-12
1.045342e+02  1.250555e-12
1.045342e+02  1.250555e-12
1.045342e+02  1.250555e-12
1.045342e+02  1.250555e-12
1.045342e+02  1.250555e-12
1.045342e+02  1.250555e-12
1.045342e+02  1.250555e-12
1.045342e+02  1.250555e-12
1.045342e+02  1.250555e-12
1.045342e+02  1.250555e-12
1.045342e+02  1.250555e-12
1.045342e+02  1.250555e-12
1.045342e+02  1.250555e-12
1.045342e+02  1.250555e-12
1.045342e+02  1.250555e-12
1.045342e+02  1.250555e-12
1.045342e+02  1.250555e-12
1.045342e+02  1.250555e-12
1.045342e+02  1.250555e-12
1.045342e+02  1.250555e-12
1.045342e+02  1.250555e-12
1.045342e+02  1.250555e-12
1.045342e+02  1.250555e-12
1.045342e+02  1.250555e-12
1.045342e+02  1.250555e-12
1.045342e+02  1.250555e-12
1.045342e+02  1.250555e-12
1.045342e+02  1.250555e-12
1.045342e+02  1.250555e-12
1.045342e+02  1.250555e-12
1.045342e+02  1.250555e-12
1.045342e+02  1.250555e-12
1.045342e+02  1.250555e-12
1.045342e+02  1.250555e-12
1.045342e+02  1.250555e-12
1.045342e+02  1.250555e-12
1.045342e+02  1.250555e-12
1.045342e+02  1.250555e-12
1.045342e+02  1.250555e-12
1.045342e+02  1.250555e-12
1.045342e+02  1.250555e-12
1.045342e+02  1.250555e-12
1.045342e+02  1.250555e-12
1.045342e+02  1.250555e-12
1.045342e+02  1.250555e-12
1.045342e+02  1.250555e-12
1.045342e+02  1.250555e-12
1.045342e+02  1.250555e-12
1.045342e+02  1.250555e-12
1.045342e+02  1.250555e-12
1.045342e+02  1.250555e-12
1.045342e+02  1.250555e-12
1.045342e+02  1.250555e-12
1.045342e+02  1.250555e-12
1.045342e+02  1.250555e-12
1.045342e+02  1.250555e-12
1.045342e+02  1.250555e-12
1.045342e+02  1.250555e-12
1.045342e+02  1.250555e-12
1.045342e+02  1.250555e-12
1.045342e+02  1.250555e-12
1.045342e+02  1.250555e-12
1.045342e+02  1.250555e-12
1.045342e+02  1.250555e-12
1.045342e+02  1.250555e-12
1.045342e+02  1.250555e-12
1.045342e+02  1.250555e-12
1.045342e+02  1.250555e-12
1.045342e+02  1.250555e-12
1.045342e+02  1.250555e-12
1.045342e+02  1.250555e-12
1.045342e+02  1.250555e-12
1.045342e+02  1.250555e-12
1.045342e+02  1.250555e-12
1.045342e+02  1.250555e-12
1.045342e+02  1.250555e-12
1.045342e+02  1.250555e-12
1.045342e+02  1.250555e-12
1.045342e+02  1.250555e-12
1.045342e+02  1.250555e-12
1.045342e+02  1.250555e-12
1.045342e+02  1.250555e-12
1.045342e+02  1.250555e-12
1.045342e+02  1.250555e-12
1.045342e+02  1.250555e-12
1.045342e+02  1.250555e-12
1.045342e+02  1.250555e-12
1.045342e+02  1.250555e-12
1.045342e+02  1.250555e-12
1.045342e+02  1.250555e-12
1.045342e+02  1.250555e-12
1.045342e+02  1.250555e-12
1.045342e+02  1.250555e-12
1.045342e+02  1.250555e-12
1.045342e+02  1.250555e-12
1.045342e+02  1.250555e-12
1.045342e+02  1.250555e-12
1.045342e+02  1.250555e-12
1.045342e+02  1.250555e-12
1.045342e+02  1.250555e-12
1.045342e+02  1.250555e-12
1.045342e+02  1.250555e-12
1.045342e+02  1.250555e-12
1.045342e+02  1.250555e-12
1.045342e+02  1.250555e-12
1.045342e+02  1.250555e-12
1.045342e+02  1.250555e-12
1.045342e+02  1.250555e-12
1.045342e+02  1.250555e-12
1.045342e+02  1.250555e-12
1.045342e+02  1.250555e-12
1.045342e+02  1.250555e-12
1.045342e+02  1.250555e-12
1.045342e+02  1.250555e-12
1.045342e+02  1.250555e-12
1.045342e+02  1.250555e-12
1.045342e+02  1.250555e-12
1.045342e+02  1.250555e-12
1.045342e+02  1.250555e-12
1.045342e+02  1.250555e-12
1.045342e+02  1.250555e-12
1.045342e+02  1.250555e-12
1.045342e+02  1.250555e-12
1.045342e+02  1.250555e-12
1.045342e+02  1.250555e-12
1.045342e+02  1.250555e-12
1.045342e+02  1.250555e-12
1.045342e+02  1.250555e-12
1.045342e+02  1.250555e-12
1.045342e+02  1.250555e-12
1.045342e+02  1.250555e-12
1.045342e+02  1.250555e-12
1.045342e+02  1.250555e-12
1.045342e+02  1.250555e-12
1.045342e+02  1.250555e-12
1.045342e+02  1.250555e-12
1.045342e+02  1.250555e-12
1.045342e+02  1.250555e-12
1.045342e+02  1.250555e-12
1.045342e+02  1.250555e-12
1.045342e+02  1.250555e-12
1.045342e+02  1.250555e-12
1.045342e+02  1.250555e-12
1.045342e+02  1.250555e-12
1.045342e+02  1.250555e-12
1.045342e+02  1.250555e-12
1.045342e+02  1.250555e-12
1.045342e+02  1.250555e-12
1.045342e+02  1.250555e-12
1.045342e+02  1.250555e-12
1.045342e+02  1.250555e-12
1.045342e+02  1.250555e-12
1.045342e+02  1.250555e-12
1.045342e+02  1.250555e-12
1.045342e+02  1.250555e-12
1.045342e+02  1.250555e-12
1.045342e+02  1.250555e-12
1.045342e+02  1.250555e-12
1.045342e+02  1.250555e-12
1.045342e+02  1.250555e-12
1.045342e+02  1.250555e-12
1.045342e+02  1.250555e-12
1.045342e+02  1.250555e-12
1.045342e+02  1.250555e-12
1.045342e+02  1.250555e-12
1.045342e+02  1.250555e-12
1.045342e+02  1.250555e-12
1.045342e+02  1.250555e-12
1.045342e+02  1.250555e-12
1.045342e+02  1.250555e-12
1.045342e+02  1.250555e-12
1.045342e+02  1.250555e-12
1.045342e+02  1.250555e-12
1.045342e+02  1.250555e-12
1.045342e+02  1.250555e-12
1.045342e+02  1.250555e-12
1.045342e+02  1.250555e-12
1.045342e+02  1.250555e-12
1.045342e+02  1.250555e-12
1.045342e+02  1.250555e-12
1.045342e+02  1.250555e-12
1.045342e+02  1.250555e-12
1.045342e+02  1.250555e-12
1.045342e+02  1.250555e-12
1.045342e+02  1.250555e-12
1.045342e+02  1.250555e-12
1.045342e+02  1.250555e-12
1.045342e+02  1.250555e-12
1.045342e+02  1.250555e-12
1.045342e+02  1.250555e-12
1.045342e+02  1.250555e-12
1.045342e+02  1.250555e-12
1.045342e+02  1.250555e-12
1.045342e+02  1.250555e-12
1.045342e+02  1.250555e-12
1.045342e+02  1.250555e-12
1.045342e+02  1.250555e-12
1.045342e+02  1.250555e-12
1.045342e+02  1.250555e-12
1.045342e+02  1.250555e-12
1.045342e+02  1.250555e-12
1.045342e+02  1.250555e-12
1.045342e+02  1.250555e-12
1.045342e+02  1.250555e-12
1.045342e+02  1.250555e-12
1.045342e+02  1.250555e-12
1.045342e+02  1.250555e-12
1.045342e+02  1.250555e-12
1.045342e+02  1.250555e-12
1.045342e+02  1.250555e-12
1.045342e+02  1.250555e-12
1.045342e+02  1.250555e-12
1.045342e+02  1.250555e-12
1.045342e+02  1.250555e-12
1.045342e+02  1.250555e-12
1.045342e+02  1.250555e-12
1.045342e+02  1.250555e-12
1.045342e+02  1.250555e-12
1.045342e+02  1.250555e-12
1.045342e+02  1.250555e-12
1.045342e+02  1.250555e-12
1.045342e+02  1.250555e-12
1.045342e+02  1.250555e-12
1.045342e+02  1.250555e-12
1.045342e+02  1.250555e-12
1.045342e+02  1.250555e-12
1.045342e+02  1.250555e-12
1.045342e+02  1.250555e-12
1.045342e+02  1.250555e-12
1.045342e+02  1.250555e-12
1.045342e+02  1.250555e-12
1.045342e+02  1.250555e-12
1.045342e+02  1.250555e-12
1.045342e+02  1.250555e-12
1.045342e+02  1.250555e-12
1.045342e+02  1.250555e-12
1.045342e+02  1.250555e-12
1.045342e+02  1.250555e-12
1.045342e+02  1.250555e-12
1.045342e+02  1.250555e-12
1.045342e+02  1.250555e-12
1.045342e+02  1.250555e-12
1.045342e+02  1.250555e-12
1.045342e+02  1.250555e-12
1.045342e+02  1.250555e-12
1.045342e+02  1.250555e-12
1.045342e+02  1.250555e-12
1.045342e+02  1.250555e-12
1.045342e+02  1.250555e-12
1.045342e+02  1.250555e-12
1.045342e+02  1.250555e-12
1.045342e+02  1.250555e-12
1.045342e+02  1.250555e-12
1.045342e+02  1.250555e-12
1.045342e+02  1.250555e-12
1.045342e+02  1.250555e-12
1.045342e+02  1.250555e-12
1.045342e+02  1.250555e-12
1.045342e+02  1.250555e-12
1.045342e+02  1.250555e-12
1.045342e+02  1.250555e-12
1.045342e+02  1.250555e-12
1.045342e+02  1.250555e-12
1.045342e+02  1.250555e-12
1.045342e+02  1.250555e-12
1.045342e+02  1.250555e-12
1.045342e+02  1.250555e-12
1.045342e+02  1.250555e-12
1.045342e+02  1.250555e-12
1.045342e+02  1.250555e-12
1.045342e+02  1.250555e-12
1.045342e+02  1.250555e-12
1.045342e+02  1.250555e-12
1.045342e+02  1.250555e-12
1.045342e+02  1.250555e-12
1.045342e+02  1.250555e-12
1.045342e+02  1.250555e-12
1.045342e+02  1.250555e-12
1.045342e+02  1.250555e-12
1.045342e+02  1.250555e-12
1.045342e+02  1.250555e-12
1.045342e+02  1.250555e-12
1.045342e+02  1.250555e-12
1.045342e+02  1.250555e-12
1.045342e+02  1.250555e-12
1.045342e+02  1.250555e-12
1.045342e+02  1.250555e-12
1.045342e+02  1.250555e-12
1.045342e+02  1.250555e-12
1.045342e+02  1.250555e-12
1.045342e+02  1.250555e-12
1.045342e+02  1.250555e-12
1.045342e+02  1.250555e-12
1.045342e+02  1.250555e-12
1.045342e+02  1.250555e-12
1.045342e+02  1.250555e-12
1.045342e+02  1.250555e-12
1.045342e+02  1.250555e-12
1.045342e+02  1.250555e-12
1.045342e+02  1.250555e-12
1.045342e+02  1.250555e-12
1.045342e+02  1.250555e-12
1.045342e+02  1.250555e-12
1.045342e+02  1.250555e-12
1.045342e+02  1.250555e-12
1.045342e+02  1.250555e-12
1.045342e+02  1.250555e-12
1.045342e+02  1.250555e-12
1.045342e+02  1.250555e-12
1.045342e+02  1.250555e-12
1.045342e+02  1.250555e-12
1.045342e+02  1.250555e-12
1.045342e+02  1.250555e-12
1.045342e+02  1.250555e-12
1.045342e+02  1.250555e-12
1.045342e+02  1.250555e-12
1.045342e+02  1.250555e-12
1.045342e+02  1.250555e-12
1.045342e+02  1.250555e-12
1.045342e+02  1.250555e-12
1.045342e+02  1.250555e-12
1.045342e+02  1.250555e-12
1.045342e+02  1.250555e-12
1.045342e+02  1.250555e-12
1.045342e+02  1.250555e-12
1.045342e+02  1.250555e-12
1.045342e+02  1.250555e-12
1.045342e+02  1.250555e-12
1.045342e+02  1.250555e-12
1.045342e+02  1.250555e-12
1.045342e+02  1.250555e-12
1.045342e+02  1.250555e-12
1.045342e+02  1.250555e-12
1.045342e+02  1.250555e-12
1.045342e+02  1.250555e-12
1.045342e+02  1.250555e-12
1.045342e+02  1.250555e-12
1.045342e+02  1.250555e-12
1.045342e+02  1.250555e-12
1.045342e+02  1.250555e-12
1.045342e+02  1.250555e-12
1.045342e+02  1.250555e-12
1.045342e+02  1.250555e-12
1.045342e+02  1.250555e-12
1.045342e+02  1.250555e-12
1.045342e+02  1.250555e-12
1.045342e+02  1.250555e-12
1.045342e+02  1.250555e-12
1.045342e+02  1.250555e-12
1.045342e+02  1.250555e-12
1.045342e+02  1.250555e-12
1.045342e+02  1.250555e-12
1.045342e+02  1.250555e-12
1.045342e+02  1.250555e-12
1.045342e+02  1.250555e-12
1.045342e+02  1.250555e-12
1.045342e+02  1.250555e-12
1.045342e+02  1.250555e-12
1.045342e+02  1.250555e-12
1.045342e+02  1.250555e-12
1.045342e+02  1.250555e-12
1.045342e+02  1.250555e-12
1.045342e+02  1.250555e-12
1.045342e+02  1.250555e-12
1.045342e+02  1.250555e-12
1.045342e+02  1.250555e-12
1.045342e+02  1.250555e-12
1.045342e+02  1.250555e-12
1.045342e+02  1.250555e-12
1.045342e+02  1.250555e-12
1.045342e+02  1.250555e-12
1.045342e+02  1.250555e-12
1.045342e+02  1.250555e-12
1.045342e+02  1.250555e-12
1.045342e+02  1.250555e-12
1.045342e+02  1.250555e-12
1.045342e+02  1.250555e-12
1.045342e+02  1.250555e-12
1.045342e+02  1.250555e-12
1.045342e+02  1.250555e-12
1.045342e+02  1.250555e-12
1.045342e+02  1.250555e-12
1.045342e+02  1.250555e-12
1.045342e+02  1.250555e-12
1.045342e+02  1.250555e-12
1.045342e+02  1.250555e-12
1.045342e+02  1.250555e-12
1.045342e+02  1.250555e-12
1.045342e+02  1.250555e-12
1.045342e+02  1.250555e-12
1.045342e+02  1.250555e-12
1.045342e+02  1.250555e-12
1.045342e+02  1.250555e-12
1.045342e+02  1.250555e-12
1.045342e+02  1.250555e-12
1.045342e+02  1.250555e-12
1.045342e+02  1.250555e-12
1.045342e+02  1.250555e-12
1.045342e+02  1.250555e-12
1.045342e+02  1.250555e-12
1.045342e+02  1.250555e-12
1.045342e+02  1.250555e-12
1.045342e+02  1.250555e-12
1.045342e+02  1.250555e-12
1.045342e+02  1.250555e-12
1.045342e+02  1.250555e-12
1.045342e+02  1.250555e-12
1.045342e+02  1.250555e-12
1.045342e+02  1.250555e-12
1.045342e+02  1.250555e-12
1.045342e+02  1.250555e-12
1.045342e+02  1.250555e-12
1.045342e+02  1.250555e-12
1.045342e+02  1.250555e-12
1.045342e+02  1.250555e-12
1.045342e+02  1.250555e-12
1.045342e+02  1.250555e-12
1.045342e+02  1.250555e-12
1.045342e+02  1.250555e-12
1.045342e+02  1.250555e-12
1.045342e+02  1.250555e-12
1.045342e+02  1.250555e-12
1.045342e+02  1.250555e-12
1.045342e+02  1.250555e-12
1.045342e+02  1.250555e-12
1.045342e+02  1.250555e-12
1.045342e+02  1.250555e-12
1.045342e+02  1.250555e-12
1.045342e+02  1.250555e-12
1.045342e+02  1.250555e-12
1.045342e+02  1.250555e-12
1.045342e+02  1.250555e-12
1.045342e+02  1.250555e-12
1.045342e+02  1.250555e-12
1.045342e+02  1.250555e-12
1.045342e+02  1.250555e-12
1.045342e+02  1.250555e-12
1.045342e+02  1.250555e-12
1.045342e+02  1.250555e-12
1.045342e+02  1.250555e-12
1.045342e+02  1.250555e-12
1.045342e+02  1.250555e-12
1.045342e+02  1.250555e-12
1.045342e+02  1.250555e-12
1.045342e+02  1.250555e-12
1.045342e+02  1.250555e-12
1.045342e+02  1.250555e-12
1.045342e+02  1.250555e-12
1.045342e+02  1.250555e-12
1.045342e+02  1.250555e-12
1.045342e+02  1.250555e-12
1.045342e+02  1.250555e-12
1.045342e+02  1.250555e-12
1.045342e+02  1.250555e-12
1.045342e+02  1.250555e-12
1.045342e+02  1.250555e-12
1.045342e+02  1.250555e-12
1.045342e+02  1.250555e-12
1.045342e+02  1.250555e-12
1.045342e+02  1.250555e-12
1.045342e+02  1.250555e-12
1.045342e+02  1.250555e-12
1.045342e+02  1.250555e-12
1.045342e+02  1.250555e-12
1.045342e+02  1.250555e-12
1.045342e+02  1.250555e-12
1.045342e+02  1.250555e-12
1.045342e+02  1.250555e-12
1.045342e+02  1.250555e-12
1.045342e+02  1.250555e-12
1.045342e+02  1.250555e-12
1.045342e+02  1.250555e-12
1.045342e+02  1.250555e-12
1.045342e+02  1.250555e-12
1.045342e+02  1.250555e-12
1.045342e+02  1.250555e-12
1.045342e+02  1.250555e-12
1.045342e+02  1.250555e-12
1.045342e+02  1.250555e-12
1.045342e+02  1.250555e-12
1.045342e+02  1.250555e-12
1.045342e+02  1.250555e-12
1.045342e+02  1.250555e-12
1.045342e+02  1.250555e-12
1.045342e+02  1.250555e-12
1.045342e+02  1.250555e-12
1.045342e+02  1.250555e-12
1.045342e+02  1.250555e-12
1.045342e+02  1.250555e-12
1.045342e+02  1.250555e-12
1.045342e+02  1.250555e-12
1.045342e+02  1.250555e-12
1.045342e+02  1.250555e-12
1.045342e+02  1.250555e-12
1.045342e+02  1.250555e-12
1.045342e+02  1.250555e-12
1.045342e+02  1.250555e-12
1.045342e+02  1.250555e-12
1.045342e+02  1.250555e-12
1.045342e+02  1.250555e-12
1.045342e+02  1.250555e-12
1.045342e+02  1.250555e-12
1.045342e+02  1.250555e-12
1.045342e+02  1.250555e-12
1.045342e+02  1.250555e-12
1.045342e+02  1.250555e-12
1.045342e+02  1.250555e-12
1.045342e+02  1.250555e-12
1.045342e+02  1.250555e-12
1.045342e+02  1.250555e-12
1.045342e+02  1.250555e-12
1.045342e+02  1.250555e-12
1.045342e+02  1.250555e-12
1.045342e+02  1.250555e-12
1.045342e+02  1.250555e-12
1.045342e+02  1.250555e-12
1.045342e+02  1.250555e-12
1.045342e+02  1.250555e-12
1.045342e+02  1.250555e-12
1.045342e+02  1.250555e-12
1.045342e+02  1.250555e-12
1.045342e+02  1.250555e-12
1.045342e+02  1.250555e-12
1.045342e+02  1.250555e-12
1.045342e+02  1.250555e-12
1.045342e+02  1.250555e-12
1.045342e+02  1.250555e-12
1.045342e+02  1.250555e-12
1.045342e+02  1.250555e-12
1.045342e+02  1.250555e-12
1.045342e+02  1.250555e-12
1.045342e+02  1.250555e-12
1.045342e+02  1.250555e-12
1.045342e+02  1.250555e-12
1.045342e+02  6.557347e-05
1.045316e+02  3.824857e-02
1.042330e+02  4.179874e-01
1.036119e+02  3.268497e-12
1.036119e+02  3.268497e-12
1.036119e+02  3.268497e-12
1.036119e+02  3.268497e-12
1.036119e+02  3.268497e-12
1.036119e+02  3.268497e-12
1.036119e+02  3.268497e-12
1.036119e+02  3.268497e-12
1.036119e+02  3.268497e-12
1.036119e+02  3.268497e-12
1.036119e+02  3.268497e-12
1.036119e+02  3.268497e-12
1.036119e+02  3.268497e-12
1.036119e+02  3.268497e-12
1.036119e+02  3.268497e-12
1.036119e+02  3.268497e-12
1.036119e+02  3.268497e-12
1.036119e+02  3.268497e-12
1.036119e+02  3.268497e-12
1.036119e+02  3.268497e-12
1.036119e+02  3.268497e-12
1.036119e+02  3.268497e-12
1.036119e+02  3.268497e-12
1.036119e+02  3.268497e-12
1.036119e+02  3.268497e-12
1.036119e+02  3.268497e-12
1.036119e+02  3.268497e-12
1.036119e+02  3.268497e-12
1.036119e+02  3.268497e-12
1.036119e+02  3.268497e-12
1.036119e+02  3.268497e-12
1.036119e+02  3.268497e-12
1.036119e+02  3.268497e-12
1.036119e+02  3.268497e-12
1.036119e+02  3.268497e-12
1.036119e+02  3.268497e-12
1.036119e+02  3.268497e-12
1.036119e+02  3.268497e-12
1.036119e+02  3.268497e-12
1.036119e+02  3.268497e-12
1.036119e+02  3.268497e-12
1.036119e+02  3.268497e-12
1.036119e+02  3.268497e-12
1.036119e+02  3.268497e-12
1.036119e+02  3.268497e-12
1.036119e+02  3.268497e-12
1.036119e+02  3.268497e-12
1.036119e+02  3.268497e-12
1.036119e+02  3.268497e-12
1.036119e+02  3.268497e-12
1.036119e+02  3.268497e-12
1.036119e+02  3.268497e-12
1.036119e+02  3.268497e-12
1.036119e+02  3.268497e-12
1.036119e+02  3.268497e-12
1.036119e+02  3.268497e-12
1.036119e+02  3.268497e-12
1.036119e+02  3.268497e-12
1.036119e+02  3.268497e-12
1.036119e+02  3.268497e-12
1.036119e+02  3.268497e-12
1.036119e+02  3.268497e-12
1.036119e+02  3.268497e-12
1.036119e+02  3.268497e-12
1.036119e+02  3.268497e-12
1.036119e+02  3.268497e-12
1.036119e+02  3.268497e-12
1.036119e+02  3.268497e-12
1.036119e+02  3.268497e-12
1.036119e+02  3.268497e-12
1.036119e+02  3.268497e-12
1.036119e+02  3.268497e-12
1.036119e+02  3.268497e-12
1.036119e+02  3.268497e-12
1.036119e+02  3.268497e-12
1.036119e+02  3.268497e-12
1.036119e+02  3.268497e-12
1.036119e+02  3.268497e-12
1.036119e+02  3.268497e-12
1.036119e+02  3.268497e-12
1.036119e+02  3.268497e-12
1.036119e+02  3.268497e-12
1.036119e+02  3.268497e-12
1.036119e+02  3.268497e-12
1.036119e+02  3.268497e-12
1.036119e+02  3.268497e-12
1.036119e+02  3.268497e-12
1.036119e+02  3.268497e-12
1.036119e+02  3.268497e-12
1.036119e+02  3.268497e-12
1.036119e+02  3.268497e-12
1.036119e+02  3.268497e-12
1.036119e+02  3.268497e-12
1.036119e+02  3.268497e-12
1.036119e+02  3.268497e-12
1.036119e+02  3.268497e-12
1.036119e+02  3.268497e-12
1.036119e+02  3.268497e-12
1.036119e+02  3.268497e-12
1.036119e+02  3.268497e-12
1.036119e+02  3.268497e-12
1.036119e+02  3.268497e-12
1.036119e+02  3.268497e-12
1.036119e+02  3.268497e-12
1.036119e+02  3.268497e-12
1.036119e+02  3.268497e-12
1.036119e+02  3.268497e-12
1.036119e+02  3.268497e-12
1.036119e+02  3.268497e-12
1.036119e+02  3.268497e-12
1.036119e+02  3.268497e-12
1.036119e+02  3.268497e-12
1.036119e+02  3.268497e-12
1.036119e+02  3.268497e-12
1.036119e+02  3.268497e-12
1.036119e+02  3.268497e-12
1.036119e+02  3.268497e-12
1.036119e+02  3.268497e-12
1.036119e+02  3.268497e-12
1.036119e+02  3.268497e-12
1.036119e+02  3.268497e-12
1.036119e+02  3.268497e-12
1.036119e+02  3.268497e-12
1.036119e+02  3.268497e-12
1.036119e+02  3.268497e-12
1.036119e+02  3.268497e-12
1.036119e+02  3.268497e-12
1.036119e+02  3.268497e-12
1.036119e+02  3.268497e-12
1.036119e+02  3.268497e-12
1.036119e+02  3.268497e-12
1.036119e+02  3.268497e-12
1.036119e+02  3.268497e-12
1.036119e+02  3.268497e-12
1.036119e+02  3.268497e-12
1.036119e+02  3.268497e-12
1.036119e+02  3.268497e-12
1.036119e+02  3.268497e-12
1.036119e+02  3.268497e-12
1.036119e+02  3.268497e-12
1.036119e+02  3.268497e-12
1.036119e+02  3.268497e-12
1.036119e+02  3.268497e-12
1.036119e+02  3.268497e-12
1.036119e+02  3.268497e-12
1.036119e+02  3.268497e-12
1.036119e+02  3.268497e-12
1.036119e+02  3.268497e-12
1.036119e+02  3.268497e-12
1.036119e+02  3.268497e-12
1.036119e+02  3.268497e-12
1.036119e+02  3.268497e-12
1.036119e+02  3.268497e-12
1.036119e+02  3.268497e-12
1.036119e+02  3.268497e-12
1.036119e+02  3.268497e-12
1.036119e+02  3.268497e-12
1.036119e+02  3.268497e-12
1.036119e+02  3.268497e-12
1.036119e+02  3.268497e-12
1.036119e+02  3.268497e-12
1.036119e+02  3.268497e-12
1.036119e+02  3.268497e-12
1.036119e+02  3.268497e-12
1.036119e+02  3.268497e-12
1.036119e+02  3.268497e-12
1.036119e+02  3.268497e-12
1.036119e+02  3.268497e-12
1.036119e+02  3.268497e-12
1.036119e+02  3.268497e-12
1.036119e+02  3.268497e-12
1.036119e+02  3.268497e-12
1.036119e+02  3.268497e-12
1.036119e+02  3.268497e-12
1.036119e+02  3.268497e-12
1.036119e+02  3.268497e-12
1.036119e+02  3.268497e-12
1.036119e+02  3.268497e-12
1.036119e+02  3.268497e-12
1.036119e+02  3.268497e-12
1.036119e+02  3.268497e-12
1.036119e+02  3.268497e-12
1.036119e+02  3.268497e-12
1.036119e+02  3.268497e-12
1.036119e+02  3.268497e-12
1.036119e+02  3.268497e-12
1.036119e+02  3.268497e-12
1.036119e+02  3.268497e-12
1.036119e+02  3.268497e-12
1.036119e+02  3.268497e-12
1.036119e+02  3.268497e-12
1.036119e+02  3.268497e-12
1.036119e+02  3.268497e-12
1.036119e+02  3.268497e-12
1.036119e+02  3.268497e-12
1.036119e+02  3.268497e-12
1.036119e+02  3.268497e-12
1.036119e+02  3.268497e-12
1.036119e+02  3.268497e-12
1.036119e+02  3.268497e-12
1.036119e+02  3.268497e-12
1.036119e+02  3.268497e-12
1.036119e+02  3.268497e-12
1.036119e+02  3.268497e-12
1.036119e+02  3.268497e-12
1.036119e+02  3.268497e-12
1.036119e+02  3.268497e-12
1.036119e+02  3.268497e-12
1.036119e+02  3.268497e-12
1.036119e+02  3.268497e-12
1.036119e+02  3.268497e-12
1.036119e+02  3.268497e-12
1.036119e+02  3.268497e-12
1.036119e+02  3.268497e-12
1.036119e+02  3.268497e-12
1.036119e+02  3.268497e-12
1.036119e+02  3.268497e-12
1.036119e+02  3.268497e-12
1.036119e+02  3.268497e-12
1.036119e+02  3.268497e-12
1.036119e+02  3.268497e-12
1.036119e+02  3.268497e-12
1.036119e+02  3.268497e-12
1.036119e+02  3.268497e-12
1.036119e+02  3.268497e-12
1.036119e+02  3.268497e-12
1.036119e+02  3.268497e-12
1.036119e+02  3.268497e-12
1.036119e+02  3.268497e-12
1.036119e+02  3.268497e-12
1.036119e+02  3.268497e-12
1.036119e+02  3.268497e-12
1.036119e+02  3.268497e-12
1.036119e+02  3.268497e-12
1.036119e+02  3.268497e-12
1.036119e+02  3.268497e-12
1.036119e+02  3.268497e-12
1.036119e+02  3.268497e-12
1.036119e+02  3.268497e-12
1.036119e+02  3.268497e-12
1.036119e+02  3.268497e-12
1.036119e+02  3.268497e-12
1.036119e+02  3.268497e-12
1.036119e+02  3.268497e-12
1.036119e+02  3.268497e-12
1.036119e+02  3.268497e-12
1.036119e+02  3.268497e-12
1.036119e+02  3.268497e-12
1.036119e+02  3.268497e-12
1.036119e+02  3.268497e-12
1.036119e+02  3.268497e-12
1.036119e+02  3.268497e-12
1.036119e+02  3.268497e-12
1.036119e+02  3.268497e-12
1.036119e+02  3.268497e-12
1.036119e+02  3.268497e-12
1.036119e+02  3.268497e-12
1.036119e+02  3.268497e-12
1.036119e+02  3.268497e-12
1.036119e+02  3.268497e-12
1.036119e+02  3.268497e-12
1.036119e+02  3.268497e-12
1.036119e+02  3.268497e-12
1.036119e+02  3.268497e-12
1.036119e+02  3.268497e-12
1.036119e+02  3.268497e-12
1.036119e+02  3.268497e-12
1.036119e+02  3.268497e-12
1.036119e+02  3.268497e-12
1.036119e+02  3.268497e-12
1.036119e+02  3.268497e-12
1.036119e+02  3.268497e-12
1.036119e+02  3.268497e-12
1.036119e+02  3.268497e-12
1.036119e+02  3.268497e-12
1.036119e+02  3.268497e-12
1.036119e+02  3.268497e-12
1.036119e+02  3.268497e-12
1.036119e+02  3.268497e-12
1.036119e+02  3.268497e-12
1.036119e+02  3.268497e-12
1.036119e+02  3.268497e-12
1.036119e+02  3.268497e-12
1.036119e+02  3.268497e-12
1.036119e+02  3.268497e-12
1.036119e+02  3.268497e-12
1.036119e+02  3.268497e-12
1.036119e+02  3.268497e-12
1.036119e+02  3.268497e-12
1.036119e+02  3.268497e-12
1.036119e+02  3.268497e-12
1.036119e+02  3.268497e-12
1.036119e+02  3.268497e-12
1.036119e+02  3.268497e-12
1.036119e+02  3.268497e-12
1.036119e+02  3.268497e-12
1.036119e+02  3.268497e-12
1.036119e+02  3.268497e-12
1.036119e+02  3.268497e-12
1.036119e+02  3.268497e-12
1.036119e+02  3.268497e-12
1.036119e+02  3.268497e-12
1.036119e+02  3.268497e-12
1.036119e+02  3.268497e-12
1.036119e+02  3.268497e-12
1.036119e+02  3.268497e-12
1.036119e+02  3.268497e-12
1.036119e+02  3.268497e-12
1.036119e+02  3.268497e-12
1.036119e+02  3.268497e-12
1.036119e+02  3.268497e-12
1.036119e+02  3.268497e-12
1.036119e+02  3.268497e-12
1.036119e+02  3.268497e-12
1.036119e+02  3.268497e-12
1.036119e+02  3.268497e-12
1.036119e+02  3.268497e-12
1.036119e+02  3.268497e-12
1.036119e+02  3.268497e-12
1.036119e+02  3.268497e-12
1.036119e+02  3.268497e-12
1.036119e+02  3.268497e-12
1.036119e+02  3.268497e-12
1.036119e+02  3.268497e-12
1.036119e+02  3.268497e-12
1.036119e+02  3.268497e-12
1.036119e+02  3.268497e-12
1.036119e+02  3.268497e-12
1.036119e+02  3.268497e-12
1.036119e+02  3.268497e-12
1.036119e+02  3.268497e-12
1.036119e+02  3.268497e-12
1.036119e+02  3.268497e-12
1.036119e+02  3.268497e-12
1.036119e+02  3.268497e-12
1.036119e+02  3.268497e-12
1.036119e+02  3.268497e-12
1.036119e+02  3.268497e-12
1.036117e+02  6.872357e-03
1.035400e+02  1.109601e-01
1.033688e+02  2.415845e-13
1.033688e+02  2.415845e-13
1.033688e+02  2.415845e-13
1.033688e+02  2.415845e-13
1.033688e+02  2.415845e-13
1.033688e+02  2.415845e-13
1.033688e+02  2.415845e-13
1.033688e+02  2.415845e-13
1.033688e+02  2.415845e-13
1.033688e+02  2.415845e-13
1.033688e+02  2.415845e-13
1.033688e+02  2.415845e-13
1.033688e+02  2.415845e-13
1.033688e+02  2.415845e-13
1.033688e+02  2.415845e-13
1.033688e+02  2.415845e-13
1.033688e+02  2.415845e-13
1.033688e+02  2.415845e-13
1.033688e+02  2.415845e-13
1.033688e+02  2.415845e-13
1.033688e+02  2.415845e-13
1.033688e+02  2.415845e-13
1.033688e+02  2.415845e-13
1.033688e+02  2.415845e-13
1.033688e+02  2.415845e-13
1.033688e+02  2.415845e-13
1.033688e+02  2.415845e-13
1.033688e+02  2.415845e-13
1.033688e+02  2.415845e-13
1.033688e+02  2.415845e-13
1.033688e+02  2.415845e-13
1.033688e+02  2.415845e-13
1.033688e+02  2.415845e-13
1.033688e+02  2.415845e-13
1.033688e+02  2.415845e-13
1.033688e+02  2.415845e-13
1.033688e+02  2.415845e-13
1.033688e+02  2.415845e-13
1.033688e+02  2.415845e-13
1.033688e+02  2.415845e-13
1.033688e+02  2.415845e-13
1.033688e+02  2.415845e-13
1.033688e+02  2.415845e-13
1.033688e+02  2.415845e-13
1.033688e+02  2.415845e-13
1.033688e+02  2.415845e-13
1.033688e+02  2.415845e-13
1.033688e+02  2.415845e-13
1.033688e+02  2.415845e-13
1.033688e+02  2.415845e-13
1.033688e+02  2.415845e-13
1.033688e+02  2.415845e-13
1.033688e+02  2.415845e-13
1.033688e+02  2.415845e-13
1.033688e+02  2.415845e-13
1.033688e+02  2.415845e-13
1.033688e+02  2.415845e-13
1.033688e+02  2.415845e-13
1.033688e+02  2.415845e-13
1.033688e+02  2.415845e-13
1.033688e+02  2.415845e-13
1.033688e+02  2.415845e-13
1.033688e+02  2.415845e-13
1.033688e+02  2.415845e-13
1.033688e+02  2.415845e-13
1.033688e+02  2.415845e-13
1.033688e+02  2.415845e-13
1.033688e+02  2.415845e-13
1.033688e+02  2.415845e-13
1.033688e+02  2.415845e-13
1.033688e+02  2.415845e-13
1.033688e+02  2.415845e-13
1.033688e+02  2.415845e-13
