0.799575
0.798754
0.797888
0.796978
0.796023
0.795025
0.793982
0.792897
0.79177
0.790603
0.789395
0.788148
0.786863
0.785541
0.784182
0.782787
0.781359
0.779899
0.778409
0.776888
0.77534
0.773765
0.772166
0.770545
0.768902
0.76724
0.76556
0.763865
0.762156
0.760436
0.758706
0.756969
0.755227
0.753481
0.751733
0.749985
0.748241
0.746501
0.744769
0.743045
0.741333
0.739634
0.73795
0.736282
0.734634
0.733007
0.731403
0.729824
0.728271
0.726748
0.725255
0.723794
0.722366
0.720973
0.719615
0.718294
0.717012
0.715769
0.714566
0.713405
0.712285
0.711207
0.710171
0.709178
0.708228
0.70732
0.706455
0.705633
0.704854
0.704118
0.703424
0.70277
0.702157
0.701584
0.701049
0.700552
0.700093
0.699671
0.699282
0.698927
0.698604
0.698312
0.69805
0.697816
0.69761
0.697431
0.697277
0.697148
0.697041
0.696958
0.696897
0.696857
0.696837
0.696839
0.696861
0.696902
0.696963
0.697042
0.697139
0.697253
0.697386
0.697538
0.697708
0.697898
0.698108
0.698338
0.69859
0.698864
0.69916
0.69948
0.699825
0.700196
0.700593
0.701018
0.701472
0.701957
0.702473
0.703021
0.703602
0.704218
0.704869
0.705558
0.706283
0.707045
0.707846
0.708687
0.709567
0.710487
0.711448
0.712448
0.713488
0.714569
0.715689
0.716849
0.718049
0.719288
0.720567
0.721882
0.723233
0.72462
0.726041
0.727494
0.728979
0.730495
0.732039
0.733611
0.735207
0.736826
0.738466
0.740125
0.741801
0.743492
0.745196
0.746911
0.748634
0.750362
0.752094
0.753828
0.755562
0.757293
0.75902
0.76074
0.762451
0.764153
0.765842
0.767516
0.769173
0.770812
0.772429
0.774025
0.775596
0.777144
0.778667
0.780162
0.781628
0.783063
0.784466
0.785835
0.787171
0.788473
0.78974
0.790971
0.792167
0.793327
0.79445
0.795537
0.796586
0.797598
0.798573
0.799511
0.800413
0.80128
0.80211
0.802906
0.803668
0.804397
0.805092
0.805757
0.806391
0.806998
0.807577
0.80813
0.808657
0.809159
0.809637
0.810093
0.810528
0.810944
0.811343
0.811726
0.812094
0.812449
0.812791
0.813122
0.813443
0.813756
0.814061
0.814359
0.814652
0.814942
0.815228
0.815512
0.815795
0.81608
0.816364
0.81665
0.816939
0.817231
0.817527
0.817825
0.818126
0.81843
0.818738
0.819049
0.819364
0.819682
0.820003
0.820325
0.820651
0.820978
0.821306
0.821632
0.821958
0.822281
0.8226
0.822916
0.823225
0.823529
0.823825
0.824113
0.824392
0.82466
0.824917
0.82516
0.825387
0.825597
0.825788
0.82596
0.826111
0.82624
0.826345
0.826426
0.826482
0.826512
0.826514
0.826488
0.826433
0.826348
0.826233
0.826088
0.825913
0.825707
0.825472
0.825207
0.824912
0.824588
0.824235
0.823855
0.823448
0.823015
0.822556
0.822072
0.821564
0.821035
0.820487
0.81992
0.819339
0.818743
0.818134
0.817515
0.816887
0.816252
0.815613
0.814971
0.814328
0.813686
0.813049
0.812416
0.811791
0.811176
0.810572
0.809983
0.809408
0.808851
0.808314
0.807796
0.8073
0.806829
0.806382
0.805961
0.805567
0.805201
0.804862
0.80455
0.804268
0.804015
0.803792
0.803598
0.803433
0.803298
0.803192
0.803114
0.803064
0.803042
0.803046
0.803076
0.803133
0.803216
0.803322
0.80345
0.803598
0.803767
0.803954
0.804158
0.804377
0.804611
0.804858
0.805116
0.805383
0.80566
0.805943
0.806234
0.806529
0.806828
0.807129
0.807429
0.807729
0.808026
0.80832
0.808609
0.808893
0.809171
0.809442
0.809705
0.809959
0.810204
0.810438
0.810661
0.810872
0.811071
0.811258
0.811432
0.811591
0.811736
0.811866
0.811982
0.812082
0.812168
0.812238
0.812292
0.812331
0.812354
0.812362
0.812354
0.812331
0.812292
0.812237
0.812167
0.81208
0.811979
0.811862
0.81173
0.811583
0.811421
0.811245
0.811053
0.810846
0.810624
0.810388
0.810137
0.809871
0.80959
0.809295
0.808984
0.808658
0.808316
0.807959
0.807586
0.807198
0.806793
0.806372
0.805934
0.805478
0.805004
0.804512
0.804002
0.803472
0.802924
0.802357
0.801769
0.801162
0.800534
0.799885
0.799214
0.798523
0.79781
0.797075
0.796319
0.795541
0.79474
0.793918
0.793072
0.792205
0.791315
0.790404
0.789471
0.788517
0.787543
0.786547
0.785532
0.784498
0.783444
0.782372
0.781281
0.780172
0.779045
0.777902
0.776744
0.775573
0.774388
0.77319
0.77198
0.770759
0.769527
0.768287
0.76704
0.765785
0.764525
0.76326
0.761991
0.760721
0.759449
0.758179
0.756911
0.755645
0.754384
0.753128
0.751879
0.750639
0.749408
0.748188
0.746983
0.745793
0.74462
0.743466
0.742333
0.741221
0.740132
0.739067
0.73803
0.737023
0.736045
0.735099
0.734186
0.733309
0.73247
0.73167
0.730911
0.730195
0.729524
0.728899
0.728323
0.727799
0.727326
0.726908
0.726546
0.726243
0.725998
0.725814
0.725694
0.725638
0.72565
0.725729
0.725878
0.726098
0.72639
0.726755
0.727195
0.727712
0.728306
0.728978
0.729729
0.730561
0.731473
0.732466
0.733541
0.734699
0.73594
0.737264
0.738671
0.74016
0.741732
0.743386
0.745124
0.746944
0.748845
0.750826
0.752887
0.755027
0.757246
0.759542
0.761915
0.764362
0.766882
0.769475
0.772136
0.774866
0.777661
0.780521
0.783443
0.786426
0.789468
0.792566
0.795718
0.798921
0.802173
0.805472
0.808815
0.812198
0.815618
0.819073
0.82256
0.826075
0.829617
0.83318
0.836762
0.840359
0.843969
0.847587
0.85121
0.854833
0.858455
0.862071
0.865677
0.869272
0.87285
0.876408
0.87994
0.883445
0.886918
0.890356
0.893753
0.897108
0.900416
0.903673
0.906875
0.91002
0.913103
0.916123
0.919075
0.921956
0.924763
0.927492
0.930143
0.932712
0.935197
0.937597
0.939906
0.942124
0.944248
0.946276
0.948206
0.950037
0.951767
0.953394
0.954917
0.956336
0.95765
0.958857
0.959957
0.960949
0.961834
0.962611
0.963281
0.963845
0.964302
0.964651
0.964893
0.965029
0.96506
0.964985
0.964808
0.964528
0.964145
0.963662
0.963077
0.962394
0.961612
0.960734
0.959761
0.958696
0.957539
0.956292
0.954955
0.953532
0.952025
0.950435
0.948763
0.947013
0.945185
0.943283
0.941308
0.939262
0.937145
0.93496
0.93271
0.930398
0.928027
0.925597
0.92311
0.920568
0.917972
0.915325
0.912629
0.909886
0.907097
0.904264
0.901388
0.898471
0.895515
0.892523
0.889496
0.886434
0.88334
0.880217
0.877066
0.873887
0.870682
0.867452
0.864198
0.860923
0.857627
0.854312
0.850977
0.847626
0.844258
0.840874
0.837478
0.83407
0.830649
0.827218
0.823778
0.820329
0.816874
0.813414
0.809951
0.806485
0.803017
0.79955
0.796085
0.792624
0.789169
0.785721
0.78228
0.778851
0.775435
0.772035
0.768651
0.765286
0.761941
0.758621
0.755327
0.75206
0.748825
0.745624
0.74246
0.739335
0.736254
0.733217
0.730228
0.72729
0.724407
0.721582
0.718817
0.716117
0.713485
0.710925
0.708438
0.706029
0.7037
0.701455
0.699297
0.697228
0.695251
0.693369
0.691584
0.6899
0.688317
0.686838
0.685464
0.684197
0.683039
0.68199
0.681054
0.680229
0.679515
0.678913
0.678421
0.678039
0.677768
0.677606
0.677551
0.677601
0.677755
0.678009
0.678363
0.678812
0.679353
0.679984
0.680701
0.6815
0.682376
0.683327
0.684346
0.68543
0.686574
0.687774
0.689026
0.690323
0.691663
0.693039
0.694448
0.695885
0.697345
0.698823
0.700314
0.701813
0.703315
0.704817
0.706315
0.707805
0.709282
0.710742
0.712182
0.713598
0.714988
0.716349
0.717677
0.71897
0.720225
0.721441
0.722616
0.723747
0.724834
0.725874
0.726868
0.727812
0.728709
0.729555
0.730352
0.731098
0.731793
0.732438
0.733035
0.733582
0.734081
0.734534
0.73494
0.735301
0.735618
0.735891
0.736123
0.736315
0.736468
0.736586
0.736669
0.736719
0.736737
0.736726
0.736687
0.736623
0.736537
0.736432
0.736307
0.736167
0.736012
0.735846
0.73567
0.735487
0.7353
0.735111
0.734922
0.734734
0.734551
0.734375
0.734207
0.734051
0.733909
0.733781
0.733671
0.733581
0.733513
0.733467
0.733445
0.733449
0.733482
0.733543
0.733635
0.733759
0.733917
0.73411
0.734339
0.734607
0.734915
0.735264
0.735652
0.736082
0.736555
0.73707
0.737629
0.738232
0.73888
0.739572
0.74031
0.741095
0.741925
0.7428
0.743721
0.744689
0.745702
0.74676
0.747862
0.749009
0.7502
0.751433
0.752709
0.754024
0.755379
0.756771
0.758199
0.759663
0.761161
0.76269
0.764248
0.765834
0.767445
0.769081
0.770739
0.772416
0.774112
0.775823
0.777547
0.779282
0.781024
0.782773
0.784525
0.786279
0.788031
0.78978
0.791524
0.793261
0.794988
0.796703
0.798404
0.800089
0.801755
0.8034
0.805026
0.806629
0.808208
0.809759
0.811283
0.812778
0.814243
0.815676
0.817077
0.818445
0.819779
0.82108
0.822347
0.823578
0.824773
0.82593
0.827051
0.828135
0.829182
0.830192
0.831165
0.832101
0.833002
0.833866
0.834694
0.835487
0.836245
0.836968
0.837657
0.838312
0.838935
0.839526
0.840086
0.840615
0.841116
0.841587
0.842031
0.842448
0.842841
0.84321
0.843553
0.843873
0.844168
0.844441
0.844693
0.844925
0.845137
0.845331
0.845505
0.845661
0.845801
0.845926
0.846036
0.846131
0.846212
0.846281
0.846339
0.846384
0.846417
0.846439
0.846449
0.846449
0.84644
0.846421
0.846393
0.846357
0.846311
0.846258
0.846197
0.846127
0.84605
0.845967
0.845876
0.845778
0.845673
0.84556
0.845441
0.845314
0.84518
0.845039
0.844891
0.844737
0.844577
0.844411
0.844239
0.844059
0.843872
0.843678
0.843475
0.843267
0.843052
0.842829
0.842599
0.842359
0.842111
0.841853
0.841585
0.841308
0.841022
0.840725
0.840417
0.840098
0.839768
0.839426
0.839073
0.838706
0.838325
0.837932
0.837524
0.837102
0.836666
0.836214
0.835748
0.835266
0.834767
0.834253
0.833723
0.833176
0.832612
0.832032
0.831435
0.830822
0.830191
0.829544
0.82888
0.828198
0.827501
0.826789
0.826061
0.825317
0.824557
0.823783
0.822996
0.822196
0.82138
0.820551
0.819709
0.818855
0.81799
0.817115
0.816229
0.815334
0.81443
0.813516
0.812594
0.811665
0.810731
0.809791
0.808845
0.807897
0.806945
0.805991
0.805035
0.804078
0.803121
0.802164
0.801209
0.800255
0.799305
0.798359
0.797417
0.796481
0.795551
0.79463
0.793717
0.792812
0.791917
0.791032
0.790157
0.789293
0.78844
0.787599
0.786772
0.785958
0.78516
0.784378
0.783613
0.782867
0.782141
0.781436
0.780751
0.780086
0.779442
0.77882
0.778219
0.777641
0.777085
0.776553
0.776045
0.775561
0.775102
0.774669
0.774262
0.773883
0.773529
0.773202
0.772902
0.772629
0.772384
0.772167
0.771978
0.771818
0.771685
0.77158
0.771502
0.771453
0.771431
0.771438
0.771473
0.771536
0.771624
0.771738
0.771877
0.772039
0.772227
0.772438
0.772671
0.772926
0.773201
0.773497
0.773811
0.774143
0.774492
0.774855
0.775232
0.775622
0.776024
0.776434
0.776852
0.777276
0.777705
0.778137
0.77857
0.779003
0.779433
0.779859
0.780279
0.78069
0.781091
0.78148
0.781856
0.782217
0.78256
0.782885
0.783188
0.783469
0.783725
0.783956
0.784159
0.784333
0.784477
0.784589
0.784667
0.784709
0.784715
0.784683
0.784612
0.784502
0.78435
0.784157
0.783921
0.783643
0.783321
0.782955
0.782546
0.782093
0.781596
0.781057
0.780475
0.779852
0.779188
0.778485
0.777742
0.776962
0.776145
0.775292
0.774406
0.773488
0.772539
0.771563
0.77056
0.769532
0.768482
0.767413
0.766326
0.765224
0.764109
0.762985
0.761854
0.760719
0.759583
0.758448
0.757318
0.756195
0.755082
0.75398
0.752892
0.751821
0.750769
0.749739
0.748734
0.747755
0.746806
0.745888
0.745003
0.744153
0.743342
0.74257
0.741839
0.74115
0.740506
0.739907
0.739354
0.73885
0.738396
0.737994
0.737644
0.737347
0.737103
0.736911
0.736774
0.736692
0.736666
0.736698
0.736785
0.73693
0.737131
0.737389
0.737702
0.738072
0.738498
0.73898
0.739518
0.740111
0.74076
0.741462
0.74222
0.743032
0.743896
0.744812
0.745777
0.746793
0.747858
0.748972
0.750133
0.751341
0.752592
0.753887
0.755223
0.756599
0.758014
0.759465
0.760952
0.762472
0.764024
0.765606
0.767215
0.76885
0.770508
0.772187
0.773885
0.7756
0.77733
0.779072
0.780826
0.782588
0.784356
0.786127
0.787899
0.789669
0.791436
0.793197
0.794947
0.796686
0.798411
0.80012
0.801809
0.803476
0.80512
0.806737
0.808327
0.809886
0.811412
0.812902
0.814354
0.815766
0.817137
0.818464
0.819747
0.820981
0.822166
0.823299
0.824378
0.825403
0.826371
0.827281
0.828131
0.82892
0.829646
0.830309
0.830907
0.83144
0.831906
0.832304
0.832634
0.832894
0.833084
0.833206
0.833257
0.833237
0.833146
0.832983
0.832749
0.832444
0.832067
0.83162
0.831103
0.830516
0.829861
0.829137
0.828347
0.827492
0.826572
0.825588
0.824541
0.823434
0.822267
0.821042
0.81976
0.818423
0.817032
0.815589
0.814097
0.812557
0.810974
0.809348
0.807682
0.805978
0.804238
0.802467
0.800665
0.798836
0.796983
0.795107
0.793215
0.791307
0.789386
0.787458
0.785523
0.783585
0.781647
0.779712
0.777785
0.775868
0.773965
0.772079
0.770214
0.768372
0.766557
0.764772
0.763021
0.761306
0.759631
0.757999
0.756413
0.754877
0.753392
0.751961
0.750587
0.749273
0.748021
0.746834
0.745714
0.744663
0.743681
0.742772
0.741935
0.741174
0.74049
0.739882
0.739353
0.738904
0.738534
0.738246
0.738038
0.737912
0.737865
0.737899
0.738012
0.738205
0.738475
0.738823
0.739245
0.739743
0.740314
0.740957
0.741669
0.742447
0.74329
0.744196
0.74516
0.746181
0.747254
0.748378
0.749549
0.750765
0.752022
0.753317
0.754646
0.756006
0.757392
0.758801
0.760231
0.761677
0.763134
0.7646
0.766072
0.767545
0.769016
0.770481
0.771935
0.773375
0.774797
0.776198
0.777575
0.778925
0.780245
0.781531
0.78278
0.783988
0.785155
0.786277
0.78735
0.788373
0.789343
0.790258
0.791116
0.791914
0.79265
0.793324
0.793934
0.794479
0.794956
0.795366
0.795707
0.795979
0.796181
0.796313
0.796375
0.796366
0.796287
0.796139
0.795923
0.79564
0.79529
0.794874
0.794395
0.793853
0.79325
0.792589
0.791872
0.791101
0.790278
0.789404
0.788481
0.787514
0.786504
0.785455
0.78437
0.783253
0.782105
0.780931
0.779735
0.778519
0.777286
0.776041
0.774787
0.773528
0.772266
0.771007
0.769752
0.768505
0.76727
0.766051
0.76485
0.763672
0.76252
0.761398
0.760308
0.759254
0.758237
0.757262
0.756331
0.755446
0.75461
0.753824
0.753093
0.752416
0.751796
0.751234
0.750732
0.750291
0.749913
0.749596
0.749344
0.749155
0.749032
0.748973
0.748979
0.749048
0.74918
0.749375
0.749632
0.74995
0.750329
0.750767
0.751261
0.751811
0.752414
0.753069
0.753775
0.754528
0.755327
0.756169
0.757051
0.75797
0.758926
0.759914
0.760933
0.76198
0.763051
0.764145
0.765258
0.766388
0.767531
0.768687
0.76985
0.771018
0.77219
0.773361
0.77453
0.775693
0.776849
0.777995
0.779129
0.780248
0.781351
0.782434
0.783496
0.784535
0.785548
0.786534
0.787491
0.788418
0.789313
0.790174
0.791
0.791789
0.792542
0.793257
0.793933
0.794569
0.795165
0.79572
0.796232
0.796702
0.797129
0.797512
0.797852
0.798148
0.798402
0.798612
0.79878
0.798905
0.798989
0.799032
0.799035
0.798997
0.798921
0.798807
0.798656
0.798468
0.798245
0.797988
0.797698
0.797377
0.797024
0.796642
0.796233
0.795797
0.795336
0.794852
0.794345
0.793818
0.793271
0.792708
0.79213
0.791536
0.790929
0.79031
0.78968
0.789041
0.788395
0.787744
0.787088
0.786428
0.785766
0.785105
0.784445
0.783788
0.783135
0.782487
0.781847
0.781214
0.780592
0.779982
0.779385
0.778803
0.778237
0.77769
0.777161
0.77665
0.776159
0.77569
0.775242
0.774818
0.774419
0.774046
0.7737
0.773381
0.773091
0.77283
0.772599
0.772399
0.772232
0.772096
0.771994
0.771927
0.771896
0.771901
0.771942
0.772021
0.772138
0.772291
0.772483
0.772713
0.772981
0.773288
0.773633
0.774017
0.77444
0.774901
0.775401
0.775939
0.776515
0.777129
0.77778
0.778469
0.779194
0.779956
0.780753
0.781587
0.782455
0.783357
0.784293
0.785263
0.786265
0.787298
0.788361
0.789454
0.790575
0.791723
0.792897
0.794097
0.795321
0.796568
0.797838
0.799129
0.80044
0.801769
0.803116
0.804478
0.805856
0.807246
0.808646
0.810057
0.811476
0.812903
0.814336
0.815775
0.817216
0.818658
0.820099
0.821539
0.822976
0.824409
0.825838
0.827261
0.828675
0.830079
0.83147
0.832848
0.834211
0.835558
0.836887
0.838199
0.839491
0.840764
0.842016
0.843246
0.844452
0.845633
0.846789
0.847919
0.849023
0.850099
0.851148
0.852168
0.853159
0.854119
0.855049
0.855948
0.856815
0.857651
0.858455
0.859226
0.859964
0.860667
0.861338
0.861974
0.862577
0.863147
0.863683
0.864183
0.864648
0.865078
0.865473
0.865833
0.866157
0.866447
0.866701
0.86692
0.867103
0.867251
0.867363
0.867441
0.867483
0.867489
0.867459
0.867394
0.867294
0.867158
0.866986
0.866778
0.866534
0.866254
0.865938
0.865586
0.865197
0.864773
0.864311
0.863814
0.863282
0.862714
0.86211
0.861471
0.860795
0.860084
0.859338
0.858556
0.857739
0.856887
0.856001
0.855083
0.85413
0.853144
0.852125
0.851072
0.849987
0.84887
0.847722
0.846545
0.845338
0.844101
0.842834
0.841538
0.840213
0.838861
0.837481
0.836075
0.834643
0.833187
0.831705
0.8302
0.828672
0.827123
0.825552
0.823961
0.822349
0.820717
0.819066
0.817396
0.815708
0.814003
0.812281
0.810545
0.808795
0.807031
0.805254
0.803464
0.801661
0.799848
0.798023
0.796188
0.794343
0.79249
0.790629
0.788762
0.786889
0.785011
0.783129
0.781243
0.779356
0.777468
0.77558
0.773693
0.771809
0.769928
0.768053
0.766184
0.764324
0.762473
0.760635
0.758811
0.757004
0.755214
0.753443
0.751694
0.749968
0.748268
0.746598
0.744958
0.743351
0.741779
0.740245
0.73875
0.737297
0.735891
0.734533
0.733226
0.73197
0.730769
0.729623
0.728536
0.72751
0.726546
0.725647
0.724814
0.72405
0.723356
0.722733
0.722185
0.72171
0.721312
0.720991
0.720747
0.720582
0.720497
0.720492
0.720566
0.72072
0.720953
0.721266
0.72166
0.722131
0.722681
0.723307
0.72401
0.724788
0.725639
0.726562
0.727556
0.728617
0.729745
0.730937
0.732192
0.733506
0.734877
0.736302
0.73778
0.739307
0.740881
0.742499
0.744159
0.745858
0.747592
0.749359
0.751156
0.752979
0.754826
0.756694
0.758581
0.760484
0.762402
0.76433
0.766267
0.76821
0.770156
0.772102
0.774047
0.775987
0.777919
0.779843
0.781756
0.783655
0.785539
0.787406
0.789255
0.791082
0.792885
0.794664
0.796417
0.798143
0.799839
0.801505
0.803141
0.804745
0.806314
0.807851
0.809352
0.810817
0.812245
0.813634
0.814986
0.816299
0.817575
0.818814
0.820015
0.821176
0.822299
0.823381
0.824425
0.82543
0.826397
0.827326
0.828218
0.829073
0.82989
0.83067
0.831414
0.832122
0.832794
0.833431
0.834036
0.834608
0.835147
0.835655
0.836132
0.836579
0.836997
0.837388
0.837751
0.838088
0.8384
0.838688
0.838953
0.839194
0.839414
0.839613
0.839792
0.839952
0.840094
0.84022
0.84033
0.840424
0.840504
0.84057
0.840623
0.840663
0.840692
0.84071
0.84072
0.840721
0.840715
0.840702
0.840683
0.840659
0.840632
0.840601
0.840568
0.840533
0.840499
0.840464
0.840429
0.840394
0.840361
0.840329
0.8403
0.840275
0.840253
0.840236
0.840225
0.840219
0.84022
0.840227
0.840239
0.840259
0.840285
0.840319
0.840361
0.840411
0.84047
0.840539
0.840616
0.840703
0.8408
0.840907
0.841024
0.841151
0.841286
0.84143
0.841582
0.841743
0.841911
0.842088
0.842271
0.842461
0.842658
0.84286
0.843068
0.84328
0.843494
0.843711
0.84393
0.844149
0.844368
0.844584
0.844797
0.845004
0.845205
0.845399
0.845583
0.845757
0.84592
0.84607
0.846206
0.846326
0.846428
0.846512
0.846575
0.846616
0.846633
0.846625
0.846589
0.846525
0.846431
0.846308
0.846152
0.845963
0.845739
0.845478
0.845179
0.84484
0.844461
0.844039
0.843576
0.84307
0.84252
0.841927
0.841288
0.840604
0.839873
0.839095
0.838269
0.837395
0.836472
0.835501
0.834482
0.833415
0.8323
0.831137
0.829926
0.828668
0.827363
0.826011
0.824614
0.823173
0.821688
0.820161
0.818591
0.816982
0.815333
0.813646
0.811924
0.810167
0.808377
0.806556
0.804707
0.80283
0.800926
0.799
0.797052
0.795084
0.793099
0.791099
0.789087
0.787065
0.785036
0.783
0.780961
0.77892
0.776881
0.774846
0.772816
0.770795
0.768785
0.766788
0.764809
0.762848
0.760908
0.758993
0.757104
0.755244
0.753415
0.75162
0.749862
0.748142
0.746463
0.744826
0.743233
0.741687
0.740188
0.738741
0.737344
0.736002
0.734715
0.733484
0.732313
0.731201
0.73015
0.729162
0.728236
0.727375
0.726579
0.725849
0.725185
0.724588
0.724059
0.723599
0.723206
0.722882
0.722626
0.722439
0.72232
0.72227
0.722288
0.722373
0.722526
0.722745
0.72303
0.723378
0.72379
0.724264
0.724798
0.725391
0.726043
0.726751
0.727513
0.72833
0.729197
0.730115
0.73108
0.732089
0.733141
0.734234
0.735364
0.736531
0.737732
0.738964
0.740225
0.741513
0.742826
0.74416
0.745514
0.746884
0.748268
0.749664
0.751068
0.75248
0.753897
0.755316
0.756735
0.75815
0.759561
0.760965
0.762359
0.763741
0.765109
0.766461
0.767796
0.769111
0.770404
0.771674
0.77292
0.774142
0.775336
0.776502
0.777638
0.778742
0.779816
0.780857
0.781864
0.782837
0.783776
0.78468
0.785548
0.78638
0.787176
0.787936
0.788661
0.789349
0.790001
0.790618
0.791201
0.79175
0.792266
0.792748
0.7932
0.793621
0.794011
0.794372
0.794705
0.79501
0.79529
0.795543
0.795774
0.795983
0.79617
0.796336
0.796484
0.796615
0.79673
0.796831
0.796919
0.796995
0.797061
0.797119
0.797169
0.797214
0.797255
0.797292
0.797326
0.79736
0.797395
0.797431
0.79747
0.797513
0.79756
0.797614
0.797675
0.797744
0.797822
0.79791
0.79801
0.798122
0.798247
0.798384
0.798535
0.7987
0.798881
0.799076
0.799287
0.799513
0.799755
0.800011
0.800283
0.800571
0.800875
0.801195
0.80153
0.80188
0.802243
0.802621
0.803012
0.803415
0.803831
0.804258
0.804694
0.805138
0.805591
0.806051
0.806516
0.806987
0.80746
0.807937
0.808415
0.808893
0.809371
0.809848
0.810322
0.810792
0.811257
0.811716
0.81217
0.812616
0.813053
0.813479
0.813894
0.814296
0.814686
0.815061
0.815421
0.815766
0.816095
0.816406
0.816699
0.816973
0.817227
0.817461
0.817673
0.817866
0.818036
0.818184
0.818309
0.81841
0.81849
0.818546
0.818579
0.81859
0.818576
0.818537
0.818472
0.818382
0.818265
0.818122
0.817953
0.817758
0.817535
0.817286
0.81701
0.816708
0.816379
0.816024
0.815642
0.815233
0.814797
0.814334
0.813843
0.813327
0.812783
0.812214
0.811618
0.810997
0.810352
0.809681
0.808985
0.808264
0.807518
0.806748
0.805954
0.805136
0.804294
0.803428
0.802538
0.801626
0.800692
0.799736
0.798759
0.79776
0.796741
0.795701
0.794641
0.793563
0.792467
0.791354
0.790225
0.78908
0.78792
0.786744
0.785555
0.784352
0.783137
0.781911
0.780675
0.779429
0.778176
0.776916
0.775651
0.774381
0.773109
0.771834
0.770558
0.769281
0.768006
0.766733
0.765466
0.764204
0.76295
0.761703
0.760466
0.759241
0.758029
0.75683
0.755646
0.754479
0.753331
0.752203
0.751097
0.750014
0.748956
0.747925
0.74692
0.745943
0.744994
0.744076
0.743191
0.74234
0.741523
0.740743
0.739998
0.739291
0.738622
0.737993
0.737404
0.736856
0.736349
0.735884
0.73546
0.73508
0.734743
0.734449
0.734199
0.733993
0.733832
0.733714
0.733639
0.733607
0.733617
0.733669
0.733762
0.733895
0.734068
0.73428
0.734531
0.734818
0.735142
0.7355
0.735892
0.736316
0.736771
0.737256
0.737768
0.738305
0.738867
0.73945
0.740055
0.740679
0.74132
0.741978
0.742649
0.743332
0.744025
0.744727
0.745435
0.746148
0.746864
0.74758
0.748297
0.749011
0.749721
0.750425
0.751123
0.751812
0.752491
0.753159
0.753815
0.754458
0.755087
0.755702
0.7563
0.756883
0.757449
0.757998
0.758529
0.759041
0.759534
0.760009
0.760465
0.760902
0.761321
0.761722
0.762106
0.762473
0.762825
0.763162
0.763485
0.763795
0.764095
0.764383
0.764661
0.764933
0.765197
0.765456
0.765712
0.765965
0.766218
0.766472
0.766728
0.76699
0.767259
0.767538
0.767826
0.768125
0.768438
0.768766
0.76911
0.769472
0.769852
0.770253
0.770674
0.771118
0.771585
0.772075
0.77259
0.77313
0.773697
0.774289
0.774908
0.775554
0.776226
0.776924
0.77765
0.778402
0.779179
0.779981
0.780808
0.781658
0.782532
0.783427
0.784344
0.78528
0.786234
0.787205
0.788191
0.789191
0.790204
0.791228
0.792264
0.793309
0.794361
0.795418
0.796481
0.797546
0.798613
0.799679
0.800743
0.801804
0.80286
0.80391
0.804953
0.805986
0.80701
0.80802
0.809018
0.810001
0.810968
0.811919
0.812852
0.813766
0.814662
0.815536
0.816389
0.817219
0.818025
0.818808
0.819568
0.820303
0.821012
0.821696
0.822356
0.822989
0.823597
0.82418
0.824736
0.825266
0.825771
0.82625
0.826704
0.827133
0.827536
0.827915
0.82827
0.828601
0.828909
0.829196
0.829462
0.829707
0.829933
0.83014
0.83033
0.830504
0.830665
0.830812
0.830948
0.831073
0.831189
0.831296
0.831397
0.83149
0.831578
0.831662
0.831744
0.831823
0.831903
0.831984
0.832068
0.832155
0.832246
0.832344
0.832448
0.83256
0.832678
0.832804
0.832939
0.833083
0.833236
0.8334
0.833574
0.833759
0.833956
0.834162
0.834377
0.834602
0.834834
0.835072
0.835317
0.835567
0.83582
0.836077
0.836337
0.836597
0.836857
0.837114
0.837366
0.837612
0.837849
0.838077
0.838292
0.838493
0.838679
0.838849
0.838999
0.839127
0.839231
0.839308
0.839357
0.839377
0.839366
0.839323
0.839246
0.839131
0.838978
0.838785
0.838553
0.838279
0.837962
0.837602
0.837197
0.836747
0.83625
0.835707
0.835117
0.83448
0.833797
0.833067
0.83229
0.831467
0.830598
0.829685
0.828727
0.827726
0.826684
0.825601
0.824477
0.823315
0.822116
0.82088
0.819611
0.818309
0.816977
0.815616
0.814228
0.812815
0.81138
0.809926
0.808454
0.806966
0.805467
0.803959
0.802443
0.800923
0.7994
0.797877
0.796355
0.794838
0.793329
0.79183
0.790342
0.788868
0.787412
0.785975
0.784559
0.783165
0.781796
0.780454
0.779142
0.777861
0.776613
0.775398
0.774219
0.773076
0.771972
0.770906
0.769881
0.768898
0.767958
0.76706
0.766207
0.765398
0.764636
0.763919
0.763247
0.762621
0.76204
0.761505
0.761016
0.760572
0.760173
0.759819
0.759508
0.759241
0.759017
0.758838
0.7587
0.758605
0.758549
0.758534
0.758557
0.758618
0.758717
0.758854
0.759026
0.759233
0.759474
0.759748
0.760055
0.760393
0.760761
0.761159
0.761586
0.76204
0.762522
0.76303
0.763562
0.764118
0.764696
0.765296
0.765915
0.766552
0.767208
0.76788
0.768568
0.769269
0.769985
0.770712
0.771451
0.772199
0.772956
0.77372
0.77449
0.775265
0.776042
0.776819
0.777597
0.778373
0.779146
0.779915
0.780677
0.781431
0.782176
0.78291
0.783631
0.784338
0.785028
0.785701
0.786355
0.78699
0.787603
0.788194
0.788761
0.789304
0.78982
0.790308
0.790768
0.791199
0.791599
0.791967
0.792303
0.792606
0.792876
0.793111
0.793311
0.793477
0.793607
0.793704
0.793765
0.793792
0.793785
0.793744
0.793668
0.79356
0.79342
0.793247
0.793042
0.792806
0.79254
0.792243
0.791919
0.791567
0.79119
0.790788
0.790363
0.789917
0.78945
0.788965
0.788462
0.787942
0.787408
0.786862
0.786305
0.785738
0.785162
0.784579
0.783991
0.7834
0.782806
0.782212
0.781618
0.781029
0.780444
0.779865
0.779294
0.778731
0.778181
0.777643
0.77712
0.776611
0.776119
0.775645
0.775191
0.774757
0.774346
0.773958
0.773594
0.773256
0.772944
0.772661
0.772405
0.772178
0.771982
0.771818
0.771685
0.771584
0.771516
0.771482
0.771482
0.771517
0.771587
0.771693
0.771836
0.772015
0.77223
0.772481
0.77277
0.773095
0.773458
0.773857
0.774293
0.774765
0.775275
0.775821
0.776403
0.777019
0.777671
0.778359
0.77908
0.779834
0.780619
0.781435
0.782282
0.78316
0.784067
0.785002
0.785964
0.786953
0.787968
0.789006
0.790067
0.79115
0.792254
0.793377
0.79452
0.795681
0.796858
0.79805
0.799255
0.800473
0.801702
0.80294
0.804186
0.805438
0.806696
0.807959
0.809225
0.810495
0.811766
0.813038
0.814309
0.815576
0.816839
0.818098
0.81935
0.820594
0.821831
0.823059
0.824278
0.825487
0.826683
0.827866
0.829037
0.830195
0.831337
0.832464
0.833575
0.834671
0.835751
0.836815
0.837861
0.83889
0.839901
0.840893
0.841867
0.84282
0.843754
0.844669
0.845563
0.846437
0.847289
0.84812
0.848928
0.849716
0.850481
0.851223
0.851943
0.85264
0.853313
0.853963
0.854589
0.855189
0.855765
0.856315
0.856839
0.857338
0.857808
0.858251
0.858666
0.859052
0.859409
0.859735
0.860031
0.860295
0.860528
0.860728
0.860895
0.861029
0.861129
0.861193
0.861223
0.861219
0.861179
0.861102
0.860988
0.860838
0.860651
0.860427
0.860166
0.859867
0.85953
0.859157
0.858746
0.8583
0.857817
0.857298
0.856744
0.856155
0.855532
0.854875
0.854187
0.853467
0.852717
0.851938
0.851132
0.850297
0.849437
0.848552
0.847643
0.846713
0.845763
0.844794
0.843809
0.842807
0.841791
0.840763
0.839723
0.838672
0.837612
0.836544
0.83547
0.834389
0.833306
0.83222
0.831133
0.830046
0.82896
0.827874
0.826792
0.825714
0.82464
0.823569
0.822503
0.821442
0.820388
0.819339
0.818297
0.817261
0.816232
0.81521
0.814194
0.813183
0.812178
0.811179
0.810185
0.809196
0.808211
0.807229
0.806249
0.805271
0.804294
0.803316
0.802338
0.801357
0.800373
0.799386
0.798394
0.797397
0.796395
0.795388
0.794373
0.793352
0.792322
0.791284
0.790239
0.789186
0.788124
0.787052
0.785971
0.784881
0.783782
0.782673
0.781556
0.780431
0.779297
0.778156
0.777007
0.775851
0.774689
0.773522
0.77235
0.771175
0.769997
0.768819
0.767639
0.766461
0.765286
0.764114
0.762946
0.761785
0.760632
0.75949
0.758359
0.757242
0.756139
0.755051
0.753982
0.752933
0.751905
0.7509
0.749919
0.748965
0.748038
0.747141
0.746274
0.745439
0.744637
0.743871
0.743141
0.742448
0.741793
0.741175
0.740597
0.740059
0.739563
0.739109
0.738698
0.73833
0.738004
0.73772
0.73748
0.737282
0.737127
0.737015
0.736946
0.73692
0.736935
0.736991
0.737089
0.737229
0.73741
0.737632
0.737893
0.738193
0.73853
0.738904
0.739313
0.739756
0.740232
0.74074
0.74128
0.741849
0.742448
0.743075
0.743728
0.744405
0.745105
0.745827
0.74657
0.747333
0.748114
0.748912
0.749724
0.75055
0.751389
0.752238
0.753098
0.753967
0.754842
0.755722
0.756607
0.757494
0.758382
0.75927
0.760157
0.761042
0.761923
0.762799
0.763667
0.764528
0.765378
0.766218
0.767046
0.767863
0.768664
0.769449
0.770216
0.770965
0.771693
0.772401
0.773086
0.773747
0.774384
0.774995
0.77558
0.776137
0.776666
0.777166
0.777635
0.778073
0.778479
0.778852
0.779192
0.779497
0.779767
0.780001
0.7802
0.780363
0.780491
0.780583
0.780639
0.78066
0.780645
0.780596
0.780512
0.780393
0.78024
0.780053
0.779833
0.779581
0.779298
0.778986
0.778644
0.778275
0.777882
0.777465
0.777028
0.776569
0.776091
0.775594
0.775082
0.774557
0.774019
0.773472
0.772917
0.772357
0.771794
0.771232
0.770672
0.770117
0.769567
0.769026
0.768497
0.767982
0.767483
0.767002
0.766542
0.766104
0.765691
0.765304
0.764946
0.764618
0.764323
0.764062
0.763836
0.763646
0.763495
0.763383
0.763311
0.763281
0.763292
0.763346
0.763442
0.763582
0.763765
0.763991
0.764261
0.764574
0.76493
0.765328
0.765769
0.766251
0.766774
0.767336
0.767937
0.768575
0.76925
0.76996
0.770704
0.771481
0.77229
0.773128
0.773995
0.774888
0.775807
0.776751
0.777718
0.778706
0.779713
0.780738
0.78178
0.782836
0.783906
0.784987
0.786079
0.78718
0.788289
0.789403
0.790521
0.791642
0.792765
0.793887
0.795009
0.796128
0.797245
0.798357
0.799465
0.800566
0.801661
0.802748
0.803826
0.804895
0.805956
0.807006
0.808045
0.809072
0.810087
0.811089
0.81208
0.81306
0.814025
0.814977
0.815915
0.816838
0.817749
0.818644
0.819526
0.820394
0.821248
0.822087
0.822913
0.823723
0.82452
0.825302
0.82607
0.826823
0.827559
0.82828
0.828986
0.829676
0.83035
0.831007
0.831647
0.83227
0.832874
0.83346
0.834027
0.834574
0.835101
0.835606
0.83609
0.83655
0.836987
0.837398
0.837784
0.838144
0.838478
0.838785
0.839061
0.839308
0.839524
0.839708
0.839858
0.839974
0.840055
0.840102
0.840111
0.840084
0.840017
0.839913
0.839768
0.839583
0.839357
0.839089
0.838782
0.838433
0.83804
0.837605
0.837127
0.836605
0.83604
0.835434
0.834784
0.834092
0.833358
0.832582
0.831765
0.830908
0.830012
0.829079
0.828108
0.827101
0.826059
0.824983
0.823874
0.822735
0.821566
0.820368
0.819144
0.817895
0.816622
0.815329
0.814016
0.812686
0.811339
0.809979
0.808606
0.807223
0.805831
0.804433
0.80303
0.801623
0.800215
0.798808
0.797402
0.796001
0.794606
0.793217
0.791838
0.79047
0.789115
0.787774
0.786448
0.785141
0.783852
0.782584
0.781339
0.780118
0.778923
0.777754
0.776614
0.775504
0.774425
0.77338
0.772368
0.771394
0.770457
0.769558
0.768699
0.767881
0.767105
0.766372
0.765683
0.76504
0.764444
0.763895
0.763395
0.762946
0.762547
0.7622
0.761904
0.76166
0.76147
0.761333
0.761251
0.761222
0.761249
0.761331
0.761466
0.761656
0.761899
0.762195
0.762544
0.762943
0.763394
0.763895
0.764447
0.765047
0.765695
0.766391
0.767131
0.767914
0.76874
0.769605
0.770509
0.771449
0.772424
0.773432
0.774471
0.775539
0.776634
0.777754
0.778896
0.780058
0.781239
0.782435
0.783644
0.784863
0.78609
0.787323
0.78856
0.789798
0.791034
0.792267
0.793493
0.794711
0.795917
0.797111
0.798289
0.79945
0.800591
0.80171
0.802805
0.803875
0.804918
0.805932
0.806914
0.807864
0.80878
0.809659
0.810501
0.811304
0.812068
0.812791
0.813471
0.814108
0.814701
0.815247
0.815747
0.816198
0.816602
0.816956
0.817261
0.817517
0.817723
0.817879
0.817984
0.818038
0.81804
0.817991
0.817891
0.817738
0.817534
0.817278
0.81697
0.816612
0.816203
0.815744
0.815235
0.814677
0.814071
0.813417
0.812716
0.81197
0.811178
0.810342
0.809462
0.80854
0.807577
0.806574
0.805532
0.804454
0.80334
0.802191
0.80101
0.799796
0.798551
0.797277
0.795976
0.79465
0.793299
0.791927
0.790535
0.789124
0.787696
0.786254
0.784798
0.783331
0.781854
0.780369
0.778879
0.777384
0.775888
0.774391
0.772895
0.771402
0.769914
0.768432
0.766959
0.765497
0.764048
0.762614
0.761195
0.759793
0.75841
0.757048
0.755709
0.754392
0.753101
0.751835
0.750596
0.749386
0.748206
0.747057
0.745939
0.744855
0.743805
0.742791
0.741813
0.740871
0.739967
0.739101
0.738275
0.737489
0.736742
0.736037
0.735373
0.734752
0.734173
0.733637
0.733144
0.732693
0.732286
0.731923
0.731604
0.731327
0.731094
0.730905
0.730758
0.730656
0.730597
0.730583
0.730612
0.730683
0.730796
0.73095
0.731145
0.731379
0.731653
0.731965
0.732315
0.732702
0.733125
0.733584
0.734077
0.734604
0.735163
0.735753
0.736373
0.737022
0.737697
0.738399
0.739125
0.739875
0.740647
0.741441
0.742256
0.74309
0.743942
0.744811
0.745696
0.746596
0.747509
0.748435
0.749372
0.75032
0.751279
0.752249
0.753228
0.754216
0.755212
0.756215
0.757224
0.75824
0.75926
0.760286
0.761318
0.762357
0.763401
0.76445
0.765504
0.766563
0.767628
0.768699
0.769777
0.770862
0.771954
0.773052
0.774158
0.77527
0.776391
0.777519
0.778656
0.779801
0.780954
0.782116
0.783286
0.784465
0.785652
0.786847
0.788049
0.789259
0.790476
0.791701
0.792932
0.794169
0.795412
0.796659
0.797909
0.799163
0.800418
0.801674
0.80293
0.804185
0.805439
0.806689
0.807936
0.809178
0.810412
0.811637
0.812853
0.814058
0.815249
0.816427
0.817589
0.818734
0.819858
0.820961
0.822041
0.823097
0.824126
0.825128
0.826101
0.827043
0.827952
0.828827
0.829666
0.830468
0.83123
0.831954
0.832636
0.833276
0.833874
0.834427
0.834933
0.835392
0.835803
0.836167
0.836482
0.836747
0.836962
0.837126
0.837238
0.837299
0.837308
0.837263
0.837168
0.837021
0.836821
0.83657
0.836266
0.83591
0.835503
0.835046
0.834538
0.833981
0.833374
0.832719
0.832017
0.831269
0.830476
0.829641
0.828764
0.827845
0.826885
0.825886
0.824849
0.823776
0.822667
0.821526
0.820354
0.819152
0.817921
0.816664
0.815382
0.814076
0.812749
0.811403
0.810041
0.808665
0.807276
0.805876
0.804468
0.803051
0.801629
0.800204
0.798777
0.797351
0.795929
0.794513
0.793104
0.791703
0.790313
0.788935
0.787573
0.786229
0.784904
0.783601
0.782322
0.781068
0.779843
0.778648
0.777485
0.776356
0.775264
0.774211
0.773198
0.772228
0.771301
0.77042
0.769586
0.768801
0.768067
0.767386
0.766758
0.766187
0.765673
0.765217
0.764821
0.764484
0.764209
0.763995
0.763843
0.763754
0.763729
0.763766
0.763867
0.764031
0.764258
0.764547
0.764898
0.765309
0.765779
0.766308
0.766895
0.767538
0.768234
0.768983
0.769783
0.770631
0.771526
0.772463
0.773441
0.774456
0.775506
0.776587
0.777697
0.778833
0.77999
0.781167
0.782359
0.783565
0.784779
0.785999
0.787223
0.788445
0.789664
0.790876
0.792078
0.793267
0.79444
0.795593
0.796725
0.797832
0.798912
0.799962
0.800979
0.80196
0.802904
0.803808
0.804672
0.805493
0.80627
0.807
0.807682
0.808315
0.808899
0.809431
0.809912
0.810341
0.810718
0.811043
0.811315
0.811535
0.811701
0.811815
0.811876
0.811884
0.81184
0.811746
0.811602
0.81141
0.811169
0.81088
0.810545
0.810165
0.809741
0.809275
0.808768
0.808222
0.807638
0.807017
0.806363
0.805676
0.804958
0.804212
0.803438
0.802639
0.801818
0.800976
0.800114
0.799234
0.798338
0.797427
0.796503
0.795568
0.794623
0.793669
0.792709
0.791743
0.790773
0.789801
0.788829
0.787856
0.786886
0.785917
0.784951
0.78399
0.783035
0.782085
0.781143
0.780209
0.779284
0.778369
0.777464
0.77657
0.775687
0.774815
0.773955
0.773108
0.772275
0.771456
0.77065
0.769859
0.769081
0.768317
0.767567
0.766831
0.76611
0.765404
0.764714
0.76404
0.763383
0.762743
0.762119
0.761512
0.760921
0.760346
0.759785
0.759241
0.758711
0.758197
0.7577
0.757217
0.75675
0.756299
0.755863
0.755441
0.755032
0.754638
0.754256
0.753888
0.753532
0.753188
0.752854
0.752532
0.752219
0.751917
0.751624
0.751341
0.751066
0.7508
0.750543
0.750292
0.750047
0.749808
0.749574
0.749344
0.749118
0.748895
0.748676
0.748459
0.748245
0.748033
0.747823
0.747614
0.747407
0.747202
0.746998
0.746797
0.746596
0.746397
0.746198
0.746
0.745804
0.74561
0.745417
0.745226
0.745037
0.74485
0.744667
0.744488
0.744314
0.744145
0.743982
0.743824
0.743673
0.74353
0.743395
0.743269
0.743153
0.743047
0.742952
0.74287
0.742799
0.742743
0.742701
0.742674
0.742663
0.742668
0.74269
0.742729
0.742787
0.742862
0.742957
0.743072
0.743207
0.743363
0.743541
0.74374
0.743963
0.744209
0.744476
0.744767
0.74508
0.745416
0.745775
0.746157
0.746563
0.746993
0.747447
0.747925
0.748427
0.748953
0.749501
0.750074
0.750669
0.751289
0.751931
0.752597
0.753286
0.753998
0.754734
0.755491
0.756272
0.757075
0.7579
0.758746
0.759614
0.760503
0.761414
0.762346
0.7633
0.764275
0.76527
0.766286
0.767323
0.768379
0.769454
0.770549
0.771663
0.772796
0.773947
0.775118
0.776308
0.777516
0.778744
0.779991
0.781257
0.782541
0.783844
0.785164
0.786502
0.787857
0.78923
0.790618
0.792024
0.793445
0.794882
0.796334
0.797801
0.799282
0.800775
0.802282
0.8038
0.805329
0.80687
0.808419
0.809975
0.811539
0.813109
0.814685
0.816265
0.817847
0.819431
0.821014
0.822597
0.824176
0.825753
0.827324
0.828887
0.830441
0.831985
0.833516
0.835033
0.836534
0.838016
0.839478
0.840918
0.842333
0.843724
0.845087
0.84642
0.847722
0.848992
0.850227
0.851428
0.852591
0.853716
0.8548
0.855841
0.856838
0.857789
0.858695
0.859553
0.860363
0.861125
0.861835
0.862493
0.863099
0.863651
0.864148
0.864591
0.864978
0.86531
0.865587
0.865808
0.865972
0.866079
0.866129
0.866121
0.866056
0.865934
0.865756
0.865522
0.865232
0.864887
0.864487
0.864032
0.863523
0.86296
0.862344
0.861675
0.860954
0.860182
0.85936
0.858488
0.857568
0.856601
0.855587
0.85453
0.853429
0.852283
0.851094
0.849864
0.848594
0.847284
0.845936
0.84455
0.843129
0.841673
0.840182
0.838658
0.837102
0.835516
0.8339
0.832257
0.830586
0.82889
0.827169
0.825424
0.823657
0.82187
0.820063
0.818239
0.816397
0.814541
0.81267
0.810786
0.808892
0.806986
0.805073
0.803152
0.801225
0.799293
0.797357
0.795419
0.793482
0.791545
0.789611
0.78768
0.785755
0.783838
0.781929
0.780032
0.778146
0.776273
0.774415
0.772572
0.770748
0.768944
0.767163
0.765404
0.763669
0.76196
0.760279
0.758626
0.757004
0.755413
0.753856
0.752333
0.750846
0.749397
0.747987
0.746617
0.745288
0.744001
0.742758
0.741558
0.740403
0.739294
0.738231
0.737215
0.736246
0.735325
0.734454
0.733632
0.73286
0.732137
0.731463
0.73084
0.730268
0.729746
0.729274
0.728853
0.728483
0.728163
0.727893
0.727672
0.727501
0.727378
0.727305
0.72728
0.727302
0.727371
0.727486
0.727647
0.727853
0.728104
0.728398
0.728735
0.729114
0.729534
0.729995
0.730495
0.731033
0.73161
0.732223
0.732873
0.733558
0.734277
0.73503
0.735816
0.736634
0.737482
0.738358
0.739262
0.740193
0.741149
0.74213
0.743134
0.74416
0.745206
0.746272
0.747357
0.748459
0.749577
0.750711
0.751859
0.75302
0.754193
0.755377
0.756571
0.757774
0.758986
0.760203
0.761427
0.762657
0.76389
0.765126
0.766363
0.767601
0.768838
0.770074
0.771308
0.772538
0.773764
0.774984
0.776199
0.777405
0.778603
0.779791
0.780968
0.782133
0.783284
0.784421
0.785543
0.786647
0.787733
0.788799
0.789845
0.790869
0.791871
0.792849
0.793801
0.794726
0.79562
0.796485
0.797317
0.798117
0.798882
0.799611
0.800302
0.800955
0.80157
0.802143
0.802674
0.803162
0.803605
0.804003
0.804356
0.804662
0.804921
0.805133
0.805297
0.805413
0.80548
0.805499
0.805471
0.805394
0.80527
0.805098
0.804878
0.80461
0.804297
0.803938
0.803536
0.803092
0.802607
0.802083
0.801521
0.800923
0.80029
0.799625
0.79893
0.798207
0.797458
0.796686
0.795895
0.795085
0.79426
0.793422
0.792574
0.791718
0.790856
0.789994
0.789132
0.788274
0.787422
0.786579
0.785747
0.784928
0.784127
0.783346
0.782587
0.78185
0.781139
0.780455
0.779802
0.77918
0.778594
0.778044
0.777531
0.777057
0.776624
0.776233
0.775885
0.775582
0.775324
0.775112
0.774948
0.774831
0.774764
0.774745
0.774776
0.774856
0.774984
0.775162
0.775389
0.775665
0.775988
0.776359
0.776776
0.777241
0.777751
0.778306
0.778906
0.779549
0.780234
0.78096
0.781728
0.782535
0.783379
0.784259
0.785175
0.786125
0.787107
0.788119
0.789161
0.79023
0.791325
0.792444
0.793587
0.794751
0.795936
0.797138
0.798358
0.799594
0.800846
0.802111
0.803387
0.804672
0.805966
0.807266
0.808569
0.809875
0.811182
0.812489
0.813793
0.815094
0.816389
0.817679
0.81896
0.820231
0.82149
0.822736
0.823967
0.825181
0.826376
0.827552
0.828708
0.82984
0.830947
0.832028
0.833082
0.834107
0.835101
0.836063
0.836993
0.837888
0.838748
0.839572
0.840356
0.8411
0.841802
0.84246
0.843074
0.843642
0.844164
0.844639
0.845066
0.845443
0.845772
0.846051
0.846279
0.846455
0.846579
0.84665
0.846669
0.846635
0.846548
0.846407
0.846211
0.845962
0.845658
0.8453
0.844889
0.844426
0.843909
0.843339
0.842718
0.842047
0.841325
0.840555
0.839735
0.838869
0.837955
0.836997
0.835994
0.834948
0.833858
0.832727
0.831557
0.830349
0.829103
0.827821
0.826504
0.825154
0.823772
0.822359
0.820918
0.81945
0.817956
0.816437
0.814895
0.813333
0.81175
0.810148
0.80853
0.806897
0.805248
0.803587
0.801914
0.80023
0.798539
0.79684
0.795136
0.793428
0.791717
0.790003
0.788289
0.786575
0.784862
0.783151
0.781445
0.779744
0.778051
0.776365
0.774686
0.773017
0.771358
0.76971
0.768072
0.766447
0.764835
0.763237
0.761654
0.760087
0.758535
0.757
0.755481
0.753979
0.752496
0.751032
0.749587
0.748162
0.746756
0.745371
0.744007
0.742664
0.741342
0.74004
0.738759
0.7375
0.736263
0.735048
0.733856
0.732686
0.731539
0.730415
0.729314
0.728237
0.727182
0.726151
0.725144
0.724161
0.723201
0.722266
0.721355
0.720468
0.719606
0.718768
0.717954
0.717164
0.716398
0.715657
0.71494
0.714247
0.713579
0.712934
0.712313
0.711716
0.711143
0.710595
0.71007
0.709568
0.709091
0.708637
0.708207
0.707802
0.707421
0.707066
0.706736
0.70643
0.70615
0.705894
0.705664
0.70546
0.705281
0.70513
0.705005
0.704907
0.704837
0.704796
0.704784
0.704802
0.704852
0.704934
0.70505
0.7052
0.705383
0.705601
0.705856
0.70615
0.706481
0.706851
0.707261
0.707713
0.708207
0.708743
0.709322
0.709946
0.710615
0.71133
0.712093
0.712904
0.713762
0.71467
0.715627
0.716633
0.717687
0.718791
0.719945
0.72115
0.722404
0.723707
0.725058
0.726455
0.727897
0.729385
0.730915
0.732489
0.734103
0.735757
0.737449
0.739178
0.74094
0.742734
0.744558
0.746409
0.748285
0.750184
0.752103
0.754038
0.755988
0.757951
0.759922
0.7619
0.763882
0.765865
0.767846
0.769823
0.771793
0.773753
0.775702
0.777636
0.779554
0.781452
0.78333
0.785184
0.787013
0.788814
0.790586
0.792327
0.794036
0.795712
0.797353
0.798959
0.800527
0.802059
0.803552
0.805007
0.806423
0.8078
0.809138
0.810436
0.811694
0.812914
0.814096
0.815239
0.816346
0.817416
0.818451
0.819453
0.820423
0.821361
0.822269
0.823147
0.823997
0.824821
0.82562
0.826396
0.82715
0.827885
0.828603
0.829306
0.829995
0.830671
0.831336
0.831993
0.832644
0.833289
0.833931
0.834571
0.83521
0.835851
0.836496
0.837143
0.837795
0.838454
0.83912
0.839795
0.84048
0.841175
0.841882
0.842599
0.84333
0.844072
0.844828
0.845595
0.846375
0.847168
0.847974
0.848793
0.849624
0.850467
0.85132
0.852184
0.853057
0.853939
0.854828
0.855724
0.856625
0.857529
0.858435
0.859342
0.860247
0.861149
0.862046
0.862938
0.863823
0.864698
0.865561
0.866411
0.867246
0.868063
0.868861
0.869638
0.870391
0.871119
0.87182
0.87249
0.873129
0.873737
0.87431
0.874849
0.875349
0.875808
0.876225
0.876598
0.876926
0.877207
0.877439
0.877623
0.877756
0.877838
0.877868
0.877845
0.877766
0.877631
0.87744
0.877193
0.876889
0.876528
0.876109
0.87563
0.875092
0.874495
0.873838
0.873122
0.872347
0.871514
0.870624
0.869677
0.868675
0.867618
0.866506
0.865341
0.864124
0.862856
0.86154
0.860175
0.858764
0.857309
0.855811
0.854272
0.852692
0.851075
0.849421
0.847732
0.846011
0.84426
0.842481
0.840677
0.838848
0.836998
0.835128
0.833241
0.831338
0.82942
0.827489
0.825547
0.823596
0.821637
0.819672
0.817702
0.815729
0.813756
0.811782
0.809809
0.807836
0.805865
0.803897
0.801934
0.799975
0.798022
0.796077
0.794139
0.792209
0.790286
0.788371
0.786466
0.78457
0.782684
0.780809
0.778945
0.777091
0.77525
0.77342
0.771603
0.7698
0.768011
0.766238
0.764481
0.762741
0.761019
0.759315
0.757631
0.755966
0.754324
0.752705
0.75111
0.74954
0.747995
0.746478
0.74499
0.74353
0.742101
0.740703
0.739339
0.738009
0.736715
0.735456
0.734234
0.733051
0.731906
0.730801
0.729735
0.72871
0.727726
0.726784
0.725885
0.725027
0.72421
0.723436
0.722702
0.72201
0.721358
0.720747
0.720175
0.719643
0.719149
0.718692
0.718272
0.717888
0.717538
0.717223
0.71694
0.716689
0.716469
0.716279
0.716117
0.715982
0.715873
0.715791
0.715734
0.715701
0.71569
0.715701
0.715734
0.715788
0.715862
0.715955
0.716068
0.716199
0.71635
0.716519
0.716707
0.716914
0.71714
0.717385
0.717649
0.717934
0.718238
0.718563
0.718909
0.719276
0.719667
0.720081
0.720519
0.720983
0.721471
0.721987
0.72253
0.723099
0.723697
0.724324
0.72498
0.725667
0.726384
0.727133
0.727914
0.728727
0.729572
0.73045
0.73136
0.732302
0.733276
0.734284
0.735323
0.736393
0.737494
0.738626
0.739788
0.740979
0.742198
0.743443
0.744715
0.746013
0.747334
0.748678
0.750044
0.751431
0.752838
0.754263
0.755705
0.757162
0.758634
0.760118
0.761614
0.763119
0.764633
0.766155
0.767683
0.769216
0.770753
0.772292
0.773833
0.775375
0.776915
0.778453
0.779989
0.78152
0.783047
0.784567
0.786081
0.787586
0.789084
0.790571
0.792049
0.793516
0.794971
0.796414
0.797844
0.799262
0.800667
0.802058
0.803435
0.804797
0.806144
0.807477
0.808794
0.810097
0.811385
0.812657
0.813912
0.815152
0.816376
0.817584
0.818775
0.819949
0.821106
0.822246
0.823369
0.824475
0.825563
0.826634
0.827688
0.828727
0.829748
0.830753
0.831741
0.832713
0.833669
0.834608
0.83553
0.836435
0.837323
0.838195
0.83905
0.839887
0.840706
0.841506
0.842289
0.843052
0.843797
0.844522
0.845229
0.845916
0.846584
0.847232
0.84786
0.848467
0.849053
0.849618
0.850161
0.850682
0.851179
0.851653
0.852102
0.852527
0.852928
0.853302
0.853651
0.853974
0.85427
0.854538
0.854779
0.854991
0.855173
0.855325
0.855447
0.855538
0.855598
0.855627
0.855625
0.855592
0.855526
0.855427
0.855295
0.855128
0.854926
0.854688
0.854414
0.854106
0.853762
0.853381
0.852963
0.852506
0.852012
0.851479
0.850907
0.850297
0.849648
0.848959
0.848231
0.847463
0.846655
0.845807
0.844919
0.84399
0.843022
0.842014
0.840965
0.839877
0.83875
0.837585
0.83638
0.835137
0.833856
0.832537
0.831182
0.82979
0.828363
0.826901
0.825406
0.823879
0.822319
0.820728
0.819108
0.817461
0.815786
0.814085
0.812361
0.810614
0.808847
0.807061
0.805259
0.803444
0.801618
0.799781
0.797935
0.796084
0.79423
0.792374
0.790521
0.788672
0.78683
0.784997
0.783176
0.781369
0.77958
0.777811
0.776064
0.774343
0.772649
0.770986
0.769355
0.76776
0.766204
0.764689
0.763217
0.761792
0.760414
0.759084
0.757805
0.756579
0.755408
0.754293
0.753236
0.752238
0.751302
0.750427
0.749615
0.748866
0.74818
0.74756
0.747004
0.746513
0.746087
0.745726
0.745429
0.745196
0.745027
0.74492
0.744876
0.744892
0.74497
0.745108
0.745303
0.745557
0.745866
0.746228
0.746644
0.747111
0.747629
0.748195
0.748807
0.749465
0.750166
0.750908
0.751691
0.752512
0.75337
0.754263
0.75519
0.756149
0.757139
0.758157
0.759202
0.760272
0.761367
0.762483
0.763621
0.764777
0.765952
0.767141
0.768345
0.769562
0.77079
0.772028
0.773274
0.774527
0.775786
0.777048
0.778313
0.779579
0.780847
0.782113
0.783377
0.784636
0.78589
0.787136
0.788374
0.789601
0.790817
0.79202
0.793207
0.79438
0.795536
0.796673
0.797789
0.798883
0.799953
0.800999
0.802019
0.803011
0.803973
0.804905
0.805805
0.806672
0.807504
0.808298
0.809055
0.80977
0.810444
0.811075
0.811661
0.812203
0.812699
0.813145
0.813542
0.813889
0.814184
0.814427
0.814617
0.814753
0.814833
0.814858
0.814827
0.814739
0.814595
0.814395
0.814137
0.813822
0.813449
0.813019
0.812531
0.811987
0.811387
0.810731
0.81002
0.809255
0.808436
0.807564
0.806642
0.805669
0.804647
0.803578
0.802465
0.801311
0.800115
0.798877
0.797601
0.796288
0.794939
0.793556
0.792143
0.790701
0.789233
0.787739
0.786224
0.78469
0.783138
0.781572
0.779994
0.778405
0.776809
0.775209
0.773607
0.772006
0.770408
0.768814
0.767228
0.765651
0.764086
0.762534
0.760997
0.759476
0.757974
0.756492
0.755031
0.753595
0.752183
0.750797
0.74944
0.748111
0.746812
0.745545
0.74431
0.743108
0.74194
0.740808
0.739712
0.738651
0.737627
0.736641
0.735692
0.734782
0.73391
0.733077
0.732283
0.731528
0.730813
0.730138
0.729504
0.728911
0.72836
0.72785
0.727383
0.726958
0.726576
0.726237
0.725943
0.725692
0.725487
0.725326
0.725209
0.725137
0.72511
0.725129
0.725195
0.725306
0.725464
0.725668
0.725919
0.726218
0.726565
0.72696
0.727401
0.72789
0.728427
0.729012
0.729643
0.730321
0.731048
0.731821
0.73264
0.733506
0.734417
0.735374
0.736374
0.737418
0.738505
0.739637
0.74081
0.742025
0.743279
0.744571
0.7459
0.747265
0.748666
0.750101
0.75157
0.75307
0.754601
0.75616
0.757746
0.759356
0.760991
0.76265
0.764329
0.766027
0.767742
0.769474
0.77122
0.77298
0.774752
0.776534
0.778325
0.780123
0.781927
0.783736
0.785549
0.787366
0.789183
0.791001
0.792817
0.794629
0.796437
0.798239
0.800034
0.801821
0.803599
0.805367
0.807123
0.808866
0.810596
0.812313
0.814015
0.815701
0.817372
0.819026
0.820661
0.822277
0.823875
0.825452
0.827007
0.82854
0.830051
0.831539
0.833003
0.834443
0.835857
0.837247
0.838611
0.839949
0.841261
0.842545
0.843802
0.845032
0.846233
0.847407
0.848551
0.849666
0.850751
0.851806
0.85283
0.853825
0.854789
0.855721
0.856622
0.857491
0.858328
0.859131
0.859902
0.86064
0.861343
0.862013
0.862647
0.863247
0.863812
0.864342
0.864838
0.865298
0.865722
0.86611
0.866461
0.866776
0.867053
0.867293
0.867494
0.867657
0.86778
0.867863
0.867906
0.867908
0.867867
0.867784
0.867657
0.867487
0.867272
0.867013
0.866708
0.866359
0.865963
0.865521
0.865032
0.864494
0.863909
0.863275
0.862593
0.861862
0.861083
0.860254
0.859375
0.858446
0.857467
0.856439
0.855362
0.854236
0.853062
0.851838
0.850566
0.849246
0.847878
0.846465
0.845005
0.843502
0.841955
0.840365
0.838734
0.837062
0.835349
0.833598
0.83181
0.829988
0.828132
0.826244
0.824325
0.822377
0.820403
0.818403
0.816379
0.814335
0.812271
0.810191
0.808096
0.805989
0.803872
0.801748
0.799618
0.797485
0.795353
0.793224
0.791098
0.78898
0.786871
0.784777
0.782699
0.780639
0.778599
0.776582
0.774591
0.772629
0.770699
0.768802
0.766943
0.765122
0.763344
0.761611
0.759925
0.758288
0.756704
0.755174
0.753702
0.752291
0.750941
0.749657
0.748439
0.74729
0.746212
0.745207
0.744277
0.743423
0.742647
0.74195
0.741335
0.740802
0.740352
0.739987
0.739706
0.73951
0.739398
0.739372
0.739431
0.739575
0.739802
0.740112
0.740504
0.740975
0.741525
0.742152
0.742853
0.743627
0.744472
0.745385
0.746362
0.747402
0.748503
0.749661
0.750873
0.752137
0.753449
0.754806
0.756206
0.757643
0.759118
0.760625
0.762163
0.763728
0.765317
0.766929
0.768559
0.770204
0.771863
0.773532
0.77521
0.776893
0.778581
0.780271
0.781961
0.78365
0.785337
0.78702
0.788698
0.790368
0.79203
0.793683
0.795323
0.796952
0.798568
0.80017
0.801758
0.80333
0.804886
0.806426
0.807948
0.809452
0.810938
0.812406
0.813857
0.815288
0.816699
0.81809
0.819461
0.820813
0.822144
0.823454
0.824742
0.82601
0.827256
0.82848
0.829682
0.830862
0.832021
0.833156
0.834268
0.835356
0.83642
0.837461
0.838477
0.839468
0.840434
0.841373
0.842286
0.843173
0.844034
0.844867
0.845673
0.846452
0.847203
0.847924
0.848616
0.849278
0.84991
0.850515
0.85109
0.851636
0.85215
0.852633
0.853084
0.853504
0.853891
0.854247
0.854571
0.854864
0.855124
0.855351
0.855547
0.855712
0.855843
0.855943
0.856011
0.856047
0.85605
0.856021
0.855959
0.855864
0.855735
0.855574
0.85538
0.855152
0.854889
0.854592
0.85426
0.853893
0.853491
0.853051
0.852574
0.852058
0.851504
0.850911
0.850278
0.849605
0.848889
0.848131
0.847328
0.846481
0.845589
0.844652
0.843667
0.842635
0.841555
0.840425
0.839245
0.838014
0.836732
0.835399
0.834015
0.832579
0.831091
0.829551
0.827961
0.826319
0.824628
0.822887
0.821098
0.819261
0.817378
0.815448
0.813474
0.811456
0.809397
0.807299
0.805164
0.802993
0.800788
0.798552
0.796287
0.793996
0.791681
0.789344
0.786988
0.784616
0.78223
0.779834
0.777431
0.775024
0.772617
0.770213
0.767814
0.765423
0.763045
0.760682
0.758337
0.756014
0.753715
0.751445
0.749205
0.747
0.744834
0.742709
0.740628
0.738594
0.736611
0.734681
0.732807
0.730993
0.729241
0.727554
0.725935
0.724387
0.722914
0.721517
0.720198
0.718959
0.717803
0.716729
0.715742
0.714844
0.714034
0.713316
0.712689
0.712155
0.711716
0.711373
0.711126
0.710975
0.710921
0.710965
0.711106
0.711344
0.711679
0.712109
0.712634
0.713254
0.713968
0.714773
0.715669
0.716654
0.717725
0.718881
0.72012
0.721439
0.722836
0.724309
0.725854
0.727468
0.72915
0.730895
0.732699
0.734559
0.736471
0.738432
0.740439
0.742488
0.744573
0.746692
0.748839
0.751013
0.753208
0.755419
0.757643
0.759877
0.762115
0.764354
0.76659
0.768819
0.771038
0.773243
0.77543
0.777595
0.779735
0.781845
0.783924
0.785967
0.787972
0.789935
0.791855
0.793728
0.795554
0.797329
0.799053
0.800721
0.802333
0.803887
0.805381
0.806816
0.80819
0.809502
0.81075
0.811936
0.813059
0.814119
0.815116
0.816049
0.816919
0.817727
0.818473
0.81916
0.819788
0.820358
0.820872
0.821331
0.821738
0.822093
0.822398
0.822653
0.822862
0.823026
0.823148
0.823231
0.823275
0.823282
0.823256
0.823198
0.82311
0.822994
0.822854
0.822691
0.822506
0.822302
0.82208
0.821843
0.821592
0.82133
0.821058
0.820779
0.820494
0.820205
0.819914
0.819621
0.819328
0.819036
0.818747
0.818461
0.818178
0.8179
0.817628
0.817362
0.817103
0.816851
0.816607
0.81637
0.816141
0.81592
0.815708
0.815504
0.815308
0.81512
0.81494
0.814768
0.814603
0.814445
0.814294
0.814149
0.814009
0.813873
0.813741
0.813612
0.813485
0.813359
0.813234
0.813109
0.812981
0.812851
0.812718
0.812581
0.81244
0.812293
0.81214
0.811979
0.811811
0.811634
0.811448
0.811253
0.811048
0.810833
0.810608
0.810373
0.810125
0.809865
0.809592
0.809305
0.809005
0.808691
0.808364
0.808022
0.807667
0.807297
0.806912
0.806512
0.806095
0.805662
0.805212
0.804747
0.804264
0.803766
0.803253
0.802723
0.802176
0.801612
0.801031
0.800432
0.799816
0.799182
0.798531
0.797864
0.797178
0.796475
0.795755
0.795019
0.794265
0.793494
0.792706
0.791903
0.791084
0.790249
0.789398
0.788533
0.787652
0.786759
0.785852
0.784934
0.784005
0.783065
0.782114
0.781154
0.780185
0.779208
0.778224
0.777234
0.77624
0.775242
0.774241
0.773239
0.772237
0.771236
0.770236
0.769238
0.768244
0.767256
0.766275
0.765303
0.764339
0.763386
0.762443
0.761512
0.760593
0.759688
0.758799
0.757926
0.75707
0.756232
0.755411
0.754609
0.753827
0.753066
0.752324
0.751604
0.750907
0.750233
0.749581
0.748953
0.748349
0.747769
0.747213
0.746683
0.746179
0.745702
0.745252
0.744828
0.744432
0.744065
0.743728
0.743422
0.743146
0.742902
0.742691
0.742513
0.74237
0.742261
0.742188
0.742152
0.742153
0.742193
0.742272
0.74239
0.742549
0.742749
0.742991
0.743275
0.743603
0.743974
0.744388
0.744845
0.745345
0.745889
0.746476
0.747106
0.747778
0.748492
0.749248
0.750044
0.750879
0.751752
0.752662
0.753607
0.754586
0.755597
0.756639
0.757711
0.75881
0.759934
0.761081
0.762249
0.763435
0.764638
0.765856
0.767087
0.768328
0.769576
0.770831
0.772089
0.77335
0.774609
0.775866
0.777119
0.778366
0.779604
0.780832
0.782048
0.78325
0.784436
0.785607
0.786758
0.787889
0.788999
0.790085
0.791148
0.792184
0.793195
0.794179
0.795134
0.796059
0.796955
0.797821
0.798656
0.799459
0.800231
0.80097
0.801676
0.80235
0.802991
0.8036
0.804175
0.804716
0.805224
0.8057
0.806142
0.806552
0.80693
0.807277
0.807592
0.807874
0.808124
0.808343
0.808532
0.808691
0.80882
0.808919
0.808989
0.80903
0.809045
0.809033
0.808996
0.808933
0.808845
0.808732
0.808595
0.808436
0.808256
0.808054
0.807832
0.807589
0.807327
0.807046
0.806746
0.80643
0.806099
0.805753
0.805392
0.805018
0.80463
0.804231
0.803822
0.803402
0.802973
0.802535
0.802089
0.801637
0.801179
0.800715
0.800246
0.799774
0.799298
0.798818
0.798337
0.797855
0.797373
0.796891
0.796409
0.795929
0.795452
0.794978
0.794508
0.794042
0.793583
0.793129
0.792681
0.792241
0.791808
0.791381
0.790964
0.790555
0.790154
0.789763
0.789382
0.789012
0.788654
0.788306
0.787971
0.787649
0.78734
0.787043
0.786762
0.786495
0.786243
0.786004
0.785781
0.785572
0.785378
0.7852
0.785038
0.784892
0.784763
0.784651
0.784556
0.784478
0.784417
0.784373
0.784346
0.784337
0.784344
0.784369
0.784411
0.784469
0.784543
0.784634
0.784741
0.784864
0.785002
0.785155
0.785323
0.785504
0.785699
0.785906
0.786125
0.786355
0.786594
0.786844
0.787101
0.787366
0.787636
0.787911
0.788191
0.788474
0.788757
0.789041
0.789321
0.789597
0.789867
0.790129
0.790382
0.790624
0.790855
0.791071
0.791271
0.791453
0.791616
0.791759
0.791879
0.791974
0.792045
0.79209
0.792107
0.792094
0.792049
0.791971
0.791861
0.791717
0.791537
0.791319
0.791064
0.79077
0.790436
0.790062
0.789648
0.789192
0.788695
0.788157
0.787576
0.786953
0.786288
0.785583
0.784836
0.78405
0.783223
0.782357
0.781453
0.780513
0.779538
0.778528
0.777484
0.776408
0.7753
0.774163
0.772997
0.771806
0.770591
0.769353
0.768095
0.766819
0.765527
0.764221
0.762903
0.761576
0.760241
0.758902
0.757561
0.756219
0.75488
0.753546
0.75222
0.750904
0.749601
0.748314
0.747045
0.745795
0.744568
0.743366
0.74219
0.741045
0.739932
0.738855
0.737814
0.736812
0.735853
0.734937
0.734066
0.733242
0.732466
0.731741
0.731069
0.730451
0.729887
0.72938
0.72893
0.728539
0.728207
0.727936
0.727725
0.727575
0.727487
0.72746
0.727497
0.727596
0.727758
0.727982
0.728267
0.728616
0.729026
0.729498
0.73003
0.730622
0.731273
0.73198
0.732743
0.733562
0.734433
0.735357
0.73633
0.737352
0.738422
0.739537
0.740696
0.741896
0.743135
0.744412
0.745724
0.747068
0.748444
0.74985
0.751283
0.752741
0.754221
0.755722
0.757241
0.758777
0.760326
0.761887
0.763459
0.765039
0.766625
0.768215
0.769808
0.771403
0.772998
0.774592
0.776182
0.777766
0.779343
0.780912
0.782471
0.784019
0.785556
0.787079
0.78859
0.790087
0.791569
0.793037
0.794489
0.795926
0.797347
0.798754
0.800147
0.801527
0.802894
0.804249
0.805594
0.80693
0.808257
0.809577
0.810892
0.812203
0.813513
0.814824
0.816135
0.81745
0.818769
0.820095
0.821428
0.822772
0.824128
0.825498
0.826884
0.828288
0.829709
0.83115
0.832612
0.834094
0.835599
0.837128
0.838681
0.840258
0.841859
0.843485
0.845135
0.846807
0.848501
0.850216
0.85195
0.853701
0.855467
0.857248
0.859041
0.860842
0.86265
0.864461
0.866274
0.868085
0.86989
0.871687
0.873471
0.875239
0.876988
0.878714
0.880415
0.882087
0.883728
0.885333
0.886898
0.888423
0.889904
0.891338
0.892722
0.894054
0.89533
0.896549
0.897707
0.898802
0.899831
0.900794
0.901686
0.902509
0.903258
0.903933
0.904532
0.905054
0.905499
0.905865
0.906152
0.906357
0.90648
0.906522
0.906481
0.906359
0.906154
0.905869
0.905501
0.905052
0.904521
0.90391
0.903218
0.902446
0.901595
0.900667
0.89966
0.898577
0.897418
0.896185
0.894879
0.893501
0.892054
0.890538
0.888956
0.88731
0.885601
0.883831
0.882001
0.880116
0.878176
0.876185
0.874144
0.872058
0.869929
0.86776
0.865553
0.863313
0.861041
0.858742
0.856417
0.854072
0.851709
0.849331
0.846944
0.844549
0.842151
0.839753
0.83736
0.834975
0.832603
0.830248
0.827912
0.825602
0.823319
0.821068
0.818854
0.816678
0.814547
0.812463
0.81043
0.808452
0.806533
0.804676
0.802882
0.801155
0.799498
0.797913
0.796403
0.794972
0.79362
0.792349
0.791161
0.790057
0.789039
0.788107
0.787262
0.786504
0.785835
0.785254
0.784761
0.784355
0.784034
0.783798
0.783644
0.783572
0.78358
0.783665
0.783826
0.784059
0.784362
0.784732
0.785165
0.785658
0.786208
0.786812
0.787465
0.788164
0.788905
0.789684
0.790498
0.791344
0.792216
0.793111
0.794025
0.794954
0.795894
0.796842
0.797795
0.798748
0.799699
0.800642
0.801577
0.802499
0.803407
0.804297
0.805166
0.806013
0.806837
0.807634
0.808403
0.809143
0.80985
0.810524
0.811165
0.81177
0.812339
0.81287
0.813364
0.813819
0.814236
0.814613
0.814951
0.815248
0.815505
0.815722
0.815899
0.816037
0.816137
0.816197
0.816218
0.816201
0.816147
0.816055
0.815928
0.815764
0.815565
0.815331
0.815063
0.814763
0.814429
0.814064
0.813667
0.813239
0.812782
0.812295
0.811779
0.811235
0.810664
0.810067
0.809445
0.808799
0.808129
0.807436
0.80672
0.805983
0.805223
0.804443
0.803642
0.802822
0.801983
0.801126
0.800252
0.799359
0.79845
0.797525
0.796582
0.795625
0.794651
0.793663
0.792659
0.791642
0.790611
0.789566
0.788508
0.787435
0.786349
0.78525
0.784137
0.783012
0.781876
0.780726
0.779564
0.778391
0.777205
0.776008
0.7748
0.773582
0.772353
0.771114
0.769865
0.768607
0.767341
0.766067
0.764786
0.763499
0.762206
0.760907
0.759605
0.758299
0.756991
0.755682
0.754373
0.753065
0.751761
0.750463
0.74917
0.747886
0.746611
0.745348
0.744097
0.742861
0.741642
0.740443
0.739265
0.73811
0.736979
0.735875
0.7348
0.733757
0.732747
0.731773
0.730838
0.729943
0.72909
0.728282
0.727519
0.726804
0.726141
0.72553
0.724972
0.724469
0.724023
0.723636
0.723309
0.723044
0.72284
0.7227
0.722624
0.722612
0.722665
0.722784
0.722968
0.723218
0.723532
0.723912
0.724356
0.724865
0.725437
0.726073
0.726772
0.727532
0.728352
0.729231
0.730167
0.73116
0.732209
0.733312
0.734466
0.735669
0.736921
0.738219
0.739561
0.740945
0.742369
0.743831
0.745327
0.746857
0.748419
0.750011
0.751629
0.753271
0.754935
0.756618
0.758319
0.760035
0.761763
0.763502
0.765249
0.767001
0.768756
0.770513
0.772269
0.774021
0.775769
0.777509
0.77924
0.780959
0.782664
0.784353
0.786025
0.787677
0.789307
0.790914
0.792495
0.79405
0.795577
0.797074
0.798539
0.799971
0.801371
0.802737
0.804067
0.805361
0.806617
0.807833
0.80901
0.810146
0.81124
0.812293
0.813304
0.814272
0.815198
0.816082
0.816924
0.817723
0.818478
0.81919
0.819858
0.820484
0.821068
0.821611
0.822112
0.822571
0.82299
0.82337
0.82371
0.824011
0.824273
0.824497
0.824684
0.824834
0.824948
0.825027
0.825073
0.825085
0.825065
0.825015
0.824934
0.824823
0.824682
0.824514
0.824317
0.824093
0.823844
0.82357
0.823272
0.822949
0.822605
0.822239
0.821852
0.821443
0.821015
0.820567
0.820101
0.819616
0.819112
0.818591
0.818053
0.817497
0.816925
0.816336
0.815732
0.815111
0.814476
0.813826
0.813162
0.812482
0.811788
0.811078
0.810353
0.809613
0.808859
0.80809
0.807306
0.806508
0.805695
0.804867
0.804024
0.803168
0.802296
0.80141
0.800511
0.799598
0.798673
0.797736
0.796787
0.795829
0.794863
0.793888
0.792906
0.791918
0.790925
0.78993
0.788935
0.78794
0.786949
0.785962
0.784983
0.784014
0.783057
0.782115
0.78119
0.780285
0.779402
0.778543
0.777713
0.776913
0.776146
0.775416
0.774726
0.774078
0.773476
0.772921
0.772415
0.77196
0.77156
0.771214
0.770927
0.770698
0.770528
0.77042
0.770373
0.770388
0.770466
0.770606
0.770808
0.77107
0.771394
0.771778
0.772219
0.772716
0.773267
0.773872
0.774526
0.775227
0.775973
0.77676
0.777587
0.778448
0.779341
0.780261
0.781205
0.78217
0.783153
0.784151
0.785159
0.786176
0.787196
0.788217
0.789236
0.790249
0.791254
0.792247
0.793227
0.794191
0.795137
0.796064
0.796969
0.797851
0.798709
0.79954
0.800344
0.801121
0.80187
0.80259
0.803282
0.803945
0.80458
0.805187
0.805766
0.806317
0.806843
0.807342
0.807816
0.808267
0.808694
0.8091
0.809486
0.809853
0.810202
0.810533
0.810848
0.811149
0.811438
0.811715
0.811981
0.812238
0.812487
0.812728
0.812961
0.813187
0.813408
0.813623
0.813833
0.814039
0.814242
0.81444
0.814633
0.814821
0.815006
0.815187
0.815365
0.815538
0.815706
0.815867
0.816022
0.816169
0.816308
0.816437
0.816555
0.816661
0.816754
0.816832
0.816894
0.81694
0.816967
0.816975
0.816962
0.816926
0.816866
0.81678
0.816665
0.816522
0.816349
0.816145
0.815908
0.815636
0.815328
0.814982
0.814598
0.814176
0.813714
0.81321
0.812662
0.812069
0.811431
0.810748
0.81002
0.809246
0.808425
0.807557
0.806642
0.805681
0.804673
0.803618
0.802518
0.801373
0.800183
0.79895
0.797674
0.796356
0.794998
0.793601
0.792166
0.790696
0.789192
0.787653
0.786085
0.784487
0.782863
0.781215
0.779544
0.777853
0.776144
0.774418
0.77268
0.770932
0.769176
0.767416
0.765655
0.763893
0.762134
0.76038
0.758636
0.756903
0.755184
0.753482
0.751797
0.750134
0.748495
0.746882
0.745298
0.743745
0.742226
0.740743
0.739297
0.737891
0.736528
0.735208
0.733934
0.732708
0.73153
0.730403
0.729328
0.728306
0.727339
0.726427
0.72557
0.724771
0.724029
0.723346
0.722721
0.722155
0.721648
0.7212
0.720811
0.720482
0.720211
0.719998
0.719842
0.719744
0.719702
0.719714
0.719781
0.719901
0.720073
0.720296
0.72057
0.720892
0.721261
0.721678
0.722138
0.722642
0.723188
0.723773
0.724397
0.725058
0.725754
0.726483
0.727244
0.728035
0.728854
0.7297
0.730572
0.731467
0.732384
0.733321
0.734277
0.73525
0.736239
0.737241
0.738255
0.73928
0.740314
0.741355
0.742403
0.743456
0.744513
0.745574
0.746636
0.747699
0.748762
0.749824
0.750885
0.751944
0.752999
0.754051
0.755098
0.756139
0.757173
0.758201
0.759223
0.760236
0.761242
0.762239
0.763228
0.764209
0.765181
0.766144
0.7671
0.768048
0.768987
0.769918
0.77084
0.771753
0.772658
0.773555
0.774445
0.775326
0.776198
0.777064
0.777923
0.778774
0.779618
0.780454
0.781283
0.782105
0.78292
0.783729
0.784532
0.785329
0.78612
0.786906
0.787686
0.788461
0.78923
0.789994
0.790751
0.791502
0.792247
0.792986
0.79372
0.794449
0.795172
0.795888
0.796598
0.7973
0.797996
0.798683
0.799364
0.800039
0.800708
0.801368
0.802022
0.802667
0.803305
0.803935
0.804559
0.805177
0.805786
0.806388
0.806982
0.807568
0.808146
0.808719
0.809285
0.809844
0.810398
0.810947
0.811491
0.81203
0.812566
0.813099
0.813631
0.814163
0.814694
0.815227
0.81576
0.816296
0.816836
0.817382
0.817934
0.818494
0.819063
0.819644
0.820236
0.820842
0.821463
0.822101
0.822755
0.823428
0.824121
0.824835
0.82557
0.826327
0.827107
0.827911
0.828742
0.829598
0.830482
0.831393
0.832333
0.833301
0.834298
0.835324
0.836378
0.837462
0.838575
0.839714
0.840881
0.842075
0.843294
0.844539
0.845808
0.847099
0.848411
0.849744
0.851096
0.852466
0.853852
0.855251
0.856663
0.858085
0.859517
0.860955
0.862399
0.863845
0.865293
0.866739
0.868181
0.869619
0.871049
0.872469
0.873879
0.875276
0.876658
0.878024
0.879371
0.880697
0.882002
0.883283
0.884539
0.885768
0.886969
0.888141
0.889283
0.890394
0.891469
0.89251
0.893515
0.894485
0.895417
0.896309
0.897161
0.897971
0.898738
0.899461
0.900139
0.90077
0.901354
0.90189
0.902378
0.902816
0.903203
0.903537
0.90382
0.904048
0.90422
0.904336
0.904392
0.904387
0.904321
0.904192
0.903997
0.903736
0.903407
0.903009
0.90254
0.902
0.901388
0.900703
0.899944
0.899109
0.898197
0.897206
0.896136
0.894986
0.893755
0.892442
0.891045
0.889565
0.888002
0.886355
0.884625
0.882811
0.880913
0.87893
0.876864
0.874715
0.872483
0.87017
0.867776
0.865303
0.862752
0.860125
0.857423
0.854646
0.851797
0.848879
0.845892
0.84284
0.839724
0.836547
0.833312
0.830023
0.826681
0.823291
0.819855
0.816376
0.812857
0.809303
0.805718
0.802106
0.798469
0.79481
0.791135
0.787446
0.783749
0.780047
0.776346
0.772648
0.768959
0.765283
0.761624
0.757987
0.754376
0.750795
0.74725
0.743745
0.740284
0.736871
0.73351
0.730206
0.726963
0.723784
0.720674
0.717638
0.71468
0.711801
0.709008
0.706303
0.703688
0.701168
0.698744
0.696419
0.694195
0.692076
0.690062
0.688157
0.686361
0.684677
0.683106
0.68165
0.68031
0.679086
0.677977
0.676985
0.67611
0.67535
0.674707
0.674178
0.673764
0.673464
0.673275
0.673195
0.673223
0.673357
0.673595
0.673933
0.674371
0.674906
0.675534
0.676254
0.677061
0.677952
0.678925
0.679974
0.681097
0.682289
0.683548
0.684871
0.686254
0.687692
0.689183
0.690722
0.692305
0.693931
0.695594
0.697292
0.69902
0.700777
0.702559
0.704362
0.706183
0.708021
0.70987
0.711727
0.713591
0.715458
0.717325
0.719191
0.721053
0.722909
0.724757
0.726595
0.72842
0.730232
0.732029
0.733808
0.735569
0.737311
0.73903
0.740728
0.742403
0.744053
0.745678
0.747278
0.748852
0.750401
0.751922
0.753415
0.754879
0.756315
0.757724
0.759105
0.760458
0.761782
0.763077
0.764345
0.765585
0.766798
0.767984
0.769143
0.770275
0.771382
0.772462
0.773518
0.77455
0.775558
0.776544
0.777508
0.77845
0.779373
0.780278
0.781165
0.782035
0.782889
0.783729
0.784555
0.785368
0.786171
0.786963
0.787748
0.788526
0.789299
0.790068
0.790835
0.7916
0.792366
0.793134
0.793905
0.794681
0.795464
0.796254
0.797052
0.797862
0.798683
0.799518
0.800365
0.801228
0.802105
0.802999
0.80391
0.804839
0.805789
0.806758
0.807747
0.808756
0.809785
0.810835
0.811907
0.813001
0.814116
0.815251
0.816406
0.817582
0.818776
0.81999
0.821222
0.822472
0.823739
0.825023
0.826322
0.827635
0.82896
0.830297
0.831645
0.833
0.834363
0.835731
0.837103
0.838477
0.839851
0.841222
0.84259
0.843952
0.845307
0.846652
0.847986
0.849307
0.850615
0.851907
0.853181
0.854435
0.855668
0.856877
0.85806
0.859216
0.860341
0.861435
0.862495
0.863519
0.864508
0.865458
0.866369
0.867239
0.868066
0.868849
0.869587
0.870279
0.870923
0.871517
0.87206
0.872553
0.872993
0.873381
0.873715
0.873994
0.874219
0.874387
0.874501
0.87456
0.874562
0.874507
0.874395
0.874225
0.873998
0.873713
0.873369
0.872967
0.872507
0.871988
0.871411
0.870775
0.870082
0.869331
0.868524
0.867661
0.866742
0.865769
0.864744
0.863665
0.862534
0.861352
0.860121
0.858839
0.857509
0.856131
0.854706
0.853236
0.851723
0.850166
0.848568
0.846928
0.84525
0.843534
0.841781
0.839993
0.83817
0.836315
0.834427
0.832509
0.830563
0.828588
0.826587
0.824561
0.822511
0.820438
0.818345
0.816232
0.814101
0.811954
0.809793
0.80762
0.805436
0.803242
0.801039
0.798829
0.796614
0.794394
0.792172
0.789948
0.787726
0.785505
0.783287
0.781074
0.778867
0.776668
0.774479
0.772301
0.770136
0.767987
0.765853
0.763738
0.761641
0.759566
0.757513
0.755485
0.753482
0.751508
0.749564
0.747649
0.745767
0.743919
0.742108
0.740332
0.738595
0.736896
0.735239
0.733623
0.73205
0.730522
0.729039
0.727603
0.726213
0.724873
0.723583
0.722345
0.721158
0.720023
0.718942
0.717914
0.716941
0.716023
0.715159
0.71435
0.713596
0.712899
0.712258
0.711672
0.711143
0.710668
0.710249
0.709884
0.709574
0.709318
0.709115
0.708964
0.708866
0.708819
0.708823
0.708876
0.708977
0.709126
0.709324
0.709567
0.709855
0.710187
0.71056
0.710975
0.711428
0.711919
0.712447
0.71301
0.713608
0.714239
0.714901
0.715593
0.716314
0.717061
0.717835
0.718634
0.719457
0.720302
0.721167
0.722052
0.722955
0.723876
0.724812
0.725764
0.726729
0.727706
0.728695
0.729694
0.730702
0.731721
0.732748
0.733783
0.734824
0.735871
0.736922
0.737977
0.739036
0.740097
0.741161
0.742227
0.743293
0.744359
0.745424
0.746489
0.747552
0.748612
0.749667
0.750718
0.751763
0.752802
0.753835
0.75486
0.755879
0.756889
0.757891
0.758883
0.759864
0.760833
0.761788
0.762729
0.763654
0.764565
0.765459
0.766336
0.767197
0.768039
0.768863
0.769669
0.770457
0.771224
0.771971
0.772696
0.7734
0.774082
0.774743
0.775383
0.776
0.776595
0.777167
0.777716
0.778242
0.778746
0.779228
0.779687
0.780125
0.780542
0.780939
0.781317
0.781676
0.782016
0.782339
0.782644
0.782934
0.783208
0.783469
0.783717
0.783953
0.784177
0.784391
0.784597
0.784796
0.784988
0.785174
0.785356
0.785536
0.785714
0.785892
0.78607
0.786248
0.786429
0.786613
0.786801
0.786993
0.787191
0.787396
0.787608
0.787827
0.788055
0.788291
0.788535
0.788789
0.789053
0.789327
0.789611
0.789905
0.790211
0.790529
0.790858
0.7912
0.791553
0.791916
0.792291
0.792676
0.793074
0.793482
0.793902
0.794332
0.794773
0.795224
0.795688
0.796162
0.796646
0.797141
0.797646
0.798162
0.798688
0.799223
0.799769
0.800324
0.80089
0.801465
0.802049
0.802644
0.803248
0.803861
0.804483
0.805115
0.805756
0.806406
0.807065
0.807733
0.80841
0.809097
0.809793
0.810499
0.811215
0.811942
0.812679
0.813425
0.81418
0.814944
0.815719
0.816502
0.817294
0.818096
0.818906
0.819725
0.820552
0.821385
0.822226
0.823072
0.823925
0.824782
0.825645
0.826512
0.827381
0.828254
0.829129
0.830006
0.830885
0.831762
0.832638
0.833511
0.834381
0.835245
0.836103
0.836954
0.837796
0.838628
0.839449
0.840257
0.841052
0.841832
0.842595
0.84334
0.844066
0.84477
0.845452
0.846109
0.84674
0.847342
0.847916
0.848459
0.84897
0.849447
0.84989
0.850298
0.850668
0.851
0.851291
0.851542
0.851751
0.851916
0.852036
0.85211
0.852137
0.852115
0.852045
0.851926
0.851757
0.851538
0.851268
0.850947
0.850574
0.85015
0.849676
0.849151
0.848575
0.847949
0.847273
0.846548
0.845774
0.844953
0.844084
0.843167
0.842205
0.841198
0.840148
0.839056
0.837923
0.83675
0.835539
0.834291
0.833007
0.831689
0.83034
0.82896
0.827552
0.826117
0.824657
0.823173
0.821668
0.820144
0.818603
0.817046
0.815476
0.813896
0.812307
0.810712
0.809112
0.80751
0.805909
0.80431
0.802715
0.801127
0.799547
0.797977
0.796421
0.794879
0.793355
0.791849
0.790363
0.788901
0.787463
0.786051
0.784668
0.783314
0.78199
0.780699
0.779442
0.77822
0.777035
0.775888
0.774781
0.773713
0.772686
0.771701
0.770758
0.769858
0.769002
0.768188
0.767417
0.76669
0.766005
0.765365
0.764767
0.764212
0.763698
0.763226
0.762794
0.762402
0.762049
0.761734
0.761457
0.761215
0.761007
0.760832
0.760687
0.760571
0.760483
0.76042
0.76038
0.760363
0.760367
0.760389
0.760429
0.760483
0.760552
0.760633
0.760726
0.760828
0.760937
0.761052
0.761171
0.761294
0.761418
0.761543
0.761668
0.761793
0.761917
0.762037
0.762155
0.762269
0.762379
0.762484
0.762585
0.762681
0.762771
0.762856
0.762937
0.763014
0.763088
0.763157
0.763223
0.763286
0.763346
0.763406
0.763464
0.763523
0.763583
0.763646
0.763712
0.763781
0.763856
0.763937
0.764026
0.764122
0.764226
0.764339
0.764462
0.764595
0.76474
0.764895
0.765063
0.765244
0.765439
0.765648
0.765873
0.766113
0.766368
0.766638
0.766923
0.767225
0.767544
0.767879
0.76823
0.768597
0.76898
0.769378
0.769792
0.770221
0.770664
0.771123
0.771596
0.772082
0.772581
0.773092
0.773616
0.774152
0.774698
0.775253
0.775819
0.776394
0.776977
0.777567
0.778163
0.778764
0.779371
0.779981
0.780596
0.781214
0.781835
0.782458
0.78308
0.7837
0.784319
0.784936
0.78555
0.786159
0.786763
0.787362
0.787956
0.788542
0.789119
0.789688
0.790247
0.790796
0.791334
0.79186
0.792373
0.792874
0.793362
0.793835
0.794294
0.794738
0.795166
0.795578
0.795974
0.796354
0.796718
0.797064
0.797393
0.797704
0.797997
0.798272
0.798528
0.798765
0.798983
0.799183
0.799364
0.799526
0.79967
0.799796
0.799904
0.799993
0.800063
0.800115
0.80015
0.800167
0.800166
0.800148
0.800114
0.800064
0.799997
0.799913
0.799815
0.799702
0.799574
0.799433
0.799279
0.799112
0.798933
0.798742
0.798541
0.79833
0.79811
0.79788
0.797643
0.797398
0.797146
0.796888
0.796624
0.796355
0.796081
0.795803
0.795522
0.795239
0.794952
0.794662
0.79437
0.794078
0.793785
0.793491
0.793197
0.792903
0.792609
0.792317
0.792026
0.791737
0.791452
0.791169
0.790889
0.790611
0.790336
0.790063
0.789793
0.789527
0.789263
0.789004
0.788747
0.788493
0.788242
0.787993
0.787747
0.787504
0.787262
0.787022
0.786783
0.786546
0.786311
0.786076
0.785842
0.785609
0.785377
0.785145
0.784912
0.784679
0.784446
0.78421
0.783972
0.783729
0.783484
0.783233
0.782978
0.782718
0.782453
0.782182
0.781905
0.781621
0.78133
0.781031
0.780724
0.78041
0.780087
0.779755
0.779413
0.779061
0.7787
0.778328
0.777947
0.777556
0.777156
0.776747
0.776328
0.775902
0.775467
0.775025
0.774576
0.774123
0.773664
0.773202
0.772737
0.772269
0.771801
0.771332
0.770865
0.770401
0.769941
0.769487
0.769041
0.768603
0.768178
0.767766
0.767368
0.766988
0.766627
0.766288
0.765972
0.765683
0.76542
0.765188
0.764986
0.764818
0.764685
0.764587
0.764526
0.764505
0.764525
0.764588
0.764695
0.764849
0.76505
0.765299
0.765598
0.765948
0.76635
0.766804
0.76731
0.76787
0.768484
0.769151
0.769873
0.770648
0.771476
0.772357
0.77329
0.774275
0.775311
0.776397
0.77753
0.77871
0.779935
0.781204
0.782516
0.783869
0.78526
0.786689
0.78815
0.789642
0.791162
0.792707
0.794276
0.795865
0.797472
0.799093
0.800725
0.802364
0.804008
0.805655
0.8073
0.808941
0.810574
0.812196
0.813804
0.815395
0.816964
0.818511
0.820031
0.821523
0.822983
0.824408
0.825796
0.827146
0.828456
0.829722
0.830942
0.832113
0.833234
0.834303
0.835318
0.836278
0.837181
0.838025
0.83881
0.839535
0.840198
0.840799
0.841338
0.841814
0.842227
0.842576
0.842862
0.843085
0.843246
0.843347
0.843387
0.843366
0.843285
0.843146
0.84295
0.842698
0.842391
0.84203
0.841617
0.841155
0.840645
0.840088
0.839485
0.838839
0.838151
0.837423
0.836655
0.83585
0.835011
0.83414
0.833238
0.832308
0.83135
0.830367
0.829361
0.828335
0.827291
0.826229
0.825151
0.82406
0.822957
0.821843
0.820721
0.819593
0.818461
0.817326
0.816188
0.815049
0.81391
0.812774
0.811641
0.810513
0.80939
0.808273
0.807164
0.806063
0.804972
0.80389
0.80282
0.801762
0.800716
0.799681
0.79866
0.797653
0.79666
0.795681
0.794717
0.793769
0.792836
0.791919
0.791017
0.790132
0.789263
0.788412
0.787577
0.78676
0.785961
0.785178
0.784413
0.783666
0.782936
0.782223
0.781526
0.780847
0.780187
0.779544
0.778919
0.778312
0.777721
0.777147
0.776588
0.776045
0.775518
0.775007
0.77451
0.774029
0.773562
0.773109
0.772671
0.772246
0.771835
0.771437
0.77105
0.770675
0.770311
0.769957
0.769613
0.769278
0.768952
0.768636
0.768327
0.768026
0.767731
0.767442
0.767157
0.766875
0.766596
0.766321
0.766047
0.765773
0.765501
0.76523
0.764958
0.764685
0.764411
0.764136
0.763858
0.763578
0.763295
0.763009
0.76272
0.762428
0.762133
0.761834
0.761532
0.761227
0.760919
0.760608
0.760296
0.759981
0.759666
0.759351
0.759036
0.758721
0.758409
0.758099
0.757792
0.757489
0.757192
0.756899
0.756614
0.756338
0.75607
0.755813
0.755567
0.755334
0.755114
0.75491
0.754724
0.754557
0.754409
0.754281
0.754175
0.754092
0.754033
0.754
0.753992
0.754011
0.75406
0.754137
0.754244
0.754383
0.754554
0.754757
0.754994
0.755267
0.755575
0.755918
0.756298
0.756715
0.757167
0.757656
0.758181
0.758742
0.759338
0.759971
0.760639
0.761342
0.762079
0.76285
0.763654
0.764489
0.765357
0.766255
0.767181
0.768134
0.769112
0.770115
0.771139
0.772185
0.773251
0.774334
0.775432
0.776545
0.77767
0.778806
0.77995
0.781102
0.782261
0.783423
0.784587
0.785751
0.786914
0.788072
0.789226
0.790374
0.791513
0.792641
0.793758
0.794863
0.795953
0.797028
0.798087
0.799129
0.800152
0.801156
0.802139
0.803102
0.804042
0.80496
0.805854
0.806724
0.807571
0.808393
0.809191
0.809964
0.810713
0.811437
0.812136
0.812811
0.81346
0.814086
0.814687
0.815266
0.815821
0.816354
0.816866
0.817355
0.817823
0.818269
0.818696
0.819103
0.819491
0.819859
0.820209
0.820541
0.820857
0.821156
0.821439
0.821707
0.821959
0.822198
0.822423
0.822633
0.822831
0.823017
0.823192
0.823355
0.823507
0.823648
0.823779
0.8239
0.824009
0.824109
0.824198
0.824277
0.824348
0.824409
0.824462
0.824506
0.824541
0.824568
0.824585
0.824594
0.824593
0.824585
0.824567
0.824542
0.824508
0.824464
0.824412
0.82435
0.824279
0.824197
0.824106
0.824005
0.823894
0.823774
0.823644
0.823506
0.823359
0.823201
0.823033
0.822854
0.822666
0.822468
0.82226
0.822043
0.821815
0.821576
0.821327
0.821068
0.820797
0.820517
0.820227
0.819927
0.819617
0.819297
0.818969
0.818632
0.818286
0.817933
0.817573
0.817205
0.81683
0.816448
0.81606
0.815667
0.815268
0.814866
0.81446
0.814051
0.81364
0.813227
0.812812
0.812396
0.811981
0.811568
0.811155
0.810744
0.810336
0.809932
0.809533
0.809138
0.808749
0.808366
0.807991
0.807624
0.807265
0.806915
0.806574
0.806242
0.805921
0.80561
0.80531
0.805022
0.804746
0.804483
0.804233
0.803994
0.803769
0.803556
0.803357
0.803171
0.802998
0.802838
0.802691
0.802555
0.802431
0.802318
0.802217
0.802126
0.802045
0.801973
0.80191
0.801856
0.801809
0.801771
0.801739
0.801712
0.801689
0.80167
0.801653
0.801638
0.801624
0.801609
0.801593
0.801573
0.801549
0.801518
0.801481
0.801436
0.801382
0.801317
0.80124
0.801151
0.801048
0.80093
0.800794
0.80064
0.800465
0.800269
0.80005
0.799807
0.799539
0.799244
0.798922
0.798573
0.798194
0.797786
0.797346
0.796874
0.796369
0.79583
0.795257
0.794648
0.794004
0.793324
0.792608
0.791856
0.791068
0.790245
0.789388
0.788495
0.787568
0.786608
0.785614
0.784588
0.783531
0.782443
0.781327
0.780185
0.779018
0.777827
0.776614
0.775381
0.774129
0.77286
0.771577
0.77028
0.768972
0.767656
0.766334
0.765008
0.76368
0.762352
0.761028
0.759708
0.758395
0.757091
0.755798
0.75452
0.753257
0.752012
0.750787
0.749584
0.748405
0.747254
0.746131
0.74504
0.743982
0.742958
0.74197
0.741019
0.740109
0.739238
0.73841
0.737625
0.736884
0.73619
0.735544
0.734946
0.734398
0.733901
0.733455
0.733062
0.732722
0.732435
0.732202
0.732022
0.731898
0.731829
0.731815
0.731855
0.731951
0.732101
0.732307
0.732567
0.732881
0.73325
0.733673
0.734149
0.734677
0.735257
0.735887
0.736567
0.737297
0.738076
0.738901
0.739773
0.74069
0.741651
0.742656
0.743703
0.744789
0.745914
0.747076
0.748274
0.749505
0.750769
0.752065
0.75339
0.754743
0.756123
0.757526
0.758953
0.7604
0.761867
0.763352
0.764853
0.766368
0.767894
0.769431
0.770976
0.772526
0.774083
0.775643
0.777205
0.778769
0.780331
0.781887
0.783437
0.784978
0.786508
0.788026
0.789529
0.791015
0.792483
0.79393
0.795354
0.796753
0.798125
0.799469
0.800782
0.802062
0.80331
0.804522
0.805697
0.806834
0.807931
0.808986
0.809998
0.810966
0.811888
0.812763
0.813589
0.814365
0.815089
0.815762
0.816382
0.816947
0.817458
0.817914
0.818315
0.818659
0.818947
0.819176
0.819348
0.819461
0.819517
0.819515
0.819455
0.819338
0.819164
0.818933
0.818648
0.818308
0.817913
0.817465
0.816964
0.816413
0.815811
0.815159
0.814458
0.813711
0.812919
0.812084
0.811206
0.810289
0.809334
0.808343
0.807317
0.806258
0.805169
0.804051
0.802908
0.801741
0.800552
0.799344
0.798119
0.79688
0.795628
0.794367
0.793099
0.791828
0.790554
0.789281
0.78801
0.786744
0.785484
0.784233
0.782993
0.781767
0.780555
0.779362
0.778189
0.777037
0.775909
0.774805
0.773728
0.77268
0.77166
0.770671
0.769712
0.768787
0.767896
0.76704
0.76622
0.765437
0.76469
0.763981
0.763309
0.762676
0.762079
0.761521
0.761001
0.760519
0.760076
0.759671
0.759302
0.75897
0.758674
0.758414
0.758188
0.757997
0.757839
0.757714
0.75762
0.757558
0.757528
0.757528
0.757557
0.757614
0.757699
0.757811
0.757948
0.758111
0.758298
0.758509
0.758743
0.759
0.759279
0.759579
0.7599
0.760241
0.760602
0.760982
0.76138
0.761799
0.762235
0.76269
0.763163
0.763652
0.76416
0.764684
0.765226
0.765786
0.766364
0.766958
0.767569
0.768196
0.768842
0.769505
0.770185
0.770885
0.771603
0.77234
0.773095
0.773868
0.774661
0.775472
0.776302
0.777152
0.778022
0.778913
0.779825
0.780756
0.781709
0.782683
0.783677
0.784691
0.785726
0.786782
0.787857
0.788953
0.790068
0.791204
0.792358
0.793532
0.794725
0.795938
0.797168
0.798415
0.79968
0.800961
0.802258
0.80357
0.804894
0.806232
0.807583
0.808944
0.810316
0.811697
0.813086
0.814482
0.815886
0.817295
0.81871
0.820127
0.821548
0.822969
0.824392
0.825813
0.827233
0.82865
0.830062
0.831469
0.832869
0.834263
0.835647
0.837021
0.838383
0.839733
0.841069
0.842391
0.843696
0.844985
0.846256
0.847508
0.848738
0.849946
0.851131
0.852292
0.853428
0.854537
0.855618
0.856669
0.85769
0.85868
0.859637
0.860561
0.861449
0.862301
0.863117
0.863894
0.864633
0.865332
0.865991
0.866607
0.86718
0.867709
0.868192
0.868629
0.869017
0.869357
0.869647
0.869886
0.870074
0.87021
0.870291
0.870318
0.87029
0.870204
0.87006
0.869859
0.869597
0.869276
0.868896
0.868454
0.86795
0.867383
0.866753
0.866058
0.865297
0.864471
0.863579
0.86262
0.861594
0.860501
0.85934
0.858111
0.856813
0.855447
0.854012
0.852509
0.850937
0.849296
0.847586
0.845809
0.843964
0.842052
0.840073
0.838028
0.835918
0.833745
0.831508
0.829208
0.826848
0.824428
0.821951
0.819419
0.816832
0.814193
0.811503
0.808766
0.805984
0.803159
0.800294
0.797392
0.794456
0.791488
0.788492
0.785471
0.782429
0.779372
0.776301
0.773221
0.770135
0.767048
0.763965
0.76089
0.757827
0.75478
0.751754
0.748755
0.745787
0.742856
0.739964
0.737119
0.734324
0.731584
0.728905
0.726291
0.723746
0.721275
0.718883
0.716574
0.714351
0.712218
0.710179
0.708238
0.706398
0.704663
0.703034
0.701514
0.700105
0.698808
0.697625
0.696557
0.695606
0.694771
0.694054
0.693453
0.692969
0.692601
0.692349
0.692209
0.692182
0.692264
0.692456
0.692753
0.693154
0.693658
0.69426
0.694958
0.695746
0.696622
0.697581
0.698622
0.69974
0.70093
0.702188
0.703511
0.704894
0.706333
0.707823
0.709361
0.710943
0.712565
0.714223
0.715913
0.71763
0.719373
0.721136
0.722917
0.724712
0.726518
0.728331
0.730151
0.731973
0.733795
0.735613
0.737427
0.739233
0.741029
0.742815
0.744588
0.746347
0.74809
0.749817
0.751527
0.753219
0.754892
0.756546
0.758181
0.759795
0.761388
0.762962
0.764514
0.766047
0.76756
0.769055
0.770531
0.771988
0.773427
0.774849
0.776255
0.777646
0.779022
0.780383
0.781731
0.783067
0.784391
0.785703
0.787006
0.788299
0.789583
0.790861
0.792131
0.793394
0.794651
0.795904
0.797151
0.798393
0.79963
0.800862
0.802088
0.80331
0.804527
0.805741
0.80695
0.808155
0.809353
0.810543
0.811728
0.812904
0.81407
0.815225
0.816368
0.8175
0.818617
0.81972
0.820806
0.821873
0.82292
0.823945
0.824948
0.825927
0.826882
0.82781
0.828709
0.829578
0.830415
0.831219
0.831988
0.83272
0.833415
0.834072
0.83469
0.835267
0.835802
0.836294
0.83674
0.837141
0.837496
0.837805
0.838066
0.838282
0.83845
0.838571
0.838643
0.838667
0.838644
0.838572
0.838453
0.838285
0.83807
0.837809
0.837502
0.837151
0.836756
0.83632
0.835841
0.835321
0.834761
0.834163
0.833528
0.832858
0.832154
0.831418
0.830652
0.829858
0.829037
0.828191
0.827322
0.826432
0.825523
0.824597
0.823655
0.8227
0.821734
0.820759
0.819776
0.818789
0.817798
0.816806
0.815815
0.814828
0.813845
0.812869
0.811901
0.810944
0.81
0.809069
0.808155
0.807259
0.80638
0.805522
0.804685
0.803871
0.803081
0.802317
0.801578
0.800866
0.800182
0.799526
0.7989
0.798306
0.797742
0.79721
0.79671
0.796243
0.795809
0.795409
0.795043
0.794712
0.794414
0.79415
0.793919
0.793721
0.793556
0.793422
0.793321
0.793252
0.793214
0.793206
0.793227
0.793276
0.793354
0.79346
0.793593
0.793752
0.793935
0.794141
0.794369
0.794618
0.794885
0.795171
0.795473
0.79579
0.796122
0.796466
0.796824
0.797192
0.79757
0.797955
0.798347
0.798745
0.799147
0.799553
0.799962
0.800372
0.800782
0.801193
0.801603
0.802011
0.802417
0.802819
0.803219
0.803615
0.804007
0.804394
0.804775
0.805152
0.805523
0.805888
0.806248
0.806602
0.80695
0.807291
0.807627
0.807958
0.808283
0.808603
0.808919
0.809229
0.809536
0.80984
0.81014
0.810436
0.81073
0.811022
0.811312
0.8116
0.811887
0.812173
0.81246
0.812747
0.813035
0.813323
0.813613
0.813902
0.814194
0.814488
0.814784
0.815081
0.815381
0.815683
0.815988
0.816296
0.816606
0.816918
0.817232
0.817549
0.817868
0.818189
0.818511
0.818836
0.819163
0.819491
0.81982
0.820149
0.820479
0.820808
0.821138
0.821468
0.821797
0.822124
0.822449
0.822771
0.82309
0.823407
0.82372
0.824028
0.824331
0.824628
0.824918
0.825202
0.825481
0.825752
0.826014
0.826266
0.826508
0.826738
0.826958
0.827166
0.827361
0.827542
0.827708
0.827859
0.827994
0.828113
0.828214
0.828298
0.828364
0.82841
0.828437
0.828442
0.828426
0.82839
0.82833
0.828248
0.828142
0.828013
0.82786
0.827682
0.827478
0.827248
0.826992
0.826711
0.826402
0.826067
0.825705
0.825317
0.824904
0.824466
0.824002
0.823512
0.822997
0.822458
0.821897
0.821313
0.820709
0.820085
0.81944
0.818776
0.818093
0.817394
0.816679
0.815951
0.81521
0.814457
0.813695
0.812925
0.81215
0.81137
0.810588
0.809804
0.80902
0.808238
0.80746
0.806687
0.80592
0.805161
0.804411
0.803671
0.802942
0.802226
0.801524
0.800837
0.800166
0.799511
0.798874
0.798256
0.797656
0.797075
0.796513
0.795971
0.795448
0.794945
0.794464
0.794002
0.793561
0.793139
0.792738
0.792357
0.791996
0.791655
0.791333
0.791031
0.790749
0.790487
0.790244
0.79002
0.789815
0.78963
0.789464
0.789317
0.789187
0.789076
0.788981
0.788905
0.788845
0.788802
0.788777
0.788768
0.788777
0.788804
0.788848
0.788908
0.788986
0.789081
0.789193
0.789321
0.789465
0.789626
0.789803
0.789995
0.790201
0.790422
0.790657
0.790906
0.791168
0.791445
0.791733
0.792034
0.792345
0.792667
0.792998
0.793338
0.793688
0.794043
0.794405
0.794774
0.795147
0.795522
0.795898
0.796273
0.796646
0.797014
0.797377
0.797733
0.798081
0.79842
0.798746
0.799057
0.799354
0.799632
0.799892
0.800131
0.800348
0.800541
0.800709
0.80085
0.800962
0.801044
0.801094
0.801111
0.801095
0.801043
0.800954
0.800827
0.800663
0.80046
0.800217
0.799935
0.799613
0.799251
0.798847
0.798403
0.79792
0.797396
0.796833
0.79623
0.79559
0.794911
0.794194
0.793442
0.792654
0.791832
0.790976
0.790088
0.789169
0.788221
0.787245
0.786242
0.785215
0.784164
0.783091
0.781997
0.780884
0.779753
0.778607
0.777448
0.776277
0.775096
0.773907
0.772709
0.771505
0.770296
0.769084
0.767872
0.76666
0.765449
0.764241
0.763037
0.761839
0.760648
0.759464
0.758288
0.757121
0.755965
0.75482
0.753688
0.752569
0.751464
0.750373
0.749296
0.748235
0.74719
0.74616
0.745147
0.744151
0.743173
0.742213
0.741271
0.740347
0.739441
0.738555
0.737688
0.736839
0.736009
0.735198
0.734406
0.733633
0.732879
0.732144
0.731429
0.730733
0.730057
0.7294
0.728764
0.72815
0.727557
0.726985
0.726433
0.725903
0.725393
0.724905
0.724438
0.723992
0.723568
0.723166
0.722786
0.722428
0.722093
0.721779
0.721486
0.721217
0.720971
0.720748
0.720546
0.720367
0.720208
0.720072
0.719957
0.719863
0.71979
0.719739
0.719708
0.719695
0.719701
0.719725
0.719767
0.719826
0.7199
0.719988
0.720091
0.720208
0.720338
0.720479
0.72063
0.720791
0.72096
0.721137
0.721321
0.72151
0.721703
0.721899
0.722098
0.722298
0.7225
0.722702
0.722904
0.723104
0.723302
0.723498
0.72369
0.72388
0.724065
0.724245
0.724421
0.72459
0.724754
0.724913
0.725066
0.725214
0.725357
0.725495
0.72563
0.725761
0.725889
0.726013
0.726135
0.726254
0.726371
0.726488
0.726605
0.726723
0.726843
0.726966
0.727094
0.727227
0.727367
0.727514
0.72767
0.727837
0.728016
0.728208
0.728415
0.728638
0.728879
0.72914
0.729421
0.729723
0.73005
0.730403
0.730784
0.731193
0.731633
0.732104
0.732609
0.733148
0.733724
0.734339
0.734993
0.735687
0.736424
0.737203
0.738027
0.738897
0.739814
0.740779
0.741792
0.742855
0.743968
0.745131
0.746345
0.74761
0.748926
0.750294
0.751713
0.753184
0.754705
0.756275
0.757894
0.759561
0.761275
0.763035
0.764839
0.766686
0.768575
0.770505
0.772473
0.774478
0.776517
0.778587
0.780689
0.782818
0.784974
0.787151
0.789349
0.791564
0.793794
0.796036
0.798289
0.800549
0.802814
0.805083
0.807351
0.809615
0.811874
0.814123
0.816361
0.818583
0.82079
0.822979
0.825146
0.827289
0.829406
0.831495
0.833553
0.835578
0.837568
0.839521
0.841436
0.843311
0.845144
0.846935
0.848681
0.850382
0.852037
0.853644
0.855203
0.856713
0.858173
0.859583
0.860942
0.862249
0.863503
0.864704
0.865853
0.866949
0.867993
0.868985
0.869925
0.870811
0.871645
0.872427
0.873156
0.873835
0.874463
0.875039
0.875565
0.876042
0.87647
0.87685
0.877182
0.877467
0.877707
0.877903
0.878054
