1.53
1.52984
1.52937
1.52858
1.52748
1.52606
1.52433
1.52229
1.51994
1.51727
1.51429
1.511
1.50741
1.5035
1.49929
1.49477
1.48995
1.48483
1.47941
1.47368
1.46766
1.46133
1.45471
1.44778
1.44056
1.43303
1.4252
1.41707
1.40864
1.39992
1.3909
1.38159
1.37198
1.36208
1.3519
1.34142
1.33067
1.31963
1.30831
1.29672
1.28486
1.27272
1.26033
1.24767
1.23476
1.2216
1.2082
1.19456
1.18069
1.1666
1.1523
1.13779
1.12307
1.10818
1.0931
1.07785
1.06245
1.0469
1.03122
1.01542
0.999516
0.983517
0.967441
0.951303
0.935119
0.918904
0.902676
0.886452
0.870249
0.854085
0.837979
0.821949
0.806013
0.79019
0.774499
0.758959
0.743588
0.728405
0.713427
0.698672
0.684159
0.669904
0.655922
0.642229
0.62884
0.615769
0.60303
0.590633
0.578592
0.566916
0.555614
0.544696
0.534169
0.524038
0.514309
0.504987
0.496074
0.487573
0.479485
0.471811
0.46455
0.457701
0.451261
0.445228
0.439597
0.434365
0.429526
0.425074
0.421005
0.41731
0.413983
0.411017
0.408404
0.406135
0.404203
0.402599
0.401314
0.400339
0.399665
0.399283
0.399183
0.399355
0.399791
0.400481
0.401415
0.402585
0.40398
0.405591
0.40741
0.409427
0.411634
0.414021
0.41658
0.419302
0.42218
0.425204
0.428366
0.431658
0.435073
0.438601
0.442237
0.445973
0.449801
0.453715
0.457708
0.461774
0.465907
0.4701
0.474347
0.478642
0.482979
0.487354
0.491759
0.496191
0.500644
0.505113
0.509595
0.514086
0.51858
0.523074
0.527564
0.532047
0.536518
0.540976
0.545416
0.549837
0.554235
0.558609
0.562953
0.567267
0.571548
0.575795
0.580006
0.584178
0.58831
0.592399
0.596446
0.600447
0.604403
0.608312
0.612173
0.615987
0.619751
0.623466
0.627132
0.630747
0.634313
0.637827
0.64129
0.644702
0.648063
0.651373
0.654632
0.657841
0.660999
0.664108
0.667169
0.670182
0.673146
0.676064
0.678935
0.681761
0.684541
0.687277
0.689971
0.692621
0.69523
0.697798
0.700326
0.702815
0.705266
0.707679
0.710056
0.712396
0.7147
0.716969
0.719202
0.721402
0.723568
0.725701
0.727799
0.729863
0.731894
0.733893
0.735859
0.737791
0.739689
0.741552
0.743382
0.745177
0.746937
0.748661
0.750348
0.751998
0.753611
0.755184
0.756718
0.758213
0.759669
0.761085
0.76246
0.763794
0.765085
0.766332
0.767535
0.768694
0.769809
0.770879
0.771903
0.772881
0.773813
0.774697
0.775534
0.776324
0.777069
0.777767
0.778418
0.779024
0.779583
0.780098
0.780568
0.780994
0.781376
0.781715
0.782013
0.782269
0.782486
0.782664
0.782804
0.782908
0.782979
0.783017
0.783024
0.783
0.782948
0.782869
0.782765
0.782638
0.782491
0.782324
0.78214
0.781941
0.781729
0.781507
0.781278
0.781042
0.780802
0.78056
0.780319
0.78008
0.779844
0.779615
0.779393
0.779182
0.778983
0.778797
0.778627
0.778475
0.778342
0.778228
0.778137
0.778069
0.778026
0.778009
0.77802
0.778057
0.778122
0.778217
0.778342
0.778497
0.778682
0.778898
0.779143
0.779419
0.779724
0.780058
0.780421
0.780813
0.781234
0.781683
0.782159
0.78266
0.783186
0.783735
0.784307
0.784901
0.785516
0.78615
0.786803
0.787471
0.788155
0.788853
0.789563
0.790286
0.791019
0.791762
0.792514
0.793275
0.794043
0.794818
0.795598
0.796381
0.797167
0.797957
0.79875
0.799544
0.800339
0.801135
0.80193
0.802725
0.803519
0.804313
0.805107
0.8059
0.806693
0.807485
0.808277
0.809069
0.809862
0.810654
0.811446
0.812238
0.813031
0.813823
0.814616
0.815409
0.816204
0.816999
0.817794
0.818589
0.819384
0.82018
0.820976
0.82177
0.822561
0.82335
0.824135
0.824916
0.825692
0.826462
0.827225
0.827979
0.828725
0.82946
0.830184
0.830895
0.831593
0.832276
0.832941
0.833586
0.834211
0.834813
0.835391
0.835943
0.836468
0.836964
0.837429
0.837862
0.838261
0.838626
0.838954
0.839245
0.839496
0.839706
0.839874
0.839997
0.840077
0.840112
0.840102
0.840044
0.839939
0.839785
0.839582
0.839331
0.839031
0.838683
0.838286
0.83784
0.837346
0.836803
0.836213
0.835576
0.834893
0.834166
0.833395
0.832581
0.831727
0.830833
0.829901
0.828933
0.82793
0.826895
0.825828
0.824732
0.823609
0.822462
0.821292
0.820102
0.818895
0.817672
0.816436
0.815189
0.813934
0.812673
0.811408
0.810142
0.808878
0.807617
0.806362
0.805114
0.803875
0.802646
0.801432
0.800234
0.799052
0.79789
0.796747
0.795625
0.794526
0.793451
0.792401
0.791376
0.790377
0.789403
0.788457
0.787538
0.786648
0.785786
0.784952
0.784146
0.783369
0.782621
0.781901
0.781208
0.780542
0.779903
0.77929
0.778702
0.77814
0.777603
0.777089
0.776598
0.776128
0.775679
0.775251
0.774842
0.77445
0.774075
0.773717
0.773375
0.773047
0.772733
0.772431
0.77214
0.771861
0.77159
0.771328
0.771073
0.770824
0.770581
0.770343
0.770108
0.769878
0.76965
0.769426
0.769204
0.768983
0.768765
0.768549
0.768335
0.768121
0.767907
0.767693
0.76748
0.767267
0.767054
0.766842
0.766631
0.766422
0.766215
0.766008
0.765803
0.7656
0.765399
0.765201
0.765008
0.76482
0.764639
0.764465
0.7643
0.764144
0.763997
0.763862
0.763738
0.763628
0.763532
0.763453
0.763391
0.763347
0.763323
0.763321
0.763341
0.763384
0.763453
0.763548
0.763671
0.763823
0.764005
0.764217
0.764462
0.764739
0.76505
0.765395
0.765776
0.766194
0.766648
0.767139
0.767668
0.768234
0.768837
0.769478
0.770157
0.770874
0.771628
0.772419
0.773247
0.774112
0.775012
0.775947
0.776916
0.777919
0.778954
0.780021
0.781117
0.782242
0.783394
0.784572
0.785774
0.786998
0.788242
0.789505
0.790786
0.792083
0.793394
0.794717
0.796051
0.797394
0.798744
0.800098
0.801456
0.802815
0.804174
0.805532
0.806885
0.808232
0.809572
0.810903
0.812224
0.813534
0.814831
0.816113
0.817379
0.818627
0.819858
0.82107
0.822261
0.823431
0.824577
0.8257
0.826797
0.82787
0.828918
0.829938
0.830933
0.831901
0.832842
0.833755
0.834641
0.8355
0.836331
0.837134
0.837911
0.838662
0.839386
0.840084
0.840757
0.841406
0.842031
0.842633
0.843213
0.84377
0.844306
0.844823
0.84532
0.8458
0.846263
0.846709
0.847138
0.847551
0.847951
0.848338
0.848711
0.849072
0.849421
0.849761
0.85009
0.85041
0.850721
0.851023
0.851318
0.851605
0.851884
0.852157
0.852421
0.852678
0.852928
0.85317
0.853405
0.853631
0.853848
0.854055
0.854251
0.854437
0.854612
0.854774
0.854922
0.855055
0.855172
0.855273
0.855356
0.855421
0.855466
0.855491
0.855494
0.855474
0.85543
0.85536
0.855265
0.855143
0.854993
0.854812
0.8546
0.854356
0.854079
0.853767
0.853419
0.853035
0.852614
0.852154
0.851655
0.851116
0.850537
0.849916
0.849252
0.848545
0.847795
0.847002
0.846165
0.845285
0.844362
0.843396
0.842387
0.841338
0.840248
0.839118
0.837947
0.836737
0.835489
0.834205
0.832886
0.831533
0.830147
0.82873
0.827284
0.825811
0.824313
0.822792
0.82125
0.81969
0.818114
0.816525
0.814925
0.813318
0.811705
0.81009
0.808475
0.806865
0.805262
0.80367
0.802091
0.800529
0.798987
0.797469
0.795978
0.794515
0.793086
0.791691
0.790336
0.789024
0.787757
0.786537
0.785368
0.784251
0.783189
0.782185
0.78124
0.780356
0.779536
0.778782
0.778095
0.777477
0.776929
0.776452
0.776048
0.775716
0.775458
0.775273
0.775163
0.775127
0.775166
0.77528
0.775469
0.775731
0.776068
0.776477
0.776958
0.777512
0.778135
0.778828
0.77959
0.780419
0.781313
0.782271
0.783292
0.784374
0.785515
0.786714
0.787967
0.789272
0.790628
0.792032
0.793483
0.794977
0.796513
0.798087
0.799698
0.801343
0.803019
0.804725
0.806457
0.808213
0.809992
0.81179
0.813604
0.815433
0.817273
0.819121
0.820975
0.822832
0.82469
0.826545
0.828396
0.83024
0.832075
0.833896
0.835703
0.837491
0.839259
0.841004
0.842725
0.844419
0.846082
0.847713
0.849309
0.850867
0.852384
0.853859
0.855289
0.856672
0.858008
0.859294
0.860528
0.861709
0.862833
0.863901
0.864909
0.865857
0.866742
0.867564
0.868321
0.869012
0.869636
0.870192
0.87068
0.871097
0.871445
0.871721
0.871925
0.872056
0.872115
0.872101
0.872013
0.871852
0.871618
0.871311
0.87093
0.870477
0.869951
0.869355
0.868689
0.867954
0.86715
0.866279
0.865342
0.864341
0.863277
0.862151
0.860966
0.859723
0.858423
0.857067
0.855657
0.854197
0.852688
0.851132
0.849532
0.847889
0.846206
0.844484
0.842726
0.840935
0.839111
0.83726
0.835381
0.833477
0.831552
0.829606
0.827643
0.825665
0.823673
0.821669
0.819657
0.817636
0.815608
0.813575
0.811538
0.8095
0.80746
0.805422
0.803384
0.80135
0.799321
0.797296
0.795276
0.793262
0.791255
0.789255
0.787261
0.785274
0.783293
0.781319
0.779353
0.777394
0.775441
0.773495
0.771555
0.769622
0.767695
0.765772
0.763854
0.761941
0.760033
0.758128
0.756227
0.75433
0.752437
0.750548
0.748663
0.746781
0.744902
0.743027
0.741157
0.739293
0.737433
0.735579
0.733731
0.731891
0.730059
0.728236
0.726422
0.72462
0.72283
0.721053
0.719289
0.717541
0.715809
0.714095
0.712401
0.710727
0.709076
0.70745
0.705851
0.704281
0.70274
0.701229
0.699752
0.69831
0.696905
0.695537
0.694209
0.692924
0.691682
0.690485
0.689335
0.688231
0.687177
0.686172
0.685219
0.684318
0.68347
0.682677
0.681939
0.681258
0.680633
0.680066
0.679559
0.67911
0.678721
0.678392
0.678121
0.67791
0.677758
0.677666
0.677633
0.677659
0.677744
0.677889
0.678092
0.678352
0.678668
0.67904
0.679467
0.679948
0.680482
0.681069
0.681707
0.682395
0.683132
0.683917
0.684749
0.685626
0.686548
0.687512
0.688518
0.689564
0.690649
0.691771
0.692928
0.69412
0.695345
0.696601
0.697887
0.699201
0.700541
0.701908
0.703299
0.704714
0.706149
0.707604
0.709078
0.710568
0.712073
0.713593
0.715126
0.71667
0.718225
0.719788
0.721359
0.722938
0.724524
0.726115
0.72771
0.729309
0.73091
0.732513
0.734118
0.735723
0.737329
0.738934
0.740537
0.742138
0.743738
0.745335
0.746929
0.748519
0.750107
0.75169
0.75327
0.754847
0.756419
0.757986
0.759548
0.761104
0.762656
0.764201
0.765741
0.767275
0.768802
0.770323
0.771837
0.773346
0.774848
0.776343
0.777831
0.779312
0.780786
0.782252
0.783711
0.785162
0.786606
0.788041
0.789468
0.790887
0.792297
0.793698
0.79509
0.796474
0.797849
0.799214
0.800571
0.801919
0.803256
0.804582
0.805897
0.807201
0.808494
0.809777
0.811048
0.812307
0.813555
0.81479
0.816012
0.81722
0.818415
0.819595
0.82076
0.82191
0.823045
0.824164
0.825268
0.826355
0.827424
0.828477
0.829512
0.830529
0.831526
0.832506
0.833469
0.834412
0.835336
0.83624
0.837124
0.837985
0.838825
0.839643
0.840439
0.841211
0.841961
0.842687
0.843389
0.844067
0.84472
0.845349
0.845953
0.846533
0.847087
0.847616
0.848118
0.848594
0.849043
0.849466
0.849862
0.850232
0.850575
0.850892
0.851181
0.851442
0.851675
0.85188
0.852058
0.85221
0.852335
0.852432
0.852502
0.852545
0.852561
0.852552
0.852516
0.852453
0.852364
0.85225
0.852112
0.851949
0.85176
0.851547
0.851308
0.851047
0.850763
0.850456
0.850127
0.849777
0.849406
0.849015
0.848604
0.848175
0.847727
0.847264
0.846784
0.84629
0.84578
0.845256
0.844718
0.84417
0.84361
0.843042
0.842467
0.841885
0.841296
0.840703
0.840106
0.839506
0.838904
0.838301
0.837698
0.837096
0.836496
0.8359
0.835308
0.834722
0.834143
0.833574
0.833014
0.832465
0.831927
0.8314
0.830887
0.830388
0.829905
0.829439
0.828991
0.828561
0.828149
0.827756
0.827385
0.827036
0.826708
0.826403
0.826121
0.825862
0.825627
0.825417
0.825231
0.825069
0.824932
0.82482
0.824734
0.824672
0.824635
0.824622
0.824635
0.824672
0.824734
0.824818
0.824927
0.825058
0.82521
0.825384
0.825578
0.825792
0.826024
0.826274
0.826539
0.826819
0.827112
0.827417
0.827734
0.82806
0.828395
0.828736
0.829083
0.829435
0.829788
0.830143
0.830497
0.830848
0.831196
0.831539
0.831876
0.832203
0.832521
0.832826
0.833119
0.833398
0.83366
0.833904
0.834131
0.834337
0.834521
0.834683
0.834822
0.834936
0.835024
0.835086
0.83512
0.835126
0.835103
0.83505
0.834967
0.834853
0.834707
0.834529
0.83432
0.83408
0.833808
0.833503
0.833166
0.832796
0.832394
0.831959
0.83149
0.830989
0.830455
0.829889
0.82929
0.82866
0.827998
0.827305
0.826582
0.825829
0.825046
0.824234
0.823393
0.822525
0.82163
0.820707
0.819758
0.818783
0.817783
0.81676
0.815713
0.814643
0.813552
0.812441
0.811308
0.810156
0.808985
0.807796
0.806591
0.805371
0.804135
0.802885
0.801622
0.800348
0.799063
0.797768
0.796464
0.795151
0.793832
0.792508
0.79118
0.789849
0.788516
0.787182
0.785848
0.784516
0.783188
0.781863
0.780543
0.779229
0.777923
0.776626
0.77534
0.774063
0.772798
0.771546
0.770309
0.769087
0.767881
0.766693
0.765524
0.764376
0.763249
0.762143
0.761059
0.759999
0.758964
0.757954
0.756969
0.756012
0.755082
0.75418
0.753308
0.752466
0.751654
0.750873
0.750123
0.749405
0.748719
0.748067
0.747448
0.746862
0.746312
0.745796
0.745316
0.744872
0.744465
0.744095
0.743761
0.743464
0.743203
0.742978
0.74279
0.742639
0.742524
0.742445
0.742403
0.742396
0.742424
0.742489
0.742589
0.742723
0.742891
0.743092
0.743326
0.743593
0.743891
0.74422
0.744579
0.744967
0.745383
0.745827
0.746299
0.746796
0.747319
0.747865
0.748435
0.749028
0.749641
0.750274
0.750925
0.751592
0.752276
0.752975
0.753688
0.754414
0.755152
0.755901
0.75666
0.757426
0.758199
0.758977
0.759759
0.760544
0.76133
0.762117
0.762903
0.763688
0.764471
0.765252
0.766029
0.766804
0.767572
0.768335
0.769091
0.769839
0.77058
0.771312
0.772035
0.772751
0.773456
0.774151
0.774836
0.775511
0.776176
0.776831
0.777475
0.77811
0.778735
0.779351
0.779958
0.780558
0.781149
0.781733
0.78231
0.782879
0.783442
0.783999
0.784551
0.785099
0.785644
0.786184
0.786721
0.787256
0.787788
0.788319
0.78885
0.789381
0.789909
0.790437
0.790964
0.79149
0.792016
0.792541
0.793067
0.79359
0.794112
0.794633
0.795151
0.795666
0.796178
0.796687
0.797191
0.797691
0.798185
0.798672
0.799152
0.799622
0.800084
0.800535
0.800974
0.801402
0.801817
0.802218
0.802603
0.802972
0.803322
0.803655
0.803969
0.804261
0.804532
0.804778
0.805
0.805196
0.805366
0.805508
0.80562
0.805702
0.805753
0.805772
0.805759
0.805712
0.805631
0.805515
0.805364
0.805177
0.804955
0.804696
0.8044
0.804065
0.803694
