1.6
1.59983
1.59934
1.59852
1.59736
1.59588
1.59407
1.59194
1.58948
1.58669
1.58357
1.58013
1.57637
1.57228
1.56788
1.56315
1.55811
1.55275
1.54707
1.54108
1.53478
1.52816
1.52122
1.51397
1.50639
1.49851
1.4903
1.48178
1.47294
1.4638
1.45434
1.44456
1.43448
1.4241
1.4134
1.40241
1.39111
1.37952
1.36763
1.35545
1.34298
1.33022
1.31719
1.30388
1.2903
1.27646
1.26235
1.248
1.23341
1.21857
1.20351
1.18823
1.17274
1.15705
1.14117
1.12512
1.1089
1.09252
1.07601
1.05937
1.04262
1.02578
1.00886
0.991878
0.974851
0.957797
0.940734
0.923682
0.90666
0.889686
0.872782
0.855966
0.83926
0.822684
0.806258
0.790002
0.773937
0.758081
0.742456
0.727079
0.711969
0.697144
0.68262
0.668414
0.654542
0.641017
0.627854
0.615065
0.602661
0.590653
0.57905
0.56786
0.55709
0.546746
0.536833
0.527354
0.518311
0.509707
0.50154
0.493812
0.486519
0.47966
0.473232
0.46723
0.46165
0.456486
0.451732
0.447381
0.443427
0.439861
0.436675
0.433862
0.431412
0.429317
0.427568
0.426154
0.425066
0.424294
0.423829
0.42366
0.423777
0.42417
0.424829
0.425745
0.426906
0.428303
0.429927
0.431767
0.433814
0.436058
0.438491
0.441102
0.443884
0.446826
0.449921
0.45316
0.456532
0.460032
0.463649
0.467377
0.471208
0.475134
0.479148
0.483243
0.487414
0.491652
0.495952
0.500306
0.504709
0.509154
0.513636
0.518149
0.522688
0.527248
0.531823
0.53641
0.541004
0.545601
0.550197
0.554787
0.559369
0.563938
0.568491
0.573025
0.577538
0.582027
0.586488
0.590919
0.595318
0.599682
0.60401
0.608299
0.612548
0.616754
0.620916
0.625034
0.629105
0.633128
0.637104
0.641031
0.644908
0.648736
0.652513
0.65624
0.659916
0.663541
0.667114
0.670636
0.674106
0.677525
0.680893
0.684211
0.687478
0.690697
0.693867
0.696989
0.700063
0.703091
0.706074
0.709011
0.711904
0.714755
0.717563
0.72033
0.723057
0.725744
0.728392
0.731003
0.733577
0.736115
0.738617
0.741084
0.743519
0.745919
0.748286
0.75062
0.752923
0.755193
0.75743
0.759636
0.761808
0.763949
0.766058
0.768134
0.770177
0.772186
0.77416
0.776099
0.778003
0.77987
0.7817
0.783492
0.785245
0.786957
0.788629
0.790258
0.791846
0.793392
0.794895
0.796353
0.797767
0.799134
0.800454
0.801726
0.80295
0.804126
0.805253
0.806329
0.807355
0.808329
0.809252
0.810124
0.810945
0.811715
0.812434
0.813104
0.813725
0.814296
0.814817
0.815291
0.815717
0.816097
0.816431
0.816721
0.816966
0.817169
0.817331
0.817453
0.817537
0.817586
0.817602
0.817585
0.817537
0.81746
0.817356
0.817227
0.817075
0.816902
0.816711
0.816503
0.816282
0.81605
0.81581
0.815564
0.815314
0.815062
0.81481
0.814561
0.814317
0.81408
0.813851
0.813635
0.813432
0.813245
0.813075
0.812924
0.812795
0.812688
0.812607
0.81255
0.812522
0.812523
0.812553
0.812613
0.812706
0.81283
0.812985
0.813174
0.813397
0.813652
0.813941
0.814264
0.814619
0.815007
0.815425
0.815874
0.816353
0.816861
0.817399
0.817964
0.818554
0.819169
0.819807
0.820468
0.82115
0.821851
0.822569
0.823304
0.824053
0.824815
0.825588
0.826371
0.827165
0.827966
0.828775
0.829589
0.830408
0.83123
0.832056
0.832885
0.833714
0.834543
0.835371
0.836198
0.837024
0.837849
0.838671
0.83949
0.840307
0.84112
0.841931
0.842739
0.843545
0.844348
0.845149
0.845946
0.846743
0.847539
0.848334
0.849128
0.849921
0.850714
0.851506
0.852299
0.85309
0.853882
0.854674
0.855466
0.856259
0.857052
0.857845
0.858636
0.859427
0.860215
0.861001
0.861783
0.862562
0.863335
0.864101
0.86486
0.865611
0.866352
0.867082
0.8678
0.868504
0.869193
0.869866
0.870521
0.871156
0.871768
0.872357
0.87292
0.873457
0.873964
0.874441
0.874886
0.875297
0.875671
0.876008
0.876307
0.876566
0.876784
0.876958
0.877088
0.877172
0.87721
0.877201
0.877143
0.877036
0.87688
0.876673
0.876415
0.876108
0.875751
0.875343
0.874884
0.874375
0.873816
0.873207
0.872549
0.871845
0.871093
0.870296
0.869455
0.868572
0.867648
0.866686
0.865686
0.864651
0.863583
0.862483
0.861353
0.860197
0.859015
0.857812
0.856589
0.85535
0.854095
0.852829
0.851553
0.850271
0.848984
0.847695
0.846406
0.84512
0.84384
0.842567
0.841303
0.840052
0.838815
0.837594
0.836391
0.835207
0.834046
0.83291
0.831798
0.830711
0.829652
0.828619
0.827615
0.82664
0.825696
0.824782
0.823897
0.823044
0.822221
0.821429
0.820667
0.819935
0.819234
0.818563
0.817921
0.817308
0.816724
0.816167
0.815637
0.815134
0.814656
0.814202
0.813772
0.813364
0.812977
0.81261
0.812262
0.811932
0.811619
0.811323
0.811041
0.810774
0.810519
0.810275
0.810041
0.809818
0.809603
0.809396
0.809195
0.809
0.808808
0.808621
0.808437
0.808256
0.808076
0.807897
0.807718
0.80754
0.807362
0.807184
0.807005
0.806825
0.806643
0.80646
0.806275
0.80609
0.805903
0.805715
0.805527
0.805338
0.805148
0.804957
0.804765
0.804574
0.804384
0.804195
0.804008
0.803825
0.803647
0.803473
0.803307
0.803149
0.802998
0.802857
0.802727
0.802608
0.802505
0.802416
0.802344
0.802289
0.802254
0.80224
0.802248
0.802279
0.802335
0.802416
0.802527
0.802667
0.802838
0.803041
0.803276
0.803546
0.80385
0.80419
0.804567
0.804981
0.805433
0.805923
0.806453
0.807022
0.807629
0.808276
0.808962
0.809687
0.81045
0.811252
0.812091
0.812967
0.813879
0.814826
0.815809
0.816825
0.817874
0.818954
0.820064
0.821202
0.822366
0.823556
0.824769
0.826003
0.827257
0.828529
0.829818
0.83112
0.832436
0.833763
0.835099
0.836441
0.837788
0.839138
0.840489
0.841841
0.843191
0.844537
0.845878
0.847212
0.848536
0.849851
0.851154
0.852444
0.85372
0.85498
0.856224
0.857449
0.858657
0.859846
0.861015
0.862162
0.863286
0.864387
0.865463
0.866515
0.867543
0.868546
0.869524
0.870478
0.871406
0.872309
0.873188
0.874042
0.874871
0.875677
0.876459
0.877217
0.877953
0.878666
0.879358
0.880029
0.880681
0.881313
0.881926
0.88252
0.883096
0.883655
0.884198
0.884725
0.88524
0.885742
0.88623
0.886705
0.887169
0.887622
0.888063
0.888495
0.888916
0.889327
0.889729
0.890121
0.890506
0.890883
0.891252
0.891611
0.891962
0.892303
0.892636
0.89296
0.893274
0.893578
0.89387
0.894151
0.894418
0.894672
0.894912
0.895137
0.895344
0.895533
0.895703
0.895853
0.895982
0.896088
0.89617
0.896226
0.896256
0.89626
0.896235
0.89618
0.896092
0.895971
0.895816
0.895626
0.895399
0.895135
0.894832
0.894489
0.894106
0.89368
0.89321
0.892696
0.892137
0.891533
0.890882
0.890183
0.889435
0.88864
0.887796
0.886902
0.885959
0.884966
0.883922
0.88283
0.881688
0.880499
0.879262
0.877979
0.876652
0.875282
0.873868
0.872412
0.870915
0.869379
0.867805
0.866197
0.864555
0.862881
0.861179
0.859451
0.8577
0.855928
0.854139
0.852335
0.850519
0.848694
0.846865
0.845032
0.843202
0.841376
0.839559
0.837754
0.835966
0.834197
0.832452
0.830734
0.829047
0.827395
0.825782
0.82421
0.822684
0.821207
0.819783
0.818415
0.817106
0.81586
0.814679
0.813565
0.81252
0.811548
0.810651
0.80983
0.809087
0.808425
0.807845
0.807348
0.806934
0.806606
0.806363
0.806207
0.806136
0.806151
0.806253
0.80644
0.806713
0.807071
0.807513
0.808039
0.808647
0.809336
0.810105
0.810953
0.811877
0.812876
0.813948
0.815092
0.816306
0.817589
0.818938
0.82035
0.821822
0.823352
0.824937
0.826574
0.828261
0.829996
0.831774
0.833593
0.835451
0.837345
0.839272
0.841228
0.84321
0.845216
0.847244
0.849292
0.851356
0.853432
0.855517
0.857609
0.859705
0.861801
0.863894
0.865982
0.86806
0.870127
0.87218
0.874217
0.876234
0.87823
0.8802
0.882142
0.884053
0.885932
0.887776
0.889582
0.891347
0.893069
0.894745
0.896373
0.89795
0.899475
0.900946
0.90236
0.903716
0.905012
0.906246
0.907416
0.908521
0.909558
0.910528
0.911428
0.912257
0.913016
0.913701
0.914311
0.914845
0.915304
0.915686
0.915991
0.916218
0.916366
0.916436
0.916426
0.916337
0.916169
0.915923
0.915599
0.915196
0.914716
0.914159
0.913527
0.91282
0.912039
0.911186
0.91026
0.909264
0.9082
0.907069
0.905873
0.904613
0.90329
0.901907
0.900467
0.898972
0.897423
0.895824
0.894175
0.89248
0.890742
0.888961
0.88714
0.885281
0.883389
0.881464
0.879509
0.877527
0.875521
0.873493
0.871444
0.869377
0.867294
0.865198
0.863092
0.860976
0.858855
0.856728
0.854596
0.852461
0.850324
0.848188
0.846052
0.843918
0.841788
0.839663
0.837541
0.835426
0.833318
0.831216
0.82912
0.827031
0.824947
0.822869
0.820797
0.818729
0.816667
0.814612
0.812561
0.810514
0.808471
0.806433
0.8044
0.80237
0.800343
0.798317
0.796293
0.79427
0.792248
0.790227
0.788207
0.786189
0.784172
0.782157
0.780144
0.778133
0.776125
0.774122
0.772124
0.770132
0.768145
0.766165
0.764194
0.762232
0.760281
0.758344
0.756419
0.75451
0.752617
0.750742
0.748888
0.747056
0.745248
0.743465
0.74171
0.739985
0.738294
0.736637
0.735016
0.733434
0.731893
0.730396
0.728942
0.727536
0.726179
0.724872
0.723619
0.722421
0.72128
0.720196
0.719172
0.718208
0.717306
0.716467
0.715692
0.714982
0.714339
0.713763
0.713254
0.712814
0.712443
0.712141
0.711908
0.711743
0.711647
0.711619
0.711659
0.711767
0.711943
0.712185
0.712494
0.712867
0.713305
0.713805
0.714366
0.714987
0.715668
0.716405
0.717197
0.718042
0.71894
0.719889
0.720887
0.721932
0.723021
0.724154
0.725329
0.726543
0.727795
0.729082
0.730403
0.731756
0.733138
0.734547
0.735982
0.73744
0.73892
0.740418
0.741935
0.743468
0.745014
0.746573
0.748142
0.749719
0.751303
0.752891
0.754483
0.756076
0.757669
0.759261
0.760851
0.762437
0.764018
0.765593
0.767161
0.768721
0.770273
0.771815
0.773348
0.774871
0.776381
0.777881
0.779368
0.780843
0.782304
0.783753
0.785189
0.786613
0.788025
0.789423
0.790809
0.792181
0.793541
0.794888
0.796223
0.797545
0.798855
0.800154
0.801442
0.802719
0.803986
0.805243
0.80649
0.807726
0.808954
0.810173
0.811383
0.812586
0.813782
0.81497
0.81615
0.817323
0.818489
0.81965
0.820806
0.821955
0.8231
0.82424
0.825375
0.826506
0.827634
0.828759
0.82988
0.830998
0.832113
0.833225
0.834333
0.835438
0.83654
0.837639
0.838736
0.839831
0.840924
0.842013
0.8431
0.844183
0.845262
0.846338
0.847411
0.84848
0.849545
0.850605
0.85166
0.852711
0.853756
0.854796
0.855831
0.856859
0.857881
0.858896
0.859904
0.860902
0.861891
0.862871
0.863841
0.8648
0.865748
0.866683
0.867605
0.868514
0.869409
0.87029
0.871155
0.872004
0.872837
0.873652
0.874449
0.875229
0.87599
0.876733
0.877455
0.878157
0.878837
0.879496
0.880134
0.880749
0.881341
0.88191
0.882455
0.882975
0.883471
0.88394
0.884385
0.884804
0.885196
0.885563
0.885903
0.886216
0.886503
0.886763
0.886996
0.887202
0.887381
0.887535
0.887662
0.887762
0.887836
0.887883
0.887904
0.8879
0.887871
0.887817
0.887739
0.887636
0.88751
0.88736
0.887186
0.886991
0.886775
0.886538
0.88628
0.886003
0.885709
0.885398
0.885071
0.884729
0.884373
0.884005
0.883625
0.883234
0.882833
0.882424
0.882008
0.881585
0.881157
0.880724
0.880285
0.879844
0.8794
0.878955
0.87851
0.878067
0.877626
0.877189
0.876756
0.876329
0.875909
0.875495
0.87509
0.874695
0.874311
0.873938
0.873578
0.873231
0.872898
0.872579
0.872274
0.871984
0.871709
0.87145
0.871207
0.870982
0.870774
0.870585
0.870413
0.870259
0.870124
0.870008
0.869912
0.869835
0.869777
0.869736
0.869714
0.869711
0.869726
0.869759
0.869811
0.869878
0.869963
0.870062
0.870177
0.870306
0.870448
0.870604
0.870771
0.870949
0.871138
0.871336
0.871541
0.871752
0.871969
0.87219
0.872414
0.872639
0.872864
0.873089
0.873311
0.873529
0.87374
0.873944
0.87414
0.874327
0.874503
0.874665
0.874813
0.874945
0.87506
0.875158
0.875236
0.875294
0.875329
0.875341
0.875329
0.875292
0.875229
0.875139
0.875022
0.874876
0.874701
0.874496
0.874261
0.873994
0.873696
0.873366
0.873004
0.87261
0.872183
0.871725
0.871234
0.870711
0.870155
0.869567
0.868947
0.868296
0.867613
0.866899
0.866154
0.865379
0.864574
0.863741
0.862879
0.861989
0.86107
0.860125
0.859154
0.858158
0.857136
0.856092
0.855026
0.853937
0.852827
0.851696
0.850546
0.849378
0.848191
0.846987
0.845767
0.844533
0.843284
0.842022
0.840749
0.839466
0.838172
0.836869
0.835558
0.83424
0.832916
0.831588
0.830256
0.828921
0.827584
0.826246
0.824908
0.823571
0.822237
0.820907
0.819581
0.818261
0.816947
0.815643
0.814349
0.813065
0.811793
0.810533
0.809286
0.808054
0.806837
0.805635
0.804451
0.803287
0.802143
0.801019
0.799917
0.798839
0.797783
0.796752
0.795747
0.794768
0.793815
0.792889
0.791991
0.791122
0.790281
0.789472
0.788693
0.787945
0.78723
0.786547
0.785897
0.78528
0.784698
0.78415
0.783636
0.783158
0.782716
0.78231
0.781941
0.781609
0.781313
0.781054
0.780833
0.780649
0.780502
0.780393
0.780322
0.780287
0.78029
0.78033
0.780406
0.780518
0.780666
0.78085
0.781069
0.781324
0.781612
0.781934
0.782288
0.782675
0.783091
0.783539
0.784015
0.78452
0.785052
0.785611
0.786195
0.786804
0.787438
0.788096
0.788774
0.789471
0.790187
0.79092
0.791668
0.792431
0.793209
0.793998
0.794798
0.795608
0.796428
0.797254
0.798085
0.798921
0.79976
0.8006
0.80144
0.802279
0.803116
0.803949
0.804777
0.805599
0.806414
0.807221
0.808019
0.808807
0.809585
0.810352
0.811106
0.811847
0.812576
0.813291
0.813991
0.814676
0.815346
0.815999
0.816637
0.817259
0.817865
0.818455
0.819028
0.819586
0.820129
0.820658
0.821173
0.821673
0.822161
0.822636
0.8231
0.823552
0.823994
0.824426
0.824849
0.825264
0.825673
0.826075
0.826473
0.826867
0.827256
0.827641
0.828023
0.828403
0.828785
0.829166
0.829549
0.829931
0.830314
0.830698
0.831082
0.831468
0.831856
0.832245
0.832635
0.833027
0.83342
0.833813
0.834206
0.8346
0.834992
0.835383
0.835773
0.836161
0.836547
0.836929
0.837307
0.83768
0.838046
0.838405
0.838756
0.839097
0.839428
0.839746
0.840052
0.840344
0.840621
0.840881
0.841121
0.841343
0.841543
0.841721
0.841876
0.842006
0.842109
0.842186
0.842234
0.842252
0.842239
0.842195
0.842118
0.842007
0.84186
0.841679
0.841461
0.841207
0.840915
0.840585
0.840215
0.839807
0.839359
0.838872
0.838347
0.837784
0.837183
0.836543
0.835866
0.835152
0.834401
0.833615
0.832794
0.83194
0.831055
0.830139
0.829193
0.828221
0.827224
0.826204
0.825162
0.824101
0.823024
0.821933
0.82083
0.819717
0.818598
0.817475
0.816351
0.815228
0.814111
0.813
0.811901
0.810815
0.809746
0.808696
0.80767
0.80667
0.805698
0.804757
0.803852
0.802986
0.80216
0.801378
0.800641
0.799952
0.799314
0.798728
0.798198
0.797724
0.79731
0.796957
0.796666
0.796439
0.796279
0.796184
0.796158
0.796202
0.796316
0.796499
0.796754
0.797078
0.797473
0.797939
0.798476
0.799082
0.799756
0.800499
0.801308
0.802182
0.803121
0.804124
0.805188
0.806313
0.807495
0.808733
0.810024
0.811367
0.81276
0.8142
0.815684
0.81721
0.818777
0.82038
0.822017
0.823687
0.825386
0.827112
0.828861
0.83063
0.832416
0.834218
0.836032
0.837857
0.839687
0.84152
0.843354
0.845185
0.84701
0.848828
0.850634
0.852427
0.854204
0.855962
0.857699
0.859412
0.861099
0.862757
0.864386
0.86598
0.867539
0.86906
0.870539
0.871976
0.873367
0.874711
0.876005
0.877249
0.878441
0.879579
0.880661
0.881685
0.88265
0.883555
0.884398
0.885178
0.885895
0.886548
0.887136
0.887658
0.888113
0.888502
0.888824
0.889078
0.889264
0.889382
0.889432
0.889414
0.889328
0.889176
0.888956
0.888671
0.888321
0.887907
0.887429
0.886889
0.886288
0.885627
0.884909
0.884133
0.883302
0.882416
0.881476
0.880485
0.879443
0.878351
0.877213
0.87603
0.874803
0.873533
0.872222
0.870871
0.869482
0.868058
0.866598
0.865106
0.863584
0.862034
0.860456
0.858852
0.857226
0.855577
0.853908
0.852221
0.850519
0.848801
0.84707
0.845328
0.843577
0.841817
0.840051
0.838281
0.836508
0.834733
0.832958
0.831183
0.829412
0.827648
0.82589
0.824142
0.822403
0.820677
0.818964
0.817266
0.815585
0.813922
0.81228
0.81066
0.809064
0.807492
0.805947
0.804431
0.802946
0.801496
0.800079
0.798697
0.797352
0.796044
0.794775
0.793548
0.792364
0.791224
0.79013
0.789084
0.788086
0.787138
0.786239
0.785392
0.784598
0.783856
0.783167
0.782532
0.781952
0.781428
0.780959
0.780545
0.780186
0.779881
0.779632
0.779436
0.779294
0.779206
0.779171
0.779189
0.779257
0.779374
0.77954
0.779752
0.78001
0.780312
0.780655
0.78104
0.781463
0.781924
0.78242
0.782949
0.783508
0.784096
0.78471
0.785348
0.786007
0.786685
0.787379
0.788088
0.788809
0.789541
0.790282
0.791028
0.791777
0.792527
0.793276
0.794023
0.794764
0.795499
0.796225
0.79694
0.797643
0.798333
0.799008
0.799667
0.800309
0.800931
0.801535
0.802119
0.802683
0.803227
0.803751
0.804255
0.804736
0.805196
0.805634
0.80605
0.806447
0.806823
0.80718
0.807519
0.807839
0.808141
0.808428
0.808699
0.808956
0.8092
0.809432
0.809653
0.809864
0.810066
0.810262
0.810452
0.810636
0.810818
0.810997
0.811176
0.811357
0.811539
0.811725
0.811915
0.81211
0.812311
0.812519
0.812735
0.81296
0.813194
0.813438
0.813693
0.813961
0.814241
0.814535
0.814842
0.815162
0.815496
0.815844
0.816206
0.816583
0.816975
0.817382
0.817804
0.818241
0.818692
0.819159
0.819642
0.820139
0.82065
0.821174
0.821711
0.822261
0.822823
0.823397
0.823982
0.82458
0.825188
0.825808
0.826438
0.827079
0.82773
0.828391
0.82906
0.829738
0.830424
0.831121
0.831826
0.832539
0.833258
0.833986
0.834721
0.835463
0.83621
0.836962
0.83772
0.838481
0.839247
0.840017
0.840791
0.841567
0.842344
0.843123
0.843902
0.844682
0.84546
0.846236
0.84701
0.847779
0.848544
0.849304
0.850056
0.850799
0.851534
0.852257
0.852968
0.853666
0.854349
0.855015
0.855665
0.856297
0.85691
0.857501
0.858069
0.858613
0.859131
0.859621
0.860081
0.860511
0.860909
0.861273
0.861603
0.861897
0.862153
0.862372
0.862552
0.862691
0.862789
0.862844
0.862857
0.862825
0.86275
0.862631
0.862465
0.862254
0.861996
0.861692
0.86134
0.860943
0.8605
0.860012
0.859478
0.858899
0.858274
0.857606
0.856893
0.856137
0.855339
0.854501
0.853622
0.852706
0.851752
0.850762
0.849739
0.848682
0.847595
0.846478
0.845334
0.844164
0.842972
0.841759
0.840527
0.839279
0.838018
0.836744
0.835462
0.834172
0.832878
0.831582
0.830287
0.828995
0.82771
0.826436
0.825176
0.823931
0.822705
0.821499
0.820316
0.819159
0.81803
0.816931
0.815866
0.814837
0.813846
0.812895
0.811989
0.811127
0.810313
0.809548
0.808835
0.808175
0.807571
0.807022
0.806532
0.806103
0.805733
0.805423
0.805175
0.80499
0.804868
0.80481
0.804816
0.804885
0.805019
0.805215
0.805474
0.805796
0.80618
0.806625
0.807129
0.807692
0.808312
0.808988
0.809717
0.810499
0.811331
0.812212
0.813139
0.81411
0.815124
0.816178
0.817269
0.818395
0.819552
0.820739
0.821952
0.82319
0.824448
0.825725
0.827016
0.82832
0.829634
0.830955
0.832282
0.833612
0.834942
0.83627
0.837595
0.838912
0.840221
0.84152
0.842807
0.844078
0.845333
0.846569
0.847786
0.848981
0.850152
0.851299
0.852421
0.853516
0.854584
0.855623
0.856634
0.857617
0.85857
0.859494
0.860386
0.861246
0.862075
0.862874
0.863641
0.864379
0.865084
0.865758
0.866401
0.867014
0.867595
0.868145
0.868665
0.869156
0.869618
0.87005
0.870453
0.870828
0.871176
0.871495
0.871788
0.872054
0.872294
0.872508
0.872697
0.872863
0.873005
0.873125
0.873223
0.8733
0.873356
0.873391
0.873408
0.873405
0.873385
0.873347
0.873294
0.873224
0.873137
0.873036
0.872922
0.872795
0.872655
0.872503
0.872339
0.872165
0.871983
0.871793
0.871595
0.87139
0.871179
0.870963
0.870742
0.870517
0.870289
0.870058
0.869826
0.869592
0.869359
0.869126
0.868897
0.868671
0.868449
0.86823
0.868017
0.86781
0.867609
0.867414
0.867226
0.867045
0.866873
0.866709
0.866554
0.866408
0.866273
0.866147
0.866033
0.865931
0.865843
0.865767
0.865705
0.865655
0.86562
0.8656
0.865595
0.865607
0.865634
0.865677
0.865738
0.865814
0.865908
0.866018
0.866146
0.86629
0.866451
0.86663
0.866825
0.867036
0.867263
0.867507
0.867769
0.868044
0.868334
0.868637
0.868952
0.86928
0.869618
0.869965
0.870322
0.870687
0.871057
0.871432
0.871809
0.872188
0.872566
0.87294
0.873309
0.873671
0.874024
0.874365
0.874692
0.875003
0.875295
0.875567
0.875816
0.876041
0.876238
0.876405
0.876539
0.876639
0.876703
0.876728
0.876711
0.876651
0.876545
0.876391
0.876189
0.875937
0.875633
0.875274
0.874858
0.874385
0.873852
0.873261
0.872609
0.871895
0.871119
0.870279
0.869376
0.86841
0.86738
0.866286
0.865128
0.863908
0.862626
0.861282
0.859879
0.858418
0.8569
0.855327
0.8537
0.852022
0.850294
0.848519
0.8467
0.844839
0.842939
0.841003
0.839034
0.837034
0.835008
0.832959
0.83089
0.828806
0.826713
0.824611
0.822505
0.820397
0.818293
0.816195
0.814105
0.812027
0.809966
0.807923
0.805902
0.803907
0.80194
0.800004
0.7981
0.796231
0.794399
0.792605
0.790851
0.789139
0.787471
0.785847
0.784269
0.782735
0.781248
0.779808
0.778415
0.777069
0.77577
0.774519
0.773314
0.772156
0.771045
0.76998
0.76896
0.767986
0.767055
0.766169
0.765326
0.764526
0.763769
0.763054
0.76238
0.761747
0.761154
0.760602
0.76009
0.759617
0.759182
0.758786
0.758428
0.758108
0.757826
0.757582
0.757376
0.757208
0.757077
0.756984
0.756928
0.756909
0.756927
0.756983
0.757077
0.757208
0.757377
0.757583
0.757827
0.758109
0.758429
0.758787
0.759182
0.759614
0.760084
0.760592
0.761138
0.761722
0.762342
0.763
0.763694
0.764425
0.765191
0.765993
0.76683
0.767703
0.76861
0.76955
0.770524
0.77153
0.772569
0.773639
0.774741
0.775874
0.777037
0.778228
0.779448
0.780696
0.781971
0.78327
0.784594
0.78594
0.787308
0.788698
0.790109
0.791539
0.792988
0.794453
0.795934
0.797428
0.798936
0.800455
0.801985
0.803526
0.805075
0.80663
0.808191
0.809756
0.811324
0.812895
0.814466
0.816039
0.817611
0.819182
0.820749
0.822312
0.823869
0.825419
0.826961
0.828494
0.830016
0.831526
0.833023
0.834507
0.835977
0.83743
0.838867
0.840288
0.84169
0.843073
0.844435
0.845775
0.847093
0.848389
0.84966
0.850905
0.852123
0.853313
0.854477
0.855612
0.856717
0.857792
0.858838
0.859851
0.860831
0.861777
0.862688
0.863564
0.864402
0.865202
0.865965
0.866688
0.867371
0.868013
0.868612
0.86917
0.869684
0.870155
0.870583
0.870966
0.871303
0.871596
0.871843
0.872046
0.872203
0.872313
0.872376
0.872392
0.872361
0.872283
0.872158
0.871987
0.87177
0.871507
0.871201
0.87085
0.870455
0.870016
0.869534
0.869009
0.868445
0.867842
0.867199
0.866518
0.8658
0.865048
0.86426
0.86344
0.86259
0.861708
0.860799
0.859862
0.858899
0.857913
0.856904
0.855875
0.854828
0.853764
0.852683
0.851588
0.850479
0.849359
0.848228
0.847088
0.845941
0.844786
0.843626
0.842461
0.841292
0.840122
0.838951
0.837778
0.836606
0.835434
0.834265
0.833098
0.831935
0.830777
0.829624
0.828476
0.827334
0.826198
0.825069
0.823946
0.82283
0.821722
0.82062
0.819526
0.818437
0.817356
0.816282
0.815216
0.814157
0.813106
0.812062
0.811026
0.809998
0.808978
0.807966
0.806962
0.805965
0.804976
0.803994
0.80302
0.802052
0.801091
0.800138
0.799191
0.798252
0.797319
0.796392
0.795471
0.794556
0.793648
0.792746
0.791851
0.790962
0.790078
0.789201
0.788329
0.787464
0.786605
0.785753
0.784907
0.784069
0.783239
0.782415
0.781598
0.780789
0.779987
0.779194
0.778411
0.777637
0.776873
0.776119
0.775377
0.774646
0.773928
0.773222
0.772529
0.771851
0.771187
0.77054
0.76991
0.769299
0.768708
0.768136
0.767584
0.767053
0.766543
0.766056
0.765593
0.765153
0.764738
0.76435
0.763988
0.763654
0.763349
0.763072
0.762827
0.762612
0.762427
0.762273
0.762152
0.762063
0.762007
0.761983
0.761993
0.762037
0.762115
0.762227
0.762373
0.762554
0.76277
0.763022
0.76331
0.763633
0.763994
0.764392
0.764828
0.765301
0.765811
0.766357
0.766941
0.767563
0.768223
0.768923
0.769663
0.770443
0.771264
0.772127
0.773033
0.773982
0.774975
0.776012
0.777095
0.778224
0.779401
0.780625
0.781899
0.783223
0.784597
0.786023
0.787502
0.789034
0.79062
0.792259
0.793954
0.795703
0.79751
0.799373
0.801294
0.803271
0.805304
0.807395
0.809543
0.811748
0.814009
0.816326
0.818697
0.821122
0.8236
0.826129
0.828709
0.831338
0.834015
0.836737
0.839503
0.842312
0.845161
0.848048
0.850972
0.853929
0.856917
0.859933
0.862975
0.86604
0.869124
0.872225
0.875342
0.87847
0.881605
0.884744
0.887885
0.891024
0.894158
0.897282
0.900392
0.903486
0.90656
0.90961
0.912632
0.915623
0.91858
0.921498
0.924373
0.927202
0.929983
0.932712
0.935385
0.937997
0.940544
0.943023
0.945431
0.947766
0.950021
0.952194
0.954281
0.95628
0.958187
0.959998
0.961711
0.963321
0.964828
0.966227
0.967516
0.968692
0.969751
0.970693
0.971516
0.972218
0.972797
0.97325
0.973576
0.973775
0.973845
0.973785
0.973595
0.973273
0.972819
0.972232
0.971513
0.970662
0.96968
0.968566
0.967322
0.965947
0.964444
0.962813
0.961055
0.959174
0.957171
0.955048
0.95281
0.950456
0.94799
0.945415
0.942734
0.939951
0.937067
0.934089
0.931018
0.92786
0.924617
0.921295
0.917897
0.91443
0.910896
0.907299
0.903644
0.899937
0.896182
0.892384
0.88855
0.884684
0.880791
0.876874
0.872938
0.868988
0.86503
0.86107
0.85711
0.853157
0.849215
0.84529
0.841385
0.837505
0.833657
0.829843
0.826071
0.822344
0.818665
0.81504
0.811472
0.807966
0.804527
0.801158
0.797863
0.794647
0.791514
0.788467
0.78551
0.782647
0.77988
0.777212
0.774648
0.77219
0.769843
0.767607
0.765487
0.763483
0.761599
0.759837
0.7582
0.75669
0.755309
0.754059
0.752941
0.751957
0.751108
0.750393
0.749815
0.749372
0.749066
0.748898
0.748866
0.748972
0.749214
0.749591
0.750104
0.750751
0.751532
0.752444
0.753486
0.754657
0.755955
0.757376
0.758917
0.760576
0.762349
0.764234
0.766227
0.768325
0.770524
0.77282
0.775208
0.777686
0.780248
0.78289
0.785606
0.788394
0.791248
0.794162
0.797131
0.800151
0.803217
0.806323
0.809464
0.812636
0.815833
0.81905
0.822282
0.825525
0.828773
0.832021
0.835265
0.838499
0.841718
0.844917
0.848093
0.851242
0.85436
0.857442
0.860484
0.863483
0.866435
0.869337
0.872184
0.874975
0.877707
0.880378
0.882984
0.885524
0.887994
0.890394
0.892721
0.894974
0.89715
0.899248
0.901266
0.903205
0.905062
0.906837
0.908532
0.910144
0.911673
0.913119
0.914485
0.915767
0.916967
0.918084
0.919119
0.920074
0.920948
0.921742
0.922456
0.923093
0.923652
0.924134
0.924541
0.924875
0.925135
0.925323
0.925441
0.925489
0.925469
0.925383
0.92523
0.925013
0.924733
0.924391
0.923988
0.923527
0.923007
0.922432
0.921801
0.921117
0.920381
0.919596
0.918762
0.917881
0.916952
0.915979
0.91496
0.913899
0.912796
0.911652
0.910469
0.909248
0.90799
0.906697
0.90537
0.90401
0.902617
0.901192
0.899736
0.898251
0.896738
0.895196
0.893629
0.892037
0.89042
0.888781
0.88712
0.88544
0.883739
0.88202
0.880284
0.878533
0.876768
0.87499
0.873199
0.871399
0.869589
0.86777
0.865945
0.864114
0.86228
0.860444
0.858608
0.856774
0.854945
0.85312
0.851304
0.849498
0.847703
0.845924
0.844161
0.842417
0.840694
0.838996
0.837326
0.835683
0.834071
0.832491
0.830948
0.829444
0.827979
0.826556
0.825176
0.823842
0.822556
0.821319
0.820133
0.819001
0.817923
0.816901
0.815937
0.815033
0.814187
0.813403
0.812679
0.812017
0.811417
0.810878
0.810401
0.809985
0.809631
0.809337
0.809103
0.808926
0.808807
0.808743
0.808734
0.808776
0.808868
0.809007
0.809192
0.809421
0.809693
0.810004
0.810351
0.810733
0.811146
0.811588
0.812057
0.812551
0.813067
0.813602
0.814154
0.81472
0.815298
0.815886
0.816482
0.817082
0.817685
0.81829
0.818896
0.8195
0.8201
0.820694
0.821282
0.821861
0.822429
0.822986
0.823532
0.824065
0.824582
0.825084
0.82557
0.826038
0.826489
0.82692
0.827332
0.827722
0.82809
0.828437
0.828761
0.829062
0.829339
0.829592
0.82982
0.830022
0.830197
0.830346
0.830468
0.830562
0.830628
0.830667
0.830678
0.83066
0.830614
0.830538
0.830433
0.830298
0.830132
0.829935
0.829707
0.829449
0.829159
0.82884
0.828491
0.828111
0.827702
0.82726
0.826788
0.826286
0.825752
0.825188
0.824593
0.823967
0.82331
0.822624
0.821909
0.821164
0.820391
0.819588
0.818755
0.817895
0.817007
0.816093
0.815153
0.814186
0.813193
0.812174
0.811129
0.810058
0.808963
0.807844
0.806701
0.805534
0.804346
0.803136
0.801905
0.800655
0.799384
0.798094
0.796786
0.79546
0.794118
0.792761
0.791389
0.790003
0.788605
0.787196
0.785777
0.78435
0.782916
0.781476
0.780033
0.778587
0.777139
0.775692
0.774247
0.772807
0.771374
0.76995
0.768536
0.767135
0.765748
0.764378
0.763026
0.761694
0.760385
0.759102
0.757847
0.756622
0.755427
0.754265
0.753139
0.752049
0.750998
0.749989
0.749023
0.748102
0.747227
0.7464
0.745623
0.744897
0.744223
0.743604
0.74304
0.742532
0.742081
0.741687
0.741352
0.741077
0.74086
0.740704
0.740608
0.740573
0.740598
0.740683
0.740828
0.741033
0.741299
0.741624
0.742009
0.742452
0.742952
0.743508
0.744119
0.744785
0.745506
0.746278
0.747101
0.747973
0.748893
0.749859
0.75087
0.751925
0.753022
0.754159
0.755334
0.756547
0.757793
0.759072
0.760381
0.76172
0.763084
0.764473
0.765884
0.767317
0.768767
0.770233
0.771714
0.773206
0.77471
0.776223
0.777742
0.779266
0.780793
0.782321
0.783848
0.785373
0.786894
0.788411
0.789921
0.791423
0.792917
0.7944
0.795871
0.797329
0.798772
0.8002
0.80161
0.803003
0.804379
0.805735
0.807072
0.808388
0.809683
0.810957
0.812211
0.813445
0.814657
0.815848
0.817016
0.818164
0.81929
0.820397
0.821485
0.822551
0.823598
0.824626
0.825635
0.826626
0.8276
0.828558
0.829501
0.830429
0.831341
0.832238
0.833121
0.833991
0.834849
0.835694
0.836527
0.837349
0.838162
0.838963
0.839753
0.840534
0.841306
0.842066
0.842816
0.843555
0.844283
0.844999
0.845704
0.846397
0.847077
0.847743
0.848396
0.849033
0.849655
0.850261
0.850848
0.851416
0.851964
0.852491
0.852997
0.853479
0.853937
0.854369
0.854776
0.855154
0.855505
0.855826
0.856117
0.856378
0.85661
0.856811
0.85698
0.857118
0.857222
0.857294
0.857334
0.857341
0.857316
0.85726
0.85717
0.85705
0.856898
0.856715
0.856502
0.85626
0.855988
0.855688
0.855361
0.855009
0.854633
0.854234
0.853814
0.853375
0.852916
0.852441
0.851952
0.85145
0.850938
0.850417
0.84989
0.849358
0.848824
0.84829
0.847757
0.847229
0.846707
0.846194
0.845692
0.845202
0.844727
0.84427
0.843831
0.843413
0.843018
0.842647
0.842303
0.841987
0.841701
0.841445
0.841222
0.841032
0.840877
0.840757
0.840674
0.840627
0.840619
0.84065
0.84072
0.840828
0.840974
0.841158
0.841379
0.841637
0.841931
0.842259
0.84262
0.843013
0.843436
0.843888
0.844365
0.844867
0.845391
0.845937
0.846499
0.847076
0.847665
0.848264
0.848869
0.849478
0.850087
0.850695
0.851297
0.851892
0.852476
0.853047
0.853602
0.854136
0.854648
0.855134
0.855592
0.856019
0.856412
0.85677
0.857089
0.857367
0.857602
0.857793
0.857938
0.858036
0.858084
0.858082
0.858027
0.857918
0.857756
0.857538
0.857264
0.856933
0.856547
0.856103
0.855603
0.855047
0.854434
0.853765
0.853041
0.852261
0.851426
0.850539
0.849601
0.848612
0.847572
0.846484
0.845348
0.844168
0.842943
0.841676
0.840369
0.839024
0.837641
0.836224
0.834774
0.833292
0.831781
0.830242
0.828678
0.827092
0.825485
0.823861
0.82222
0.820565
0.818898
0.817221
0.815536
0.813846
0.812153
0.81046
0.808767
0.807077
0.805392
0.803714
0.802045
0.800388
0.798745
0.797116
0.795506
0.793915
0.792345
0.7908
0.789281
0.78779
0.78633
0.784901
0.783508
0.782151
0.780833
0.779555
0.778319
0.777127
0.775981
0.774882
0.773834
0.772836
0.77189
0.770999
0.770164
0.769386
0.768667
0.768007
0.767408
0.766871
0.766396
0.765986
0.76564
0.765361
0.765147
0.765
0.764919
0.764905
0.764958
0.765079
0.765268
0.765523
0.765845
0.766233
0.766687
0.767206
0.767791
0.768439
0.769149
0.76992
0.770752
0.771643
0.772591
0.773595
0.774654
0.775765
0.776929
0.778142
0.779404
0.78071
0.782061
0.783453
0.784886
0.786358
0.787866
0.789408
0.790981
0.792585
0.794217
0.795874
0.797555
0.799257
0.800978
0.802716
0.804469
0.806235
0.808013
0.809801
0.811598
0.813401
0.815208
0.817017
0.818827
0.820636
0.822443
0.824246
0.826043
0.827831
0.829611
0.831381
0.833137
0.834879
0.836607
0.838317
0.840009
0.841682
0.843335
0.844966
0.846572
0.848155
0.849711
0.851241
0.852743
0.854215
0.855655
0.857064
0.858439
0.859779
0.861085
0.862355
0.863588
0.864782
0.865937
0.867052
0.868126
0.869158
0.870148
0.871093
0.871995
0.872851
0.873662
0.874427
0.875145
0.875814
0.876436
0.877009
0.877533
0.878011
0.87844
0.878822
0.879154
0.879436
0.879669
0.879852
0.879985
0.880069
0.880105
0.880092
0.880032
0.879924
0.879769
0.879569
0.879325
0.879036
0.878701
0.878324
0.877904
0.877443
0.876941
0.876399
0.875821
0.875206
0.874555
0.873871
0.873152
0.872401
0.871619
0.870808
0.869968
0.8691
0.868206
0.867288
0.866348
0.865387
0.864405
0.863405
0.862387
0.861354
0.860305
0.859244
0.858172
0.85709
0.855999
0.854902
0.853801
0.852696
0.851591
0.850485
0.84938
0.848278
0.847179
0.846085
0.844998
0.843918
0.842847
0.841785
0.840733
0.839694
0.838668
0.837657
0.836661
0.835681
0.834718
0.833774
0.832849
0.831944
0.83106
0.830196
0.829353
0.828533
0.827735
0.82696
0.826208
0.82548
0.824777
0.824099
0.823446
0.822817
0.822215
0.82164
0.82109
0.820566
0.820068
0.819596
0.819151
0.818733
0.818343
0.81798
0.817645
0.817337
0.817057
0.816806
0.816582
0.816387
0.816221
0.816083
0.815975
0.815895
0.815844
0.815823
0.815831
0.81587
0.815939
0.816039
0.81617
0.816332
0.816525
0.81675
0.817007
0.817298
0.817621
0.817977
0.818369
0.818796
0.819258
0.819755
0.820288
0.820858
0.821464
0.822106
0.822784
0.823501
0.824255
0.825048
0.825877
0.826744
0.827649
0.828592
0.829572
0.830589
0.831644
0.832736
0.833865
0.835031
0.836234
0.837474
0.83875
0.840062
0.841407
0.842785
0.844194
0.845634
0.847104
0.848604
0.85013
0.851683
0.853261
0.854861
0.856482
0.858124
0.859783
0.861458
0.863147
0.864849
0.86656
0.868278
0.870004
0.871735
0.873467
0.875199
0.876927
0.878648
0.88036
0.882063
0.883754
0.885429
0.887085
0.888719
0.890329
0.891912
0.893467
0.89499
0.896478
0.897928
0.899338
0.900704
0.902024
0.903296
0.904518
0.905685
0.906797
0.90785
0.908842
0.909771
0.910635
0.911431
0.912158
0.912812
0.91339
0.913891
0.914314
0.914656
0.914914
0.915088
0.915176
0.915176
0.915088
0.91491
0.91464
0.914278
0.913823
0.913272
0.912626
0.911885
0.911049
0.910117
0.90909
0.907969
0.906752
0.905441
0.904036
0.902539
0.90095
0.899271
0.897505
0.895652
0.893716
0.891699
0.889606
0.887437
0.885195
0.882884
0.880508
0.878071
0.875575
0.873026
0.870428
0.867785
0.865103
0.862388
0.859644
0.856876
0.854091
0.851292
0.848486
0.845678
0.842873
0.840077
0.837296
0.834535
0.8318
0.829095
0.826425
0.823796
0.821211
0.818676
0.816194
0.813769
0.811407
0.809111
0.806882
0.804725
0.802642
0.800635
0.798704
0.796853
0.795082
0.793391
0.791782
0.790254
0.788808
0.787444
0.78616
0.784958
0.783835
0.782791
0.781824
0.780931
0.780113
0.779367
0.778691
0.778083
0.777543
0.777068
0.776655
0.776304
0.776012
0.775778
0.775599
0.775473
0.775399
0.775374
0.775399
0.775471
0.775588
0.775749
0.775955
0.776202
0.776489
0.776815
0.77718
0.777582
0.778021
0.778497
0.779007
0.779552
0.780129
0.78074
0.781382
0.782057
0.782762
0.783496
0.784258
0.785049
0.785866
0.786708
0.787574
0.788463
0.789372
0.790302
0.79125
0.792217
0.793202
0.794202
0.795216
0.796242
0.79728
0.798326
0.79938
0.800439
0.801503
0.80257
0.803637
0.804704
0.805768
0.806829
0.807884
0.808932
0.809971
0.810999
0.812014
0.813016
0.814004
0.814974
0.815928
0.816862
0.817777
0.818669
0.819538
0.820382
0.8212
0.821992
0.822756
0.82349
0.824192
0.824862
0.8255
0.826105
0.826677
0.827214
0.827716
0.828183
0.828613
0.829006
0.82936
0.829676
0.829954
0.830193
0.830394
0.830554
0.830676
0.830758
0.830801
0.830805
0.830772
0.830701
0.830592
0.830447
0.830265
0.830047
0.829794
0.829507
0.829186
0.828833
0.828447
0.828032
0.827586
0.827112
0.826611
0.826085
0.825534
0.824959
0.824361
0.823743
0.823106
0.822451
0.821779
0.821094
0.820395
0.819686
0.818968
0.818242
0.817511
0.816776
0.816039
0.815302
0.814568
0.813838
0.813115
0.812401
0.811697
0.811005
0.810326
0.809662
0.809016
0.808389
0.807784
0.807202
0.806644
0.806112
0.805609
0.805134
0.80469
0.804278
0.8039
0.803557
0.803248
0.802977
0.802744
0.802547
0.80239
0.802274
0.802199
0.802165
0.802172
0.80222
0.802311
0.802444
0.802619
0.802836
0.803095
0.803395
0.803738
0.804121
0.804545
0.805008
0.805511
0.806052
0.806631
0.807246
0.807897
0.808583
0.809303
0.810056
0.810839
0.811652
0.812493
0.81336
0.814251
0.815167
0.816105
0.817063
0.81804
0.819034
0.820043
0.821066
0.822101
0.823147
0.824201
0.825261
0.826326
0.827395
0.828464
0.829534
0.830601
0.831665
0.832725
0.833777
0.834819
0.83585
0.836867
0.837869
0.838855
0.839822
0.840769
0.841695
0.842596
0.843472
0.84432
0.845139
0.845927
0.846682
0.847404
0.84809
0.848739
0.84935
0.849923
0.850455
0.850945
0.851391
0.851794
0.852152
0.852465
0.852732
0.852951
0.853122
0.853245
0.853319
0.853345
0.853321
0.853247
0.853123
0.852949
0.852727
0.852456
0.852137
0.851772
0.85136
0.850902
0.8504
0.849855
0.849266
0.848635
0.847963
0.847251
0.846503
0.845718
0.844899
0.844048
0.843166
0.842257
0.841321
0.840361
0.83938
0.83838
0.837362
0.836331
0.835287
0.834234
0.833174
0.832109
0.831044
0.829979
0.828917
0.827861
0.826813
0.825777
0.824756
0.823752
0.822767
0.821805
0.820867
0.819956
0.819074
0.818224
0.817408
0.816627
0.815885
0.815182
0.814521
0.813903
0.813329
0.812802
0.812321
0.811888
0.811504
0.811169
0.810884
0.810652
0.810472
0.810343
0.810265
0.810239
0.810265
0.810342
0.810469
0.810646
0.810873
0.811148
0.811471
0.811841
0.812256
0.812717
0.813222
0.813768
0.814355
0.814982
0.815646
0.816347
0.817083
0.817853
0.818657
0.819491
0.820355
0.821247
0.822165
0.823108
0.824074
0.825061
0.826069
0.827096
0.828139
0.829197
0.830271
0.831359
0.832457
0.833566
0.834683
0.835808
0.836939
0.838076
0.839217
0.840361
0.841507
0.842654
0.843799
0.844943
0.846082
0.847217
0.848347
0.849469
0.850584
0.85169
0.852787
0.853875
0.85495
0.856014
0.857064
0.8581
0.859122
0.860128
0.86112
0.862095
0.863053
0.863991
0.864909
0.865807
0.866683
0.867538
0.868373
0.869184
0.869972
0.870735
0.871473
0.872186
0.872871
0.873529
0.87416
0.874764
0.87534
0.875887
0.876405
0.876894
0.877352
0.87778
0.878177
0.878542
0.878874
0.879174
0.879443
0.879678
0.879879
0.880048
0.880183
0.880286
0.880357
0.880395
0.880399
0.880371
0.880311
0.880218
0.880093
0.879934
0.879743
0.879521
0.879268
0.878986
0.878674
0.878334
0.877966
0.877571
0.87715
0.876704
0.876233
0.875739
0.875224
0.874687
0.874131
0.873557
0.872969
0.872366
0.87175
0.871123
0.870487
0.869842
0.869191
0.868534
0.867873
0.867209
0.866544
0.865879
0.865217
0.864559
0.863907
0.863261
0.862624
0.861997
0.861381
0.860779
0.86019
0.859616
0.85906
0.85852
0.858
0.857499
0.857019
0.856561
0.856125
0.855711
0.855319
0.854951
0.854606
0.854284
0.853986
0.853711
0.85346
0.853232
0.853028
0.852846
0.852687
0.852549
0.852433
0.852338
0.852263
0.852206
0.852168
0.852146
0.85214
0.852149
0.852172
0.852207
0.852253
0.852308
0.852371
0.852441
0.852515
0.852595
0.852677
0.852762
0.852846
0.852929
0.853008
0.853084
0.853154
0.853218
0.853274
0.85332
0.853356
0.853381
0.853392
0.85339
0.853374
0.853343
0.853296
0.853231
0.853149
0.853049
0.85293
0.852792
0.852635
0.85246
0.852267
0.852053
0.851821
0.85157
0.8513
0.851013
0.850707
0.850383
0.85004
0.849681
0.849305
0.848912
0.848503
0.848079
0.847642
0.847189
0.846723
0.846243
0.845751
0.845248
0.844735
0.844211
0.843677
0.843134
0.842582
0.842023
0.841457
0.840886
0.840308
0.839724
0.839135
0.838543
0.837947
0.837346
0.836742
0.836134
0.835524
0.834913
0.8343
0.833685
0.833069
0.832453
0.831835
0.831216
0.830596
0.829976
0.829355
0.828734
0.828114
0.827494
0.826873
0.826251
0.825628
0.825003
0.824378
0.823751
0.823123
0.822493
0.821862
0.821231
0.820599
0.819966
0.819331
0.818696
0.818059
0.817422
0.816784
0.816144
0.815504
0.814862
0.814219
0.813576
0.812933
0.812288
0.811644
0.810999
0.810354
0.809709
0.809065
0.808423
0.807784
0.807149
0.806518
0.80589
0.805267
0.804651
0.804041
0.803441
0.802849
0.802266
0.801695
0.801138
0.800594
0.800067
0.799558
0.799067
0.798596
0.798145
0.797717
0.797313
0.796934
0.796582
0.79626
0.795969
0.795709
0.795482
0.79529
0.795134
0.795017
0.794939
0.794902
0.794908
0.794958
0.795053
0.795196
0.795385
0.795623
0.795912
0.796252
0.796643
0.797086
0.797582
0.798131
0.798733
0.799389
0.800099
0.800864
0.801683
0.802555
0.803481
0.80446
0.805491
0.806574
0.807707
0.80889
0.810121
0.811398
0.812722
0.81409
0.815502
0.816954
0.818445
0.819972
0.821534
0.823128
0.824752
0.826404
0.828081
0.82978
0.831499
0.833234
0.834982
0.83674
0.838505
0.840275
0.842047
0.843818
0.845584
0.847342
0.84909
0.850824
0.85254
0.854235
0.855907
0.857553
0.85917
0.860754
0.862304
0.863818
0.865293
0.866728
0.868119
0.869465
0.870765
0.872015
0.873215
0.874364
0.875459
0.876499
0.877484
0.878413
0.879286
0.880101
0.880859
0.88156
0.882204
0.882789
0.883319
0.883793
0.88421
0.884572
0.88488
0.885135
0.885338
0.885491
0.885596
0.885653
0.885664
0.885631
0.885557
0.885442
0.885288
0.885097
0.88487
0.88461
0.88432
0.884001
0.883655
0.883287
0.882897
0.882487
0.882059
0.881615
0.881158
0.880689
0.880211
0.879725
0.879232
0.878736
0.878237
0.877737
0.877237
0.87674
0.876247
0.87576
0.875279
0.874807
0.874344
0.873891
0.873451
0.873023
0.872608
0.872207
0.871819
0.871446
0.871089
0.870747
0.870419
0.870106
0.869809
0.869526
0.869257
0.869001
0.868757
0.868524
0.868303
0.868092
0.86789
0.867695
0.867507
0.867325
0.867149
0.866976
0.866805
0.866636
0.866467
0.866297
0.866126
0.865951
0.865772
0.865588
0.865398
0.865201
0.864997
0.864785
0.864564
0.864333
0.864093
0.863841
0.863578
0.863302
0.863014
0.862712
0.862396
0.862067
0.861724
0.861367
0.860995
0.860607
0.860205
0.859787
0.859353
0.858904
0.85844
0.85796
0.857464
0.856951
0.856423
0.85588
0.855319
0.854743
0.85415
0.85354
0.852915
0.852273
0.851614
0.85094
0.850251
0.849546
0.848826
0.848089
0.847336
0.84657
0.845791
0.844999
0.844195
0.843378
0.84255
0.841712
0.840864
0.840007
0.83914
0.838266
0.837386
0.836501
0.835611
0.834718
0.833823
0.832928
0.832033
0.83114
0.830252
0.829368
0.82849
0.82762
0.826758
0.825907
0.825066
0.824238
0.823422
0.822622
0.821836
0.821065
0.820311
0.819575
0.818856
0.818156
0.817472
0.816806
0.816158
0.815528
0.814915
0.814321
0.813745
0.813185
0.812643
0.812117
0.811607
0.811112
0.810631
0.810164
0.80971
0.809269
0.80884
0.808421
0.808011
0.80761
0.807217
0.80683
0.80645
0.806077
0.805708
0.805344
0.804983
0.804625
0.804268
0.803913
0.803558
0.803203
0.802849
0.802495
0.802141
0.801786
0.801428
0.801068
0.800706
0.800341
0.799974
0.799604
0.799231
0.798854
0.798473
0.798088
0.797698
0.797304
0.796905
0.796503
0.796096
0.795686
0.795272
0.794855
0.794435
0.794014
0.793591
0.793169
0.792746
0.792324
0.791903
0.791483
0.791066
0.790651
0.790239
0.789833
0.789433
0.789039
0.788652
0.788274
0.787905
0.787546
0.787199
0.786865
0.786544
0.786237
0.785946
0.78567
0.785412
0.785174
0.784955
0.784755
0.784577
0.784421
0.784289
0.784182
0.784098
0.784038
0.784002
0.783991
0.784008
0.78405
0.784118
0.784213
0.784332
0.784478
0.784648
0.784843
0.785062
0.785306
0.785573
0.785864
0.786178
0.786514
0.786873
0.787253
0.787653
0.788072
0.78851
0.788967
0.78944
0.78993
0.790436
0.790956
0.79149
0.792037
0.792598
0.793169
0.793752
0.794344
0.794947
0.795558
0.796178
0.796805
0.797438
0.798078
0.798722
0.799373
0.800028
0.800687
0.801348
0.802012
0.802678
0.803346
0.804013
0.804682
0.805351
0.806021
0.80669
0.807357
0.808024
0.808688
0.80935
0.81001
0.810668
0.811322
0.811973
0.81262
0.813264
0.813904
0.814539
0.81517
0.815796
0.816415
0.817027
0.817634
0.818234
0.818827
0.819412
0.819991
0.820563
0.821128
0.821685
0.822233
0.822774
0.823306
0.82383
0.824347
0.824855
0.825354
0.825845
0.826328
0.826802
0.827268
0.827726
0.828176
0.828618
0.829051
0.829476
0.829892
0.830302
0.830704
0.831099
0.831488
0.83187
0.832245
0.832615
0.83298
0.833341
0.833698
0.834053
0.834405
0.834754
0.835102
0.835449
0.835795
0.836143
0.836492
0.836844
0.837199
0.837557
0.83792
0.838289
0.838666
0.83905
0.839442
0.839842
0.840252
0.840672
0.841103
0.841545
0.841997
0.842463
0.842941
0.843435
0.843942
0.844464
0.845
0.84555
0.846115
0.846696
0.847292
0.847904
0.848532
0.849175
0.849834
0.850507
0.851196
0.8519
0.852618
0.85335
0.854097
0.854858
0.855631
0.856417
0.857216
0.858026
0.858848
0.85968
0.860522
0.861373
0.862233
0.863101
0.863977
0.864861
0.865751
0.866648
0.86755
0.868457
0.869369
0.870283
0.871201
0.87212
0.873042
0.873966
0.874892
0.875818
0.876744
0.87767
0.878596
0.879521
0.880444
0.881365
0.882284
0.8832
0.884115
0.885027
0.885938
0.886846
0.887751
0.888649
0.889542
0.890428
0.891309
0.892183
0.893049
0.893907
0.894755
0.895595
0.896424
0.897242
0.89805
0.898847
0.899632
0.900404
0.90116
0.901902
0.902627
0.903336
0.904026
0.904699
0.905351
0.905985
0.906596
0.907185
0.90775
0.908291
0.908807
0.909298
0.909762
0.910199
0.910608
0.910987
0.911338
0.91166
0.911952
0.912212
0.91244
0.912634
0.912796
0.912923
0.913015
0.91307
0.913088
0.913069
0.913014
0.912922
0.912792
0.912623
0.912417
0.912172
0.911888
0.911565
0.911202
0.9108
0.910358
0.909878
0.90936
0.908803
0.908207
0.907573
0.906901
0.906191
0.905443
0.904657
0.903835
0.902978
0.902086
0.901159
0.900197
0.899202
0.898173
0.897112
0.89602
0.894896
0.893742
0.892559
0.891346
0.890104
0.888835
0.88754
0.886219
0.884875
0.883506
0.882116
0.880703
0.879271
0.877819
0.87635
0.874864
0.873363
0.871848
0.870321
0.868784
0.867238
0.865684
0.864125
0.86256
0.860992
0.859422
0.857851
0.856281
0.854712
0.853147
0.851588
0.850036
0.848493
0.84696
0.845441
0.843934
0.842443
0.840968
0.839512
0.838077
0.836664
0.835273
0.833905
0.832561
0.831244
0.829953
0.828691
0.827458
0.826256
0.825085
0.823946
0.822839
0.821766
0.820728
0.819723
0.818753
0.817817
0.816916
0.816051
0.815221
0.814426
0.813666
0.812941
0.812249
0.811592
0.810969
0.810378
0.809819
0.809292
0.808796
0.808329
0.807891
0.807481
0.807096
0.806738
0.806404
0.806093
0.805805
0.805537
0.805289
0.80506
0.804847
0.804648
0.804464
0.804291
0.804131
0.803979
0.803837
0.803701
0.803571
0.803446
0.803324
0.803203
0.803084
0.802964
0.802844
0.802722
0.802595
0.802463
0.802326
0.802182
0.802029
0.801867
0.801693
0.801509
0.801313
0.801102
0.800878
0.800639
0.800385
0.800115
0.799829
0.799526
0.799205
0.798866
0.798507
0.798129
0.79773
0.797311
0.79687
0.796407
0.79592
0.79541
0.794876
0.794316
0.793731
0.793121
0.792484
0.791822
0.791134
0.79042
0.78968
0.788915
0.788124
0.787309
0.78647
0.785607
0.78472
0.783811
0.782881
0.781931
0.780963
0.779977
0.778975
0.777957
0.776926
0.775883
0.774832
0.773775
0.772714
0.771649
0.770582
0.769516
0.768455
0.7674
0.766354
0.76532
0.764299
0.763294
0.762306
0.76134
0.760397
0.759479
0.75859
0.75773
0.756904
0.756111
0.755356
0.754639
0.753963
0.75333
0.752743
0.752201
0.751707
0.751262
0.750868
0.750526
0.750237
0.750001
0.749819
0.749692
0.74962
0.749605
0.749645
0.749741
0.749892
0.750099
0.75036
0.750676
0.751046
0.75147
0.751945
0.752472
0.753048
0.753675
0.75435
0.755072
0.75584
0.756654
0.757512
0.758411
0.75935
0.760327
0.76134
0.762389
0.763473
0.764588
0.765732
0.766904
0.768102
0.769324
0.770568
0.771834
0.773119
0.774422
0.775742
0.777075
0.778421
0.779777
0.781142
0.782515
0.783895
0.785279
0.786666
0.788056
0.789447
0.790837
0.792224
0.793609
0.794989
0.796364
0.797732
0.799092
0.800443
0.801783
0.803112
0.804429
0.805733
0.807022
0.808296
0.809553
0.810793
0.812014
0.813216
0.814399
0.815561
0.8167
0.817816
0.818909
0.819976
0.821018
0.822033
0.823021
0.823981
0.824911
0.825813
0.826687
0.827529
0.828338
0.829113
0.829856
0.830564
0.831236
0.831872
0.832469
0.833028
0.833548
0.834028
0.834469
0.834869
0.835227
0.835545
0.835821
0.836055
0.836248
0.836399
0.836508
0.836576
0.836603
0.836589
0.836536
0.836444
0.836313
0.836144
0.835939
0.8357
0.835428
0.835126
0.834794
0.834434
0.834049
0.83364
0.833211
0.832762
0.832297
0.831819
0.831331
0.830836
0.830337
0.829837
0.82934
0.828848
0.828365
0.827896
0.827442
0.827008
0.826595
0.826206
0.825847
0.825519
0.825224
0.824966
0.824748
0.824572
0.824442
0.824359
0.824325
0.824342
0.824411
0.824534
0.824712
0.824945
0.825235
0.825582
0.825985
0.826445
0.826962
0.827535
0.828163
0.828846
0.829583
0.830373
0.831212
0.8321
0.833035
0.834014
0.835037
0.836101
0.837202
0.838341
0.839514
0.840718
0.841952
0.843212
0.844495
0.845799
0.847121
0.848458
0.849807
0.851164
0.852527
0.853895
0.855264
0.856633
0.857998
0.859357
0.860707
0.862045
0.863369
0.864677
0.865966
0.867235
0.868482
0.869705
0.870903
0.872072
0.873212
0.87432
0.875396
0.876437
0.877443
0.87841
0.87934
0.88023
0.88108
0.881888
0.882652
0.883373
0.884049
0.884679
0.885264
0.885802
0.886292
0.886735
0.887129
0.887473
0.887767
0.888012
0.888207
0.888352
0.888447
0.888493
0.88849
0.888437
0.888334
0.888182
0.887982
0.887733
0.887436
0.887092
0.886702
0.886265
0.885783
0.885256
0.884687
0.884076
0.883424
0.882731
0.881998
0.881229
0.880423
0.879582
0.878707
0.8778
0.876861
0.875893
0.874897
0.873875
0.872829
0.87176
0.870669
0.869557
0.868427
0.867279
0.866115
0.864937
0.863745
0.86254
0.861325
0.860101
0.858869
0.857631
0.856388
0.855143
0.853895
0.852646
0.851399
0.850154
0.848911
0.847672
0.846438
0.845211
0.843993
0.842784
0.841585
0.840396
0.839219
0.838055
0.836904
0.835768
0.834646
0.833541
0.832453
0.831381
0.830327
0.829291
0.828275
0.827278
0.8263
0.825342
0.824403
0.823483
0.822583
0.821703
0.820841
0.819999
0.819175
0.818369
0.817581
0.81681
0.816054
0.815315
0.81459
0.813882
0.813187
0.812507
0.811838
0.811181
0.810534
0.809898
0.809272
0.808653
0.808043
0.807439
0.80684
0.806247
0.805659
0.805075
0.804493
0.803915
0.803338
0.802764
0.802192
0.801622
0.801055
0.80049
0.799927
0.799368
0.798813
0.798263
0.797719
0.797181
0.79665
0.796126
0.795611
0.795106
0.794612
0.794131
0.793665
0.793214
0.792781
0.792368
0.791977
0.79161
0.791269
0.790955
0.790672
0.79042
0.790202
0.790021
0.789878
0.789774
0.789712
0.789694
0.789721
0.789794
0.789914
0.790084
0.790305
0.790578
0.790905
0.791287
0.791724
0.792216
0.792765
0.79337
0.794032
0.794751
0.795527
0.796359
0.797246
0.79819
0.799188
0.80024
0.801343
0.802497
0.8037
0.804952
0.806249
0.807591
0.808975
0.810401
0.811865
0.813365
0.8149
0.816467
0.818063
0.819687
0.821335
0.823005
0.824694
0.8264
0.828119
0.82985
0.831589
0.833335
0.835083
0.836832
0.838578
0.840321
0.842056
0.843781
0.845496
0.847197
0.848885
0.850555
0.852204
0.853832
0.855437
0.857016
0.858568
0.860091
0.861586
0.863051
0.864484
0.865883
0.867246
0.868573
0.869863
0.871114
0.872327
0.873501
0.874635
0.875728
0.876779
0.87779
0.878761
0.879691
0.88058
0.881429
0.882237
0.883006
0.883736
0.884428
0.885081
0.885695
0.886273
0.886815
0.887324
0.887798
0.888236
0.88864
0.889013
0.889354
0.889664
0.889943
0.890193
0.890414
0.890607
0.890774
0.890915
0.891032
0.891126
0.891196
0.891246
0.891274
0.891282
0.891271
0.891241
0.891195
0.891131
0.891052
0.890958
0.890849
0.890726
0.89059
0.890443
0.890283
0.890112
0.889931
0.889739
0.889538
0.889327
0.889108
0.88888
0.888643
0.888399
0.888147
0.887887
0.887621
0.887347
0.887068
0.886783
0.886492
0.886196
0.885896
0.885594
0.885289
0.884982
0.884672
0.884359
0.884044
0.883728
0.883414
0.883098
0.882784
0.882469
0.882157
0.881847
0.88154
0.881237
0.880939
0.880647
0.880361
0.880082
0.879811
0.879549
0.879294
0.879049
0.878816
0.878594
0.878385
0.878187
0.878002
0.877829
0.87767
0.877524
0.877391
0.877272
0.877167
0.877076
0.876997
0.876932
0.87688
0.876841
0.876812
0.876795
0.876788
0.876788
0.876796
0.876809
0.876827
0.876848
0.876872
0.876896
0.87692
0.876942
0.87696
0.876974
0.876981
0.87698
0.876972
0.876952
0.876921
0.876876
0.876817
0.876742
0.876649
0.876535
0.876401
0.876246
0.876067
0.875864
0.875636
0.875383
0.875102
0.874792
0.874453
0.874083
0.873682
0.873249
0.872783
0.872283
0.871749
0.871181
0.870578
0.86994
0.869266
0.868557
0.867812
0.867031
0.866214
0.865362
0.864475
0.863553
0.862597
0.861609
0.86059
0.859538
0.858456
0.857345
0.856205
0.855039
0.853848
0.852633
0.851396
0.850137
0.848859
0.847563
0.846251
0.844926
0.843591
0.842246
0.840895
0.83954
0.838184
0.83683
0.83548
0.834138
0.832805
0.831485
0.830181
0.828896
0.827632
0.826392
0.825179
0.823997
0.822848
0.821735
0.820661
0.819628
0.818639
0.817696
0.816803
0.81596
0.81517
0.814436
0.81376
0.813141
0.812583
0.812086
0.811653
0.811286
0.810985
0.81075
0.810582
0.810481
0.810447
0.810481
0.810581
0.810747
0.81098
0.811278
0.811639
0.812063
0.812546
0.813089
0.813688
0.814343
0.81505
0.815807
0.816611
0.81746
0.818351
0.819281
0.820246
0.821244
0.822272
0.823326
0.824405
0.825505
0.826623
0.827754
0.828897
0.830048
0.831203
0.832359
0.833514
0.834665
0.835809
0.836943
0.838064
0.83917
0.840258
0.841327
0.842373
0.843394
0.844389
0.845356
0.846293
0.847199
0.848072
0.848911
0.849715
0.850483
0.851213
0.851904
0.852556
0.85317
0.853744
0.854277
0.85477
0.855222
0.855634
0.856004
0.856333
0.856621
0.856868
0.857074
0.85724
0.857366
0.857453
0.8575
0.857509
0.857479
0.857412
0.857307
0.857164
0.856984
0.856767
0.856513
0.856223
0.855897
0.855538
0.855144
0.854717
0.854253
0.853755
0.853223
0.852656
0.852055
0.851419
0.850749
0.850044
0.849307
0.848535
0.84773
0.84689
0.846016
0.845109
0.844168
0.843195
0.842189
0.84115
0.840078
0.838973
0.837837
0.836669
0.835469
0.834238
0.832976
0.831684
0.830362
0.829011
0.82763
0.826221
0.824784
0.823321
0.821831
0.820314
0.818773
0.817208
0.81562
0.814008
0.812375
0.810722
0.809049
0.807357
0.805648
0.803921
0.802177
0.800419
0.798646
0.796859
0.795059
0.793248
0.791425
0.789592
0.78775
0.785901
0.784044
0.78218
0.780311
0.778437
0.776558
0.774677
0.772793
0.770908
0.769022
0.767137
0.765253
0.763372
0.761497
0.759624
0.757757
0.755896
0.754042
0.752196
0.750358
0.748529
0.746711
0.744903
0.743106
0.741322
0.73955
0.737794
0.736052
0.734327
0.732619
0.73093
0.729262
0.727615
0.72599
0.724389
0.722812
0.721262
0.71974
0.718247
0.716784
0.715354
0.713957
0.712596
0.711271
0.709984
0.708736
0.70753
0.706367
0.705249
0.704177
0.703154
0.702182
0.701261
0.700394
0.699583
0.69883
0.698138
0.697508
0.696941
0.696439
0.696005
0.695639
0.695343
0.695118
0.694967
0.69489
0.694888
0.694964
0.695118
0.695351
0.695665
0.69606
0.696537
0.697096
0.697738
0.698463
0.69927
0.700161
0.701133
0.702186
0.703321
0.704536
0.70583
0.707202
0.708651
0.710174
0.71177
0.713438
0.715176
0.716979
0.718848
0.720778
0.722767
0.724813
0.726912
0.729063
0.731261
0.733504
0.735788
0.73811
0.740466
0.742856
0.745273
0.747714
0.750177
0.752659
0.755156
0.757663
0.760179
0.762699
0.76522
0.76774
0.770255
0.772764
0.775263
0.777749
0.78022
0.782672
0.785102
0.787509
0.78989
0.792244
0.794568
0.796861
0.79912
0.801345
0.803533
0.805683
0.807795
0.809869
0.811902
0.813894
0.815844
0.817751
0.819615
0.821436
0.823214
0.824948
0.826637
0.828283
0.829886
0.831445
0.83296
0.834433
0.835862
0.83725
0.838597
0.839902
0.841168
0.842394
0.843582
0.844731
0.845843
0.84692
0.847961
0.848968
0.849942
0.850884
0.851796
0.852677
0.853528
0.85435
0.855146
0.855915
0.856658
0.857378
0.858075
0.858749
0.8594
0.86003
0.86064
0.86123
0.861802
0.862356
0.862891
0.863411
0.863914
0.864402
0.864875
0.865333
0.865778
0.86621
0.866628
0.867036
0.867433
0.867821
0.868198
0.868566
0.868924
0.869274
0.869615
0.869949
0.870274
0.870592
0.870903
0.871207
0.871504
0.871796
0.872082
0.872363
0.87264
0.872912
0.873181
0.873447
0.87371
0.87397
0.874227
0.874481
0.874732
0.874982
0.87523
0.875478
0.875726
0.875974
0.876222
0.876471
0.876721
0.876972
0.877226
0.877481
0.877739
0.877999
0.878263
0.87853
0.878801
0.879075
0.879352
0.879633
0.879918
0.880208
0.880502
0.880801
0.881103
0.881412
0.881726
0.882046
0.882371
0.882701
0.883036
0.883377
0.883724
0.884075
0.884431
0.884794
0.885163
0.885538
0.885918
0.886303
0.886694
0.887091
0.887493
0.887901
0.888314
0.888731
0.889152
0.889578
0.890008
0.890443
0.890881
0.891322
0.891764
0.892209
0.892654
0.8931
0.893546
0.893992
0.894437
0.894881
0.895321
0.895758
0.896192
0.89662
0.897043
0.89746
0.897869
0.898269
0.898659
0.899038
0.899405
0.899757
0.900094
0.900416
0.900721
0.901007
0.901272
0.901516
0.901736
0.901933
0.902104
0.902248
0.902362
0.902447
0.9025
0.902521
0.902508
0.90246
0.902377
0.902256
0.902097
0.901901
0.901667
0.901393
0.901079
0.900725
0.900329
0.899893
0.899415
0.898895
0.898336
0.897735
0.897092
0.89641
0.895687
0.894925
0.894125
0.893288
0.892414
0.891504
0.890559
0.889581
0.888572
0.887534
0.886467
0.885373
0.884254
0.883111
0.881947
0.880763
0.879561
0.878344
0.877114
0.875872
0.874622
0.873364
0.872101
0.870836
0.86957
0.868307
0.867047
0.865792
0.864544
0.863305
0.862077
0.860859
0.859655
0.858465
0.857291
0.856133
0.854994
0.853874
0.852775
0.851696
0.85064
0.849604
0.848589
0.847597
0.846627
0.84568
0.844756
0.843854
0.842974
0.842115
0.841279
0.840463
0.839666
0.838889
0.838129
0.837387
0.836661
0.835952
0.835259
0.834579
0.833914
0.833262
0.832621
0.831991
0.831371
0.830759
0.830154
0.829556
0.828964
0.828376
0.827793
0.827213
0.826635
0.826058
0.825481
0.824906
0.824331
0.823757
0.823181
0.822603
0.822021
0.821437
0.820848
0.820255
0.819658
0.819055
0.818446
0.817831
0.817209
0.816579
0.815941
0.815294
0.814639
0.813975
0.813301
0.812618
0.811923
0.811216
0.810497
0.809765
0.809021
0.808262
0.807489
0.806703
0.805903
0.805088
0.804258
0.803411
0.802549
0.801672
0.800779
0.799871
0.798948
0.798009
0.797054
0.796085
0.795101
0.794101
0.793085
0.792055
0.791012
0.789956
0.788887
0.787807
0.786715
0.785614
0.784503
0.783385
0.782261
0.781131
0.779996
0.77886
0.777722
0.776584
0.775448
0.774318
0.773193
0.772076
0.770969
0.769873
0.768791
0.767725
0.766675
0.765646
0.76464
0.763658
0.762702
0.761775
0.76088
0.760017
0.75919
0.758398
0.757645
0.756931
0.756258
0.755629
0.755045
0.754508
0.754019
0.75358
0.753193
0.752858
0.752578
0.752352
0.752182
0.75207
0.752015
0.752018
0.752081
0.752204
0.752387
0.75263
0.752934
0.7533
0.753726
0.754214
0.754762
0.755371
0.756041
0.75677
0.757559
0.758408
0.759314
0.760279
0.761299
0.762376
0.763507
0.764692
0.765931
0.767222
0.768564
0.769956
0.771397
0.772885
0.774417
0.775992
0.777607
0.779261
0.780951
0.782676
0.784435
0.786224
0.788043
0.789889
0.791759
0.793652
0.795565
0.797496
0.799441
0.8014
0.803368
0.805344
0.807324
0.809308
0.811293
0.813275
0.81525
0.817218
0.819174
0.821116
0.82304
0.824945
0.826828
0.828685
0.830514
0.832313
0.83408
0.835812
0.837506
0.839161
0.840772
0.842338
0.843857
0.845326
0.846743
0.848108
0.849415
0.850665
0.851856
0.852984
0.85405
0.85505
0.855985
0.856853
0.857651
0.858379
0.859038
0.859625
0.860139
0.860583
0.860953
0.861251
0.861475
0.861627
0.861707
0.861714
0.86165
0.861514
0.861307
0.861032
0.860688
0.860276
0.859796
0.859252
0.858644
0.857975
0.857244
0.856454
0.855606
0.854702
0.853745
0.852735
0.851677
0.850571
0.84942
0.848228
0.846997
0.845728
0.844425
0.843089
0.841723
0.840331
0.838916
0.837479
0.836025
0.834556
0.833077
0.83159
0.830098
0.828605
0.827113
0.825626
0.824148
0.822682
0.82123
0.819797
0.818385
0.816998
0.815639
0.81431
0.813015
0.811757
0.810539
0.809364
0.808237
0.807158
0.806131
0.805158
0.804244
0.803389
0.802597
0.80187
0.801211
0.800623
0.800107
0.799666
0.799302
0.799016
0.79881
0.798687
0.798647
0.798691
0.79882
0.799036
0.799339
0.79973
0.800208
0.800774
0.801428
0.802171
0.803002
0.803921
0.804927
0.80602
0.807198
0.808459
0.809802
0.811227
0.81273
0.814311
0.815965
0.817693
0.819491
0.821358
0.82329
0.825286
0.827342
0.829454
0.831618
0.833832
0.836093
0.838399
0.840744
0.843124
0.845537
0.847977
0.850442
0.852928
0.855433
0.857951
0.860477
0.86301
0.865545
0.868078
0.870606
0.873126
0.875634
0.878128
0.880602
0.883055
0.885485
0.887887
0.89026
0.892599
0.894903
0.897169
0.899395
0.90158
0.90372
0.905814
0.90786
0.909854
0.911797
0.913686
0.915521
0.9173
0.919022
0.920686
0.922291
0.923838
0.925325
0.926751
0.928116
0.929421
0.930665
0.931848
0.93297
0.934032
0.935032
0.93597
0.936848
0.937665
0.938422
0.939119
0.939756
0.940334
0.940852
0.941311
0.941712
0.942054
0.942338
0.942565
0.942735
0.942846
0.9429
0.942895
0.942832
0.94271
0.94253
0.94229
0.941991
0.941631
0.941209
0.940727
0.940183
0.939576
0.938906
0.938174
0.937378
0.936517
0.93559
0.934598
0.933541
0.932419
0.93123
0.929971
0.928643
0.927245
0.925777
0.924239
0.922629
0.920948
0.919196
0.917372
0.915476
0.913508
0.911469
0.909359
0.907177
0.904924
0.902601
0.900209
0.897749
0.895222
0.892629
0.88997
0.887247
0.884462
0.881617
0.878714
0.875754
0.87274
0.869675
0.866559
0.863397
0.860192
0.856946
0.853662
0.850345
0.846998
0.843622
0.840221
0.836799
0.83336
0.829907
0.826446
0.822981
0.819516
0.816053
0.812599
0.809156
0.80573
0.802327
0.79895
0.795603
0.792292
0.789019
0.785791
0.782611
0.779483
0.776414
0.773405
0.770462
0.767589
0.764789
0.762066
0.759424
0.756866
0.754394
0.752011
0.749721
0.747526
0.745428
0.743432
0.741537
0.739745
0.738058
0.736477
0.735002
0.733634
0.732373
0.731219
0.730173
0.729235
0.728405
0.727681
0.727062
0.726548
0.726138
0.725828
0.725619
0.725508
0.725493
0.725573
0.725745
0.726008
0.72636
0.726797
0.727317
0.727918
0.728598
0.729354
0.730182
0.731082
0.732049
0.733082
0.734177
0.735332
0.736543
0.737808
0.739125
0.740489
0.741899
0.743352
0.744845
0.746376
0.747942
0.74954
0.751167
0.752822
0.754502
0.756204
0.757927
0.759669
0.761427
0.763199
0.764981
0.766773
0.768572
0.770377
0.772185
0.773994
0.775802
0.777607
0.779409
0.781205
0.782994
0.784777
0.78655
0.788312
0.790061
0.791797
0.793517
0.79522
0.796907
0.798575
0.800225
0.801855
0.803465
0.805053
0.80662
0.808166
0.80969
0.811192
0.812674
0.814133
0.815568
0.816981
0.818371
0.819737
0.821081
0.822403
0.823701
0.824979
0.826235
0.827469
0.828683
0.829876
0.831048
0.832202
0.833338
0.834454
0.835551
0.836629
0.83769
0.838733
0.839758
0.840767
0.841759
0.842734
0.843693
0.844635
0.84556
0.846467
0.847358
0.848231
0.849086
0.849924
0.850745
0.851547
0.852332
0.853098
0.853847
0.854576
0.855286
0.855975
0.856644
0.857291
0.857918
0.858524
0.859108
0.859672
0.860215
0.860735
0.861233
0.86171
0.862164
0.862596
0.863005
0.863391
0.863753
0.864093
0.864409
0.864702
0.864973
0.865222
0.86545
0.865657
0.865844
0.86601
0.866158
0.866287
0.866399
0.866494
0.866572
0.866635
0.866683
0.866718
0.866741
0.866753
0.866753
0.866745
0.866729
0.866706
0.866677
0.866643
0.866604
0.866562
0.866518
0.866472
0.866425
0.866378
0.866331
0.866285
0.866242
0.8662
0.866162
0.866127
0.866096
0.86607
0.866046
0.866026
0.866008
0.865993
0.865981
0.865971
0.865962
0.865954
0.865946
0.865938
0.865928
0.865916
0.8659
0.86588
0.865855
0.865823
0.865782
0.865734
0.865674
0.865603
0.865519
0.86542
0.865305
0.865173
0.865022
0.864852
0.864661
0.864447
0.864211
0.863951
0.863666
0.863356
0.863019
0.862655
0.862264
0.861843
0.861394
0.860916
0.860409
0.859872
0.859307
0.858714
0.858093
0.857445
0.85677
0.856071
0.855349
0.854603
0.853835
0.853044
0.852234
0.851404
0.850558
0.849696
0.848821
0.847935
0.84704
0.846139
0.845232
0.844325
0.843418
0.842514
0.841615
0.840725
0.839846
0.838979
0.838128
0.837295
0.836483
0.835695
0.834933
0.834199
0.833495
0.832824
0.832187
0.831588
0.831027
0.830507
0.83003
0.829598
0.829212
0.828874
0.828584
0.828343
0.828151
0.828011
0.827923
0.827887
0.827901
0.827967
0.828082
0.828247
0.828463
0.828727
0.829038
0.829395
0.829795
0.830238
0.830722
0.831243
0.831801
0.832394
0.833017
0.83367
0.834351
0.835056
0.835782
0.836528
0.837289
0.838063
0.838847
0.839637
0.840432
0.841229
0.842023
0.842812
0.843594
0.844365
0.845123
0.845866
0.846591
0.847295
0.847976
0.848632
0.849261
0.84986
0.850429
0.850965
0.851467
0.851932
0.85236
0.852749
0.853098
0.853406
0.853673
0.853899
0.854082
0.854221
0.854317
0.854368
0.854375
0.854338
0.854255
0.854126
0.853953
0.853736
0.853473
0.853166
0.852815
0.85242
0.851983
0.851504
0.850983
0.85042
0.849818
0.849175
0.848493
0.847775
0.84702
0.846229
0.845402
0.844541
0.843646
0.84272
0.841762
0.840776
0.839761
0.838719
0.837651
0.83656
0.835446
0.834311
0.833157
0.831988
0.830804
0.829607
0.828398
0.827181
0.825959
0.824731
0.823502
0.822273
0.821046
0.819823
0.818607
0.817402
0.81621
0.815033
0.813874
0.812735
0.811618
0.810528
0.809466
0.808433
0.807432
0.806464
0.805533
0.80464
0.803789
0.80298
0.802215
0.801494
0.800821
0.800195
0.799618
0.799091
0.798615
0.79819
0.797817
0.797497
0.797229
0.797013
0.796849
0.796736
0.796673
0.796662
0.796699
0.796785
0.796919
0.797098
0.797322
0.79759
0.7979
0.798249
0.798637
0.799062
0.79952
0.800011
0.800532
0.80108
0.801652
0.802247
0.802861
0.803493
0.80414
0.804799
0.805469
0.806146
0.806829
0.807515
0.808202
0.808888
0.809569
0.810244
0.81091
0.811565
0.812207
0.812836
0.813448
0.814042
0.814614
0.815164
0.815691
0.816194
0.81667
0.817118
0.817537
0.817925
0.818282
0.818606
0.818897
0.819154
0.819376
0.819564
0.819715
0.819831
0.819912
0.819957
0.819966
0.81994
0.819879
0.819784
0.819654
0.81949
0.819293
0.819062
0.8188
0.818507
0.818184
0.817833
0.817455
0.81705
0.81662
0.816168
0.815694
0.815199
0.814685
0.814155
0.81361
0.813051
0.812481
0.811901
0.811312
0.810718
0.810119
0.809518
0.808916
0.808316
0.80772
0.807129
0.806546
0.805974
0.805413
0.804865
0.804332
0.803816
0.803318
0.802841
0.802386
0.801955
0.801549
0.801168
0.800816
0.800492
0.800199
0.799937
0.799708
0.799513
0.799352
0.799225
0.799135
0.799081
0.799065
0.799088
0.799148
0.799246
0.799383
0.799559
0.799774
0.800029
0.800324
0.800656
0.801027
0.801434
0.801879
0.802362
0.802881
0.803436
0.804028
0.804654
0.805315
0.80601
0.806739
0.807499
0.808291
0.809113
0.809966
0.810848
0.81176
0.812698
0.813663
0.814653
0.815668
0.816705
0.817764
0.818845
0.819944
0.821061
0.822194
0.823341
0.824502
0.825674
0.826858
0.828053
0.829256
0.830465
0.83168
0.832898
0.834118
0.835337
0.836555
0.837768
0.838977
0.840179
0.841372
0.842555
0.843725
0.844881
0.846021
0.847144
0.848249
0.849331
0.85039
0.851423
0.852429
0.853405
0.85435
0.855262
0.85614
0.856982
0.857786
0.858549
0.859272
0.859951
0.860587
0.861176
0.861717
0.862208
0.86265
0.86304
0.863379
0.863665
0.863896
0.864073
0.864194
0.864259
0.864267
0.864218
0.864111
0.863946
0.863724
0.863445
0.863109
0.862716
0.862268
0.861763
0.861203
0.860589
0.859921
0.859202
0.858432
0.857612
0.856745
0.855832
0.854876
0.853878
0.85284
0.851763
0.850649
0.849501
0.848321
0.847112
0.845876
0.844617
0.843334
0.842032
0.840712
0.839378
0.838035
0.836684
0.835325
0.833963
0.8326
0.831239
0.829883
0.828534
0.827195
0.82587
0.824559
0.823266
0.821993
0.820743
0.819518
0.818321
0.817155
0.81602
0.814918
0.813853
0.812826
0.811839
0.810893
0.809989
0.809129
0.808316
0.807548
0.806827
0.806153
0.805525
0.804946
0.804416
0.803934
0.803502
0.80312
0.802787
0.802504
0.80227
0.802085
0.801948
0.801857
0.801814
0.801816
0.801862
0.801953
0.802086
0.80226
0.802473
0.802724
0.803012
0.803337
0.803696
0.804088
0.804511
0.804966
0.805451
0.805964
0.806504
0.807067
0.807653
0.808261
0.80889
0.809538
0.810205
0.810891
0.811594
0.812314
0.813051
0.813804
0.814571
0.815352
0.816148
0.816958
0.817781
0.818618
0.81947
0.820335
0.821213
0.822106
0.823012
0.823932
0.824865
0.825812
0.826773
0.827747
0.828735
0.829737
0.830752
0.831781
0.832822
0.833876
0.834942
0.836018
0.837106
0.838205
0.839312
0.840427
0.841549
0.842675
0.843806
0.844938
0.846072
0.847207
0.848341
0.849474
0.850603
0.851727
0.852844
0.853952
0.85505
0.856136
0.85721
0.858271
0.859317
0.860348
0.861363
0.862361
0.863341
0.864302
0.865243
0.866165
0.867067
0.867947
0.868808
0.869648
0.870466
0.871263
0.872038
0.87279
0.87352
0.874227
0.874913
0.875577
0.87622
0.876841
0.877441
0.878021
0.878579
0.879115
0.87963
0.880124
0.880598
0.881051
0.881485
0.881898
0.882291
0.882663
0.883013
0.883341
0.883647
0.88393
0.884191
0.884428
0.884642
0.884831
0.884997
0.885137
0.885251
0.88534
0.885404
0.88544
0.885449
0.88543
0.885382
0.885305
0.8852
0.885066
0.884902
0.884708
0.884482
0.884225
0.883937
0.883619
0.883268
0.882886
0.882474
0.882031
0.881558
0.881054
0.88052
0.879954
0.879359
0.878736
0.878084
0.877404
0.876698
0.875964
0.875206
0.874424
0.873621
0.872797
0.871952
0.871089
0.870209
0.869312
0.868399
0.867474
0.866538
0.865591
0.864635
0.86367
0.8627
0.861726
0.860747
0.859767
0.858787
0.857808
0.856832
0.855859
0.854891
0.853929
0.852974
0.852028
0.85109
0.850165
0.849251
0.848351
0.847465
0.846593
0.845736
0.844896
0.844071
0.843265
0.842478
0.841708
0.840955
0.84022
0.839504
0.838806
0.838128
0.837468
0.836827
0.836205
0.835603
0.83502
0.834456
0.83391
0.833382
0.832875
0.832386
0.831916
0.831464
0.831029
0.830611
0.830208
0.829821
0.82945
0.829094
0.828754
0.828428
0.828116
0.827818
0.827533
0.827262
0.827004
0.826758
0.826524
0.8263
0.826088
0.825885
0.825694
0.825512
0.82534
0.825177
0.825023
0.824878
0.824742
0.824613
0.824492
0.824378
0.824271
0.82417
0.824074
0.823985
0.823901
0.823822
0.823748
0.823678
0.823612
0.82355
0.823491
0.823437
0.823386
0.823338
0.823292
0.823248
0.823206
0.823165
0.823126
0.823089
0.823053
0.823017
0.822982
0.822946
0.822911
0.822875
0.822838
0.8228
0.822762
0.822723
0.822684
0.822643
0.822601
0.822558
0.822514
0.82247
0.822425
0.822381
0.822337
0.822293
0.822247
0.822202
0.822157
0.822112
0.822067
0.822022
0.821976
0.82193
0.821885
0.82184
0.821796
0.821751
0.821706
0.821661
0.821617
0.821574
0.821532
0.821489
0.821447
0.821404
0.821361
0.821318
0.821273
0.821228
0.821181
0.821132
0.821081
0.821028
0.820973
0.820913
0.820849
0.820781
0.820707
0.820627
0.820541
0.820449
0.82035
0.820245
0.820133
0.820012
0.819882
0.819744
0.819598
0.819445
0.819283
0.819112
0.818932
0.818743
0.818545
0.81834
0.818126
0.817904
0.817675
0.817438
0.817194
0.816944
0.816688
0.816427
0.816162
0.815894
0.815623
0.81535
0.815077
0.814804
0.814532
0.814261
0.813993
0.813729
0.813469
0.813213
0.812962
0.812718
0.812481
0.812254
0.812035
0.811828
0.811632
0.811448
0.811277
0.811117
0.81097
0.810836
0.810717
0.810613
0.810524
0.810451
0.810394
0.810352
0.810326
0.810317
0.810323
0.810345
0.810383
0.810437
0.810507
0.810594
0.810696
0.810814
0.810948
0.811096
0.811258
0.811436
0.811627
0.811831
0.812047
0.812275
0.812516
0.812766
0.813026
0.813294
0.813571
0.813854
0.814144
0.814439
0.814738
0.815042
0.815348
0.815657
0.815967
0.816279
0.81659
0.816901
0.81721
0.817517
0.81782
0.818118
0.81841
0.818697
0.818978
0.819251
0.819517
0.819774
0.820022
0.82026
0.820488
0.820705
0.820912
0.821108
0.821293
0.821466
0.821627
0.821774
0.821909
0.822031
0.822139
0.822234
0.822314
0.822382
0.822435
0.822475
0.822501
0.822513
0.822512
0.822497
0.822468
0.822426
0.822373
0.822307
0.822228
0.822136
0.822033
0.821917
0.82179
0.821651
0.821501
0.821338
0.821165
0.820983
0.82079
0.820588
0.820376
0.820155
0.819924
0.819685
0.819436
0.81918
0.818915
0.818643
0.818363
0.818076
0.81778
0.817477
0.817166
0.816848
0.816522
0.81619
0.81585
0.815505
0.815153
0.814795
0.81443
0.814059
0.813682
0.813301
0.812914
0.812521
0.812123
0.811721
0.811313
0.8109
0.810481
0.810057
0.809626
0.80919
0.808747
0.808298
0.807844
0.807385
0.80692
0.80645
0.805974
0.805495
0.805012
0.804524
0.804032
0.803534
0.803033
0.802526
0.802015
0.8015
0.800981
0.800458
0.799931
0.799402
0.79887
0.798335
0.797797
0.797256
0.796714
0.796169
0.795623
0.795075
0.794526
0.793976
0.793425
0.792874
0.792324
0.791775
0.791226
0.790678
0.790131
0.789587
0.789046
0.788508
0.787975
0.787446
0.786921
0.786401
0.785887
0.785378
0.784875
0.784377
0.783887
0.783404
0.782928
0.78246
0.782
0.781549
0.781108
0.780677
0.780258
0.779849
0.779452
0.779067
0.778693
0.778331
0.777981
0.777644
0.777319
0.777009
0.776713
0.776431
0.776163
0.77591
0.775671
0.775448
0.775239
0.775045
0.774866
0.774703
0.774556
0.774425
0.77431
0.774212
0.774131
0.774066
0.774017
0.773985
0.773969
0.773971
0.77399
0.774025
0.774079
0.77415
0.774239
0.774346
0.774471
0.774615
0.774778
0.774959
0.775159
0.77538
0.775621
0.775882
0.776164
0.776467
0.776792
0.777139
0.777507
0.777898
0.778311
0.778748
0.779207
0.779689
0.780195
0.780726
0.781281
0.781861
0.782465
0.783092
0.783745
0.784423
0.785126
0.785852
0.786603
0.787378
0.788176
0.788999
0.789845
0.790713
0.791603
0.792515
0.793447
0.7944
0.795372
0.796361
0.797368
0.798391
0.799431
0.800484
0.80155
0.802628
0.803717
0.804814
0.805918
0.807029
0.808144
0.809261
0.810381
0.811502
0.812622
0.81374
0.814855
0.815964
0.817066
0.818159
0.819243
0.820317
0.821378
0.822426
0.823458
0.824475
0.825477
0.826461
0.827428
0.828376
0.829305
0.830216
0.831107
0.831978
0.832829
0.83366
0.834473
0.835269
0.836046
0.836804
0.837543
0.838265
0.83897
0.839658
0.84033
0.840987
0.841631
0.842261
0.842879
0.843486
0.844083
0.844672
0.845254
0.845828
0.846397
0.846961
0.847523
0.848083
0.848642
0.849201
0.849763
0.850327
0.850897
0.851471
0.852052
0.85264
0.853235
0.853841
0.854457
0.855084
0.855724
0.856376
0.85704
0.857718
0.858408
0.859111
0.859829
0.860562
0.86131
0.862072
0.862849
0.863641
0.864446
0.865264
0.866095
0.866938
0.867792
0.868657
0.869532
0.870415
0.871306
0.872205
0.87311
0.87402
0.874935
0.875851
0.876769
0.877687
0.878604
0.879518
0.880427
0.88133
0.882226
0.883112
0.883988
0.884851
0.885699
0.886533
0.88735
0.888148
0.888926
0.889684
0.89042
0.891131
0.891816
0.892473
0.893102
0.893699
0.894265
0.894797
0.895297
0.895763
0.896192
0.896584
0.896938
0.897253
0.897528
0.897762
0.897953
0.898102
0.898207
0.898269
0.898287
0.89826
0.898188
0.898071
0.897909
0.897701
0.897449
0.897149
0.896804
0.896413
0.895978
0.895495
0.894967
0.894394
0.893777
0.893115
0.892407
0.891655
0.890859
0.89002
0.889136
0.888211
0.887243
0.886232
0.88518
0.884087
0.882953
0.881779
0.880568
0.87932
0.878034
0.87671
0.875351
0.873955
0.872525
0.871061
0.869563
0.868035
0.866477
0.864889
0.863274
0.861633
0.859967
0.858278
0.856566
0.854835
0.853084
0.851315
0.849531
0.847734
0.845924
0.844105
0.84228
0.840449
0.838615
0.836781
0.83495
0.833126
0.83131
0.829506
0.827718
0.825948
0.824199
0.822476
0.820781
0.819117
0.817488
0.815899
0.814352
0.812852
0.811403
0.810008
0.80867
0.807393
0.806179
0.805032
0.803956
0.802954
0.802028
0.801183
0.800419
0.79974
0.799148
0.798643
0.798228
0.797905
0.797673
0.797535
0.797491
0.797541
0.797686
0.797926
0.798261
0.798689
0.799209
0.799821
0.800523
0.801313
0.802189
0.80315
0.804193
0.805315
0.806513
0.807785
0.809127
0.810538
0.812012
0.813548
0.815142
0.816789
0.818488
0.820234
0.822025
0.823857
0.825726
0.827628
0.829559
0.831515
0.833494
0.835493
0.837508
0.839538
0.841577
0.843625
0.845678
0.847734
0.849788
0.851839
0.853883
0.85592
0.857947
0.85996
0.86196
0.863942
0.865906
0.867849
0.869769
0.871664
0.873532
0.875374
0.877186
0.878967
0.880715
0.882428
0.884105
0.885743
0.887342
0.888901
0.890419
0.891894
0.893325
0.894711
0.89605
0.897341
0.898584
0.899776
0.900916
0.902003
0.903035
0.904013
0.904934
0.905798
0.906603
0.907348
0.908033
0.908657
0.90922
0.909721
0.910158
0.910531
0.91084
0.911082
0.911259
0.91137
0.911413
0.91139
0.911299
0.91114
0.910912
0.910615
0.910249
0.909814
0.909309
0.908736
0.908094
0.907385
0.906608
0.905762
0.904847
0.903865
0.902816
0.901699
0.900515
0.899264
0.897948
0.896567
0.895121
0.893612
0.892039
0.890404
0.888709
0.886953
0.885137
0.883263
0.881333
0.879349
0.877311
0.87522
0.873077
0.870884
0.868641
0.866351
0.864015
0.861637
0.859217
0.856756
0.854257
0.85172
0.849149
0.846545
0.843912
0.841251
0.838565
0.835856
0.833125
0.830378
0.827615
0.82484
0.822055
0.819265
0.81647
0.813674
0.810881
0.808093
0.805315
0.802551
0.799802
0.797074
0.794368
0.79169
0.789041
0.786426
0.783849
0.781312
0.778821
0.776377
0.773985
0.771647
0.769367
0.767149
0.764995
0.762911
0.760898
0.758961
0.757103
0.755327
0.753637
0.752034
0.75052
0.749098
0.747772
0.746542
0.745412
0.744382
0.743455
0.742632
0.741914
0.741303
0.7408
0.740406
0.74012
0.739943
0.739874
0.739913
0.740061
0.740318
0.740681
0.741147
0.741716
0.742385
0.743151
0.744014
0.744971
0.746018
0.747153
0.748371
0.749672
0.75105
0.752501
0.754022
0.755609
0.757257
0.758963
0.760721
0.762528
0.764379
0.76627
0.768197
0.770155
0.772138
0.774144
0.776168
0.778205
0.78025
0.7823
0.784351
0.786399
0.788438
0.790465
0.792477
0.79447
0.796442
0.798387
0.800303
0.802187
0.804038
0.805852
0.807625
0.809355
0.811039
0.812676
0.814263
0.815799
0.817281
0.818708
0.820079
0.821393
0.822648
0.823843
0.824977
0.826049
0.827059
0.828008
0.828895
0.829719
0.83048
0.831178
0.831813
0.832385
0.832894
0.833339
0.833723
0.834045
0.834308
0.834512
0.834658
0.834748
0.834782
0.834761
0.834689
0.834565
0.834393
0.834175
0.833913
0.833609
0.833264
0.832883
0.832467
0.832018
0.831541
0.831038
0.83051
0.829962
0.829398
0.828818
0.828225
0.827623
0.827015
0.826403
0.825791
0.825181
0.824575
0.823977
0.823388
0.822814
0.822255
0.821714
0.821192
0.820693
0.820219
0.819773
0.819356
0.818968
0.818611
0.818289
0.818001
0.817749
0.817535
0.817358
0.81722
0.817121
0.817063
0.817045
0.817067
0.817129
0.817233
0.817377
0.817562
0.817789
0.818055
0.81836
0.818703
0.819085
0.819503
0.819957
0.820444
0.820963
0.821514
0.822096
0.822707
0.823346
0.824011
0.8247
0.825411
0.826145
0.826899
0.827671
0.828458
0.829259
0.830071
0.830893
0.831723
0.832558
0.833397
0.834238
0.835079
0.83592
0.836756
0.837588
0.838413
0.83923
0.840037
0.840832
0.841612
0.842376
0.843121
0.843845
0.844547
0.845227
0.845881
0.846509
0.847107
0.847675
0.848213
0.848718
0.84919
0.849626
0.850024
0.850383
0.850702
0.85098
0.851217
0.85141
0.851558
0.85166
0.851716
0.851725
0.851687
0.8516
0.851466
0.851281
0.851046
0.850759
0.850422
0.850034
0.849595
0.849106
0.848565
0.847973
0.847331
0.84664
0.8459
0.845111
0.844274
0.843389
0.842457
0.841481
0.840461
0.839396
0.83829
0.837143
0.835957
0.834734
0.833475
0.832183
0.83086
0.829508
0.82813
0.826728
0.825305
0.823864
0.822405
0.820933
0.81945
0.817958
0.81646
0.814958
0.813457
0.811958
0.810464
0.808979
0.807505
0.806047
0.804608
0.803191
0.801798
0.800432
0.799098
0.797797
0.796533
0.79531
0.79413
0.792996
0.791912
0.790879
0.789902
0.788981
0.78812
0.787321
0.786586
0.785916
0.785316
0.784787
0.784331
0.78395
0.783645
0.783416
0.783265
0.783194
0.783202
0.78329
0.783458
0.783708
0.784038
0.784449
0.784942
0.785515
0.786168
0.786899
0.787707
0.788591
0.789549
0.790581
0.791684
0.792857
0.794096
0.795399
0.796763
0.798186
0.799665
0.801198
0.802782
0.804412
0.806087
0.807802
0.809554
0.81134
0.813156
0.815
0.816867
0.818753
0.820654
0.822567
0.824488
0.826414
0.828341
0.830265
0.832184
0.834094
0.835992
0.837875
0.839739
0.841581
0.843397
0.845185
0.846941
0.848664
0.850349
0.851995
0.853599
0.855158
0.856671
0.858137
0.859551
0.860913
0.862221
0.863474
0.86467
0.865807
0.866884
0.8679
0.868855
0.869748
0.870577
0.871342
0.872042
0.872675
0.873243
0.873744
0.874177
0.874546
0.874848
0.875084
0.875253
0.875356
0.875393
0.875363
0.875268
0.875108
0.874886
0.874602
0.874256
0.873849
0.873382
0.872857
0.872275
0.871637
0.870945
0.8702
0.869404
0.868559
0.867667
0.86673
0.865751
0.864731
0.863671
0.862574
0.861442
0.860278
0.859084
0.857863
0.856616
0.855348
0.85406
0.852755
0.851435
0.850103
0.848761
0.84741
0.846054
0.844695
0.843337
0.84198
0.840627
0.839282
0.837946
0.83662
0.835307
0.834008
0.832726
0.831461
0.830216
0.828993
0.827793
0.826616
0.825464
0.824338
0.823239
0.822166
0.821121
0.820105
0.819117
0.818159
0.81723
0.816331
0.815462
0.814624
0.813816
0.813037
0.812288
0.811568
0.810876
0.810214
0.809579
0.80897
0.808389
0.807835
0.807306
0.806803
0.806325
0.80587
0.805439
0.805033
0.80465
0.804288
0.803949
0.80363
0.803332
0.803055
0.802799
0.802562
0.802345
0.802148
0.80197
0.801812
0.801672
0.801552
0.801453
0.801372
0.801311
0.80127
0.801249
0.801247
0.801267
0.801307
0.80137
0.801454
0.801559
0.801687
0.801836
0.802009
0.802205
0.802425
0.80267
0.802941
0.803238
0.803561
0.803911
0.80429
0.804697
0.805134
0.8056
0.806096
0.806621
0.807177
0.807765
0.808386
0.809039
0.809723
0.81044
0.81119
0.811972
0.812787
0.813636
0.814519
0.815437
0.816388
0.817372
0.81839
0.819442
0.820528
0.821648
0.8228
0.823985
0.825202
0.826451
0.827731
0.829042
0.830382
0.831752
0.833149
0.834575
0.836028
0.837507
0.839012
0.840541
0.842095
0.843669
0.845265
0.84688
0.848513
0.850163
0.85183
0.853511
0.855205
0.85691
0.858624
0.860347
0.862076
0.863811
0.865549
0.867289
0.86903
0.870769
0.872505
0.874235
0.875959
0.877675
0.87938
0.881075
0.882756
0.884421
0.88607
0.887701
0.889311
0.890898
0.892464
0.894006
0.895522
0.897012
0.898472
0.899902
0.901301
0.902666
0.903996
0.905291
0.90655
0.907772
0.908957
0.910101
0.911206
0.912269
0.913291
0.91427
0.915208
0.916103
0.916954
0.917762
0.918526
0.919245
0.91992
0.92055
0.921137
0.921679
0.922177
0.922631
0.923043
0.923412
0.923737
0.924021
0.924263
0.924465
0.924626
0.924747
0.924831
0.924878
0.924889
0.924866
0.924809
0.924719
0.924598
0.924447
0.924267
0.924058
0.923824
0.923564
0.923281
0.922976
0.922651
0.922305
0.921941
0.921559
0.92116
0.920743
0.920311
0.919864
0.919403
0.91893
0.918446
0.917951
0.917444
0.916927
0.9164
0.915863
0.915316
0.914759
0.914191
0.913613
0.913025
0.912429
0.911821
0.911202
0.910574
0.909934
0.909283
0.90862
0.907945
0.907257
0.906555
0.905838
0.905108
0.904364
0.903605
0.902832
0.902044
0.901242
0.900424
0.899592
0.898744
0.89788
0.896999
0.896103
0.89519
0.894261
0.893318
0.89236
0.891386
0.8904
0.8894
0.888388
0.887363
0.886326
0.885278
0.884221
0.883155
0.882081
0.881001
0.879917
0.87883
0.87774
0.876649
0.875559
0.87447
0.873384
0.872301
0.871223
0.870152
0.869089
0.868034
0.866987
0.865951
0.864927
0.863914
0.862915
0.86193
0.860959
0.860004
0.859066
0.858146
0.857243
0.856358
0.855492
0.854645
0.853817
0.85301
0.852224
0.85146
0.850716
0.849994
0.849293
0.848614
0.847955
0.847318
0.846703
0.846109
0.845535
0.844982
0.84445
0.843938
0.843446
0.842973
0.842518
0.842081
0.84166
0.841256
0.840867
0.840494
0.840135
0.839791
0.83946
0.839144
0.83884
0.838547
0.838266
0.837995
0.837734
0.837482
0.837238
0.837002
0.836772
0.836547
0.836328
0.836112
0.8359
0.835689
0.835481
0.835273
0.835065
0.834856
0.834646
0.834433
0.834217
0.833995
0.833769
0.833535
0.833295
0.833045
0.832786
0.832516
0.832235
0.831943
0.831639
0.831322
0.83099
0.830644
0.830283
0.829905
0.829509
0.829096
0.828664
0.828214
0.827745
0.827257
0.826749
0.82622
0.825669
0.825098
0.824504
0.823888
0.823251
0.822591
0.821909
0.821204
0.820476
0.819725
0.818951
0.818156
0.817338
0.816499
0.815637
0.814753
0.813847
0.812921
0.811974
0.811008
0.810022
0.809018
0.807997
0.806961
0.805908
0.80484
0.803758
0.802662
0.801555
0.800436
0.799308
0.798171
0.797026
0.795875
0.794717
0.793556
0.792392
0.791226
0.79006
0.788897
0.787737
0.786582
0.785433
0.784292
0.78316
0.782039
0.780931
0.779836
0.778756
0.777691
0.776644
0.775615
0.774606
0.773617
0.772651
0.771707
0.770787
0.769891
0.769023
0.768182
0.767369
0.766584
0.765828
0.7651
0.764401
0.763733
0.763095
0.762487
0.76191
0.761364
0.760849
0.760364
0.75991
0.759486
0.759092
0.758727
0.758392
0.758086
0.757809
0.757561
0.757341
0.757149
0.756985
0.756849
0.756741
0.756658
0.756601
0.75657
0.756562
0.75658
0.756621
0.756687
0.756775
0.756885
0.757019
0.757174
0.75735
0.757547
0.757765
0.758004
0.758263
0.758542
0.758843
0.759165
0.759507
0.75987
0.760255
0.760661
0.761087
0.761534
0.762002
0.762491
0.763001
0.763535
0.76409
0.764669
0.765271
0.765896
0.766545
0.767218
0.767915
0.768637
0.769384
0.770157
0.770956
0.771782
0.772633
0.773511
0.774414
0.775344
0.776299
0.77728
0.778287
0.779319
0.780376
0.781458
0.782563
0.783691
0.784842
0.786016
0.787211
0.788426
0.789658
0.790909
0.792175
0.793455
0.794748
0.796052
0.797366
0.798689
0.800017
0.801349
0.802683
0.80402
0.805356
0.806688
0.808013
0.809328
0.810631
0.81192
0.813192
0.814446
0.81568
0.81689
0.818074
0.81923
0.820355
0.821449
0.822509
0.823531
0.824514
0.825457
0.826359
0.827216
0.828027
0.828791
0.829506
0.830171
0.830784
0.831345
0.831853
0.832308
0.83271
0.833057
0.833351
0.83359
0.833775
0.833908
0.833986
0.834012
0.833986
0.833909
0.833782
0.833607
0.833385
0.833118
0.83281
0.832461
0.832072
0.831646
0.831184
0.83069
0.830167
0.829618
0.829043
0.828447
0.827831
0.827199
0.826553
0.825895
0.82523
0.824559
0.823885
0.823212
0.822541
0.821877
0.821222
0.820579
0.81995
0.819338
0.818745
0.818173
0.817625
0.817105
0.816614
0.816152
0.815724
0.815331
0.814974
0.814657
0.81438
0.814144
0.813952
0.813804
0.8137
0.813641
0.813626
0.813657
0.813735
0.813859
0.814031
0.81425
0.814515
0.814827
0.815186
0.815591
0.816042
0.816538
0.817079
0.817664
0.818292
0.818964
0.819676
0.820429
0.82122
0.822049
0.822915
0.823817
0.824752
0.82572
0.826719
0.827748
0.828806
0.829891
0.831002
0.832136
0.833292
0.834468
0.835663
0.836875
0.838102
0.839341
0.840591
0.84185
0.843117
0.844389
0.845664
0.84694
0.848212
0.849481
0.850743
0.851996
0.853238
0.854467
0.855681
0.856877
0.858054
0.859207
0.860336
0.861436
0.862506
0.863543
0.864545
0.865508
0.866431
0.867311
0.868146
0.868933
0.869669
0.870352
0.87098
0.871552
0.872063
0.872513
0.8729
0.873221
0.873475
0.873661
0.873776
0.87382
0.87379
0.873687
0.873508
0.873253
0.87292
0.87251
0.872022
0.871457
0.870813
0.870089
0.869287
0.868405
0.867446
0.866407
0.865291
0.864097
0.862826
0.861478
0.860056
0.858561
0.856994
0.855356
0.85365
0.851876
0.850038
0.848138
0.846176
0.844156
0.842078
0.839948
0.837765
0.835535
0.83326
0.830942
0.828586
0.826193
0.823766
0.821308
0.818824
0.816317
0.81379
0.811247
0.808691
0.806124
0.80355
0.800974
0.7984
0.795831
0.79327
0.79072
0.788186
0.785671
0.783179
0.780714
0.778277
0.775875
0.773511
0.771187
0.768906
0.766673
0.76449
0.76236
0.760286
0.758271
0.756318
0.754429
0.752608
0.750856
0.749177
0.74757
0.746039
0.744585
0.74321
0.741915
0.740702
0.739572
0.738525
0.737561
0.736682
0.735887
0.735176
0.734548
0.734004
0.733542
0.733161
0.73286
0.732637
0.732491
0.73242
0.732423
0.732497
0.732639
0.732848
0.73312
0.733454
0.733847
0.734295
0.734795
0.735345
0.735942
0.736583
0.737263
0.737979
0.738729
0.73951
0.740318
0.74115
0.742004
0.742875
0.743761
0.74466
0.745569
0.746483
0.747402
0.748322
0.749242
0.750158
0.75107
0.751974
0.75287
0.753754
0.754627
0.755486
0.756331
0.75716
0.757974
0.75877
0.759548
0.760309
0.761052
0.761776
0.762482
0.763172
0.763845
0.764504
0.765147
0.765776
0.766391
0.766995
0.767587
0.768172
0.768749
0.76932
0.769887
0.770451
0.771017
0.771585
0.772157
0.772735
0.773321
0.773917
0.774524
0.775146
0.775786
0.776444
0.777122
0.777824
0.778551
0.779304
0.780088
0.780902
0.781749
0.782631
0.783548
0.784503
0.785496
0.786526
0.787596
0.788707
0.78986
0.791054
0.792289
0.793566
0.794884
0.796245
0.797649
0.799094
0.80058
0.802106
0.803672
0.805276
0.806919
0.8086
0.810316
0.812066
0.81385
0.815666
0.817514
0.819391
0.821296
0.823227
0.825182
0.827159
0.829157
0.831174
0.83321
0.835264
0.837333
0.839414
0.841504
0.843602
0.845705
0.847813
0.849923
0.852034
0.854143
0.856248
0.858348
0.860441
0.862525
0.864597
0.866658
0.868704
0.870735
0.872749
0.874746
0.876723
0.878678
0.88061
0.882517
0.8844
0.886256
0.888084
0.889882
0.89165
0.893386
0.89509
0.896762
0.8984
0.900003
0.90157
0.903103
0.904601
0.906064
0.907491
0.908881
0.910235
0.911551
0.912832
0.914077
0.915286
0.916458
0.917596
0.918698
0.919764
0.920795
0.921794
0.922758
0.923688
0.924585
0.92545
0.926284
0.927088
0.927862
0.928605
0.929318
0.930002
0.930656
0.931282
0.931879
0.932447
0.932988
0.9335
0.933985
0.934442
0.934871
0.935275
0.935653
0.936005
0.93633
0.936629
0.936899
0.937141
0.937354
0.93754
0.937699
0.93783
0.937931
0.938004
0.938049
0.938064
0.938048
0.938002
0.937926
0.937818
0.937678
0.937505
0.937298
0.937056
0.936781
0.936471
0.936127
0.935748
0.935334
0.934885
0.9344
0.93388
0.933323
0.932731
0.932102
0.931437
0.930736
0.93
0.929228
0.92842
0.927578
0.926701
0.925791
0.924847
0.923869
0.92286
0.92182
0.920751
0.919651
0.918524
0.91737
0.916192
0.91499
0.913766
0.912522
0.911258
0.909976
0.908677
0.907364
0.906037
0.9047
0.903354
0.902002
0.900644
0.899283
0.897923
0.896562
0.895205
0.893852
0.892506
0.891169
0.889842
0.888527
0.887227
0.885943
0.884678
0.883433
0.882211
0.881013
0.879843
0.878702
0.877592
0.876515
0.875472
0.874464
0.873494
0.872563
0.871672
0.870822
0.870014
0.86925
0.868529
0.867854
0.867226
0.866644
0.86611
0.865621
0.86518
0.864786
0.86444
0.864143
0.863891
0.863686
0.863526
0.863412
0.863342
0.863315
0.863332
0.86339
0.863488
0.863625
0.863799
0.864007
0.864249
0.864521
0.864822
0.865151
0.865504
0.865878
0.866271
0.866682
0.867109
0.86755
0.868
0.868458
0.86892
0.869385
0.86985
0.870311
0.870767
0.871214
0.871652
0.872076
0.872485
0.872876
0.873248
0.8736
0.873928
0.874229
0.874504
0.874749
0.874964
0.875149
0.8753
0.875415
0.875494
0.875536
0.87554
0.875505
0.875432
0.875318
0.875162
0.874965
0.874728
0.874449
0.874128
0.873766
0.873362
0.872917
0.872431
0.871904
0.871337
0.870731
0.870087
0.869405
0.868687
0.867934
0.867147
0.866326
0.865473
0.864589
0.863675
0.862732
0.861764
0.860771
0.859753
0.858714
0.857654
0.856574
0.855476
0.854362
0.853232
0.852087
0.85093
0.849762
0.848585
0.847401
0.84621
0.845014
0.843813
0.842611
0.841407
0.840203
0.839
0.8378
0.836603
0.835412
0.834226
0.833047
0.831875
0.830713
0.82956
0.828417
0.827285
0.826166
0.825059
0.823965
0.822884
0.821817
0.820764
0.819725
0.818701
0.817692
0.816698
0.815719
0.814755
0.813805
0.81287
0.81195
0.811043
0.810151
0.809273
0.80841
0.807559
0.806721
0.805896
0.805084
0.804284
0.803498
0.802724
0.801961
0.801209
0.800469
0.799739
0.799021
0.798313
0.797614
0.796924
0.796244
0.795573
0.794911
0.79426
0.793619
0.792989
0.792371
0.791766
0.791173
0.790593
0.790025
0.789472
0.788935
0.788415
0.787912
0.787427
0.786962
0.786519
0.786099
0.785702
0.78533
0.784985
0.784668
0.784384
0.784131
0.783911
0.783727
0.783579
0.783471
0.783404
0.78338
0.783399
0.783464
0.783576
0.783737
0.783949
0.784213
0.784529
0.784899
0.785323
0.785802
0.786338
0.78693
0.787579
0.788285
0.789046
0.789863
0.790735
0.791661
0.792639
0.793669
0.794748
0.795875
0.797048
0.798265
0.799525
0.800824
0.802159
0.803528
0.804927
0.806355
0.807808
0.809281
0.810773
0.812279
0.813797
0.815322
0.816852
0.818382
0.81991
0.821432
0.822944
0.824445
0.82593
0.827397
0.828843
0.830264
0.831658
0.833024
0.834358
0.835658
0.83692
0.838142
0.839323
0.84046
0.84155
0.842595
0.843593
0.84454
0.845436
0.846278
0.847067
0.8478
0.848477
0.849098
0.849662
0.850168
0.850616
0.851006
0.851337
0.85161
0.851825
0.851982
0.85208
0.85212
0.852103
0.852029
0.851898
0.85171
0.851467
0.85117
0.850821
0.850421
0.849972
0.849474
0.84893
0.84834
0.847704
0.847025
0.846305
0.845545
0.844749
0.84392
0.843057
0.842161
0.841234
0.840278
0.839295
0.838288
0.837259
0.836209
0.835141
0.834057
0.832957
0.831845
0.830721
0.829587
0.828445
0.827296
0.826141
0.824982
0.823819
0.822654
0.821487
0.820322
