1.53
1.52984
1.52937
1.52858
1.52748
1.52606
1.52433
1.52229
1.51994
1.51727
1.51429
1.511
1.50741
1.5035
1.49929
1.49477
1.48995
1.48483
1.47941
1.47368
1.46766
1.46133
1.45471
1.44778
1.44056
1.43303
1.4252
1.41707
1.40864
1.39992
1.3909
1.38159
1.37198
1.36208
1.3519
1.34142
1.33067
1.31963
1.30831
1.29672
1.28486
1.27272
1.26033
1.24767
1.23476
1.2216
1.2082
1.19456
1.18069
1.1666
1.1523
1.13779
1.12307
1.10818
1.0931
1.07785
1.06245
1.0469
1.03122
1.01542
0.999516
0.983517
0.967441
0.951303
0.935119
0.918904
0.902676
0.886452
0.870249
0.854085
0.837979
0.821949
0.806013
0.79019
0.774499
0.758959
0.743588
0.728405
0.713427
0.698672
0.684159
0.669904
0.655922
0.642229
0.62884
0.615769
0.60303
0.590633
0.578592
0.566916
0.555614
0.544696
0.534169
0.524038
0.514309
0.504987
0.496074
0.487573
0.479485
0.471811
0.46455
0.457701
0.451261
0.445228
0.439597
0.434365
0.429526
0.425074
0.421005
0.41731
0.413983
0.411017
0.408404
0.406135
0.404203
0.402599
0.401314
0.400339
0.399665
0.399283
0.399183
0.399355
0.399791
0.400481
0.401415
0.402585
0.40398
0.405591
0.40741
0.409427
0.411634
0.414021
0.41658
0.419302
0.42218
0.425204
0.428366
0.431658
0.435073
0.438601
0.442237
0.445973
0.449801
0.453715
0.457708
0.461774
0.465907
0.4701
0.474347
0.478642
0.482979
0.487354
0.491759
0.496191
0.500644
0.505113
0.509595
0.514086
0.51858
0.523074
0.527564
0.532047
0.536518
0.540976
0.545416
0.549837
0.554235
0.558609
0.562953
0.567267
0.571548
0.575795
0.580006
0.584178
0.58831
0.592399
0.596446
0.600447
0.604403
0.608312
0.612173
0.615987
0.619751
0.623466
0.627132
0.630747
0.634313
0.637827
0.64129
0.644702
0.648063
0.651373
0.654632
0.657841
0.660999
0.664108
0.667169
0.670182
0.673146
0.676064
0.678935
0.681761
0.684541
0.687277
0.689971
0.692621
0.69523
0.697798
0.700326
0.702815
0.705266
0.707679
0.710056
0.712396
0.7147
0.716969
0.719202
0.721402
0.723568
0.725701
0.727799
0.729863
0.731894
0.733893
0.735859
0.737791
0.739689
0.741552
0.743382
0.745177
0.746937
0.748661
0.750348
0.751998
0.753611
0.755184
0.756718
0.758213
0.759669
0.761085
0.76246
0.763794
0.765085
0.766332
0.767535
0.768694
0.769809
0.770879
0.771903
0.772881
0.773813
0.774697
0.775534
0.776324
0.777069
0.777767
0.778418
0.779024
0.779583
0.780098
0.780568
0.780994
0.781376
0.781715
0.782013
0.782269
0.782486
0.782664
0.782804
0.782908
0.782979
0.783017
0.783024
0.783
0.782948
0.782869
0.782765
0.782638
0.782491
0.782324
0.78214
0.781941
0.781729
0.781507
0.781278
0.781042
0.780802
0.78056
0.780319
0.78008
0.779844
0.779615
0.779393
0.779182
0.778983
0.778797
0.778627
0.778475
0.778342
0.778228
0.778137
0.778069
0.778026
0.778009
0.77802
0.778057
0.778122
0.778217
0.778342
0.778497
0.778682
0.778898
0.779143
0.779419
0.779724
0.780058
0.780421
0.780813
0.781234
0.781683
0.782159
0.78266
0.783186
0.783735
0.784307
0.784901
0.785516
0.78615
0.786803
0.787471
0.788155
0.788853
0.789563
0.790286
0.791019
0.791762
0.792514
0.793275
0.794043
0.794818
0.795598
0.796381
0.797167
0.797957
0.79875
0.799544
0.800339
0.801135
0.80193
0.802725
0.803519
0.804313
0.805107
0.8059
0.806693
0.807485
0.808277
0.809069
0.809862
0.810654
0.811446
0.812238
0.813031
0.813823
0.814616
0.815409
0.816204
0.816999
0.817794
0.818589
0.819384
0.82018
0.820976
0.82177
0.822561
0.82335
0.824135
0.824916
0.825692
0.826462
0.827225
0.827979
0.828725
0.82946
0.830184
0.830895
0.831593
0.832276
0.832941
0.833586
0.834211
0.834813
0.835391
0.835943
0.836468
0.836964
0.837429
0.837862
0.838261
0.838626
0.838954
0.839245
0.839496
0.839706
0.839874
0.839997
0.840077
0.840112
0.840102
0.840044
0.839939
0.839785
0.839582
0.839331
0.839031
0.838683
0.838286
0.83784
0.837346
0.836803
0.836213
0.835576
0.834893
0.834166
0.833395
0.832581
0.831727
0.830833
0.829901
0.828933
0.82793
0.826895
0.825828
0.824732
0.823609
0.822462
0.821292
0.820102
0.818895
0.817672
0.816436
0.815189
0.813934
0.812673
0.811408
0.810142
0.808878
0.807617
0.806362
0.805114
0.803875
0.802646
0.801432
0.800234
0.799052
0.79789
0.796747
0.795625
0.794526
0.793451
0.792401
0.791376
0.790377
0.789403
0.788457
0.787538
0.786648
0.785786
0.784952
0.784146
0.783369
0.782621
0.781901
0.781208
0.780542
0.779903
0.77929
0.778702
0.77814
0.777603
0.777089
0.776598
0.776128
0.775679
0.775251
0.774842
0.77445
0.774075
0.773717
0.773375
0.773047
0.772733
0.772431
0.77214
0.771861
0.77159
0.771328
0.771073
0.770824
0.770581
0.770343
0.770108
0.769878
0.76965
0.769426
0.769204
0.768983
0.768765
0.768549
0.768335
0.768121
0.767907
0.767693
0.76748
0.767267
0.767054
0.766842
0.766631
0.766422
0.766215
0.766008
0.765803
0.7656
0.765399
0.765201
0.765008
0.76482
0.764639
0.764465
0.7643
0.764144
0.763997
0.763862
0.763738
0.763628
0.763532
0.763453
0.763391
0.763347
0.763323
0.763321
0.763341
0.763384
0.763453
0.763548
0.763671
0.763823
0.764005
0.764217
0.764462
0.764739
0.76505
0.765395
0.765776
0.766194
0.766648
0.767139
0.767668
0.768234
0.768837
0.769478
0.770157
0.770874
0.771628
0.772419
0.773247
0.774112
0.775012
0.775947
0.776916
0.777919
0.778954
0.780021
0.781117
0.782242
0.783394
0.784572
0.785774
0.786998
0.788242
0.789505
0.790786
0.792083
0.793394
0.794717
0.796051
0.797394
0.798744
0.800098
0.801456
0.802815
0.804174
0.805532
0.806885
0.808232
0.809572
0.810903
0.812224
0.813534
0.814831
0.816113
0.817379
0.818627
0.819858
0.82107
0.822261
0.823431
0.824577
0.8257
0.826797
0.82787
0.828918
0.829938
0.830933
0.831901
0.832842
0.833755
0.834641
0.8355
0.836331
0.837134
0.837911
0.838662
0.839386
0.840084
0.840757
0.841406
0.842031
0.842633
0.843213
0.84377
0.844306
0.844823
0.84532
0.8458
0.846263
0.846709
0.847138
0.847551
0.847951
0.848338
0.848711
0.849072
0.849421
0.849761
0.85009
0.85041
0.850721
0.851023
0.851318
0.851605
0.851884
0.852157
0.852421
0.852678
0.852928
0.85317
0.853405
0.853631
0.853848
0.854055
0.854251
0.854437
0.854612
0.854774
0.854922
0.855055
0.855172
0.855273
0.855356
0.855421
0.855466
0.855491
0.855494
0.855474
0.85543
0.85536
0.855265
0.855143
0.854993
0.854812
0.8546
0.854356
0.854079
0.853767
0.853419
0.853035
0.852614
0.852154
0.851655
0.851116
0.850537
0.849916
0.849252
0.848545
0.847795
0.847002
0.846165
0.845285
0.844362
0.843396
0.842387
0.841338
0.840248
0.839118
0.837947
0.836737
0.835489
0.834205
0.832886
0.831533
0.830147
0.82873
0.827284
0.825811
0.824313
0.822792
0.82125
0.81969
0.818114
0.816525
0.814925
0.813318
0.811705
0.81009
0.808475
0.806865
0.805262
0.80367
0.802091
0.800529
0.798987
0.797469
0.795978
0.794515
0.793086
0.791691
0.790336
0.789024
0.787757
0.786537
0.785368
0.784251
0.783189
0.782185
0.78124
0.780356
0.779536
0.778782
0.778095
0.777477
0.776929
0.776452
0.776048
0.775716
0.775458
0.775273
0.775163
0.775127
0.775166
0.77528
0.775469
0.775731
0.776068
0.776477
0.776958
0.777512
0.778135
0.778828
0.77959
0.780419
0.781313
0.782271
0.783292
0.784374
0.785515
0.786714
0.787967
0.789272
0.790628
0.792032
0.793483
0.794977
0.796513
0.798087
0.799698
0.801343
0.803019
0.804725
0.806457
0.808213
0.809992
0.81179
0.813604
0.815433
0.817273
0.819121
0.820975
0.822832
0.82469
0.826545
0.828396
0.83024
0.832075
0.833896
0.835703
0.837491
0.839259
0.841004
0.842725
0.844419
0.846082
0.847713
0.849309
0.850867
0.852384
0.853859
0.855289
0.856672
0.858008
0.859294
0.860528
0.861709
0.862833
0.863901
0.864909
0.865857
0.866742
0.867564
0.868321
0.869012
0.869636
0.870192
0.87068
0.871097
0.871445
0.871721
0.871925
0.872056
0.872115
0.872101
0.872013
0.871852
0.871618
0.871311
0.87093
0.870477
0.869951
0.869355
0.868689
0.867954
0.86715
0.866279
0.865342
0.864341
0.863277
0.862151
0.860966
0.859723
0.858423
0.857067
0.855657
0.854197
0.852688
0.851132
0.849532
0.847889
0.846206
0.844484
0.842726
0.840935
0.839111
0.83726
0.835381
0.833477
0.831552
0.829606
0.827643
0.825665
0.823673
0.821669
0.819657
0.817636
0.815608
0.813575
0.811538
0.8095
0.80746
0.805422
0.803384
0.80135
0.799321
0.797296
0.795276
0.793262
0.791255
0.789255
0.787261
0.785274
0.783293
0.781319
0.779353
0.777394
0.775441
0.773495
0.771555
0.769622
0.767695
0.765772
0.763854
0.761941
0.760033
0.758128
0.756227
0.75433
0.752437
0.750548
0.748663
0.746781
0.744902
0.743027
0.741157
0.739293
0.737433
0.735579
0.733731
0.731891
0.730059
0.728236
0.726422
0.72462
0.72283
0.721053
0.719289
0.717541
0.715809
0.714095
0.712401
0.710727
0.709076
0.70745
0.705851
0.704281
0.70274
0.701229
0.699752
0.69831
0.696905
0.695537
0.694209
0.692924
0.691682
0.690485
0.689335
0.688231
0.687177
0.686172
0.685219
0.684318
0.68347
0.682677
0.681939
0.681258
0.680633
0.680066
0.679559
0.67911
0.678721
0.678392
0.678121
0.67791
0.677758
0.677666
0.677633
0.677659
0.677744
0.677889
0.678092
0.678352
0.678668
0.67904
0.679467
0.679948
0.680482
0.681069
0.681707
0.682395
0.683132
0.683917
0.684749
0.685626
0.686548
0.687512
0.688518
0.689564
0.690649
0.691771
0.692928
0.69412
0.695345
0.696601
0.697887
0.699201
0.700541
0.701908
0.703299
0.704714
0.706149
0.707604
0.709078
0.710568
0.712073
0.713593
0.715126
0.71667
0.718225
0.719788
0.721359
0.722938
0.724524
0.726115
0.72771
0.729309
0.73091
0.732513
0.734118
0.735723
0.737329
0.738934
0.740537
0.742138
0.743738
0.745335
0.746929
0.748519
0.750107
0.75169
0.75327
0.754847
0.756419
0.757986
0.759548
0.761104
0.762656
0.764201
0.765741
0.767275
0.768802
0.770323
0.771837
0.773346
0.774848
0.776343
0.777831
0.779312
0.780786
0.782252
0.783711
0.785162
0.786606
0.788041
0.789468
0.790887
0.792297
0.793698
0.79509
0.796474
0.797849
0.799214
0.800571
0.801919
0.803256
0.804582
0.805897
0.807201
0.808494
0.809777
0.811048
0.812307
0.813555
0.81479
0.816012
0.81722
0.818415
0.819595
0.82076
0.82191
0.823045
0.824164
0.825268
0.826355
0.827424
0.828477
0.829512
0.830529
0.831526
0.832506
0.833469
0.834412
0.835336
0.83624
0.837124
0.837985
0.838825
0.839643
0.840439
0.841211
0.841961
0.842687
0.843389
0.844067
0.84472
0.845349
0.845953
0.846533
0.847087
0.847616
0.848118
0.848594
0.849043
0.849466
0.849862
0.850232
0.850575
0.850892
0.851181
0.851442
0.851675
0.85188
0.852058
0.85221
0.852335
0.852432
0.852502
0.852545
0.852561
0.852552
0.852516
0.852453
0.852364
0.85225
0.852112
0.851949
0.85176
0.851547
0.851308
0.851047
0.850763
0.850456
0.850127
0.849777
0.849406
0.849015
0.848604
0.848175
0.847727
0.847264
0.846784
0.84629
0.84578
0.845256
0.844718
0.84417
0.84361
0.843042
0.842467
0.841885
0.841296
0.840703
0.840106
0.839506
0.838904
0.838301
0.837698
0.837096
0.836496
0.8359
0.835308
0.834722
0.834143
0.833574
0.833014
0.832465
0.831927
0.8314
0.830887
0.830388
0.829905
0.829439
0.828991
0.828561
0.828149
0.827756
0.827385
0.827036
0.826708
0.826403
0.826121
0.825862
0.825627
0.825417
0.825231
0.825069
0.824932
0.82482
0.824734
0.824672
0.824635
0.824622
0.824635
0.824672
0.824734
0.824818
0.824927
0.825058
0.82521
0.825384
0.825578
0.825792
0.826024
0.826274
0.826539
0.826819
0.827112
0.827417
0.827734
0.82806
0.828395
0.828736
0.829083
0.829435
0.829788
0.830143
0.830497
0.830848
0.831196
0.831539
0.831876
0.832203
0.832521
0.832826
0.833119
0.833398
0.83366
0.833904
0.834131
0.834337
0.834521
0.834683
0.834822
0.834936
0.835024
0.835086
0.83512
0.835126
0.835103
0.83505
0.834967
0.834853
0.834707
0.834529
0.83432
0.83408
0.833808
0.833503
0.833166
0.832796
0.832394
0.831959
0.83149
0.830989
0.830455
0.829889
0.82929
0.82866
0.827998
0.827305
0.826582
0.825829
0.825046
0.824234
0.823393
0.822525
0.82163
0.820707
0.819758
0.818783
0.817783
0.81676
0.815713
0.814643
0.813552
0.812441
0.811308
0.810156
0.808985
0.807796
0.806591
0.805371
0.804135
0.802885
0.801622
0.800348
0.799063
0.797768
0.796464
0.795151
0.793832
0.792508
0.79118
0.789849
0.788516
0.787182
0.785848
0.784516
0.783188
0.781863
0.780543
0.779229
0.777923
0.776626
0.77534
0.774063
0.772798
0.771546
0.770309
0.769087
0.767881
0.766693
0.765524
0.764376
0.763249
0.762143
0.761059
0.759999
0.758964
0.757954
0.756969
0.756012
0.755082
0.75418
0.753308
0.752466
0.751654
0.750873
0.750123
0.749405
0.748719
0.748067
0.747448
0.746862
0.746312
0.745796
0.745316
0.744872
0.744465
0.744095
0.743761
0.743464
0.743203
0.742978
0.74279
0.742639
0.742524
0.742445
0.742403
0.742396
0.742424
0.742489
0.742589
0.742723
0.742891
0.743092
0.743326
0.743593
0.743891
0.74422
0.744579
0.744967
0.745383
0.745827
0.746299
0.746796
0.747319
0.747865
0.748435
0.749028
0.749641
0.750274
0.750925
0.751592
0.752276
0.752975
0.753688
0.754414
0.755152
0.755901
0.75666
0.757426
0.758199
0.758977
0.759759
0.760544
0.76133
0.762117
0.762903
0.763688
0.764471
0.765252
0.766029
0.766804
0.767572
0.768335
0.769091
0.769839
0.77058
0.771312
0.772035
0.772751
0.773456
0.774151
0.774836
0.775511
0.776176
0.776831
0.777475
0.77811
0.778735
0.779351
0.779958
0.780558
0.781149
0.781733
0.78231
0.782879
0.783442
0.783999
0.784551
0.785099
0.785644
0.786184
0.786721
0.787256
0.787788
0.788319
0.78885
0.789381
0.789909
0.790437
0.790964
0.79149
0.792016
0.792541
0.793067
0.79359
0.794112
0.794633
0.795151
0.795666
0.796178
0.796687
0.797191
0.797691
0.798185
0.798672
0.799152
0.799622
0.800084
0.800535
0.800974
0.801402
0.801817
0.802218
0.802603
0.802972
0.803322
0.803655
0.803969
0.804261
0.804532
0.804778
0.805
0.805196
0.805366
0.805508
0.80562
0.805702
0.805753
0.805772
0.805759
0.805712
0.805631
0.805515
0.805364
0.805177
0.804955
0.804696
0.8044
0.804065
0.803694
0.803284
0.802838
0.802353
0.801832
0.801274
0.80068
0.80005
0.799385
0.798686
0.797954
0.797188
0.796391
0.795564
0.794709
0.793827
0.79292
0.791988
0.791033
0.790057
0.789063
0.788052
0.787025
0.785986
0.784938
0.783882
0.782823
0.78176
0.780697
0.779636
0.77858
0.77753
0.77649
0.775462
0.77445
0.773455
0.772481
0.771531
0.770606
0.769711
0.768848
0.768019
0.767226
0.766471
0.765758
0.765089
0.764464
0.763888
0.763361
0.762885
0.762461
0.762091
0.761777
0.76152
0.761322
0.761184
0.761109
0.761095
0.761144
0.761255
0.76143
0.761669
0.761972
0.76234
0.762771
0.763264
0.763821
0.764441
0.765122
0.765864
0.766666
0.767525
0.768442
0.769414
0.770441
0.771521
0.772654
0.773836
0.775066
0.776342
0.777661
0.779023
0.780425
0.781865
0.783341
0.784849
0.786388
0.787956
0.78955
0.791168
0.792807
0.794464
0.796138
0.797825
0.799523
0.801229
0.802942
0.804659
0.806377
0.808094
0.809809
0.811518
0.81322
0.81491
0.816588
0.81825
0.819895
0.821519
0.823121
0.824699
0.826252
0.827775
0.829269
0.83073
0.832156
0.833545
0.834895
0.836205
0.837473
0.838698
0.839878
0.84101
0.842094
0.843127
0.844109
0.845038
0.845913
0.846734
0.847498
0.848206
0.848857
0.849449
0.849983
0.850456
0.850868
0.851219
0.851509
0.851738
0.851906
0.852012
0.852057
0.852041
0.851963
0.851824
0.851625
0.851366
0.851048
0.850671
0.850235
0.849742
0.849193
0.848591
0.847935
0.847227
0.846466
0.845654
0.844791
0.84388
0.842922
0.841918
0.840868
0.839776
0.838641
0.837466
0.836252
0.835
0.833712
0.832389
0.831033
0.829645
0.828228
0.826785
0.825315
0.823819
0.822299
0.820758
0.819196
0.817616
0.816018
0.814404
0.812776
0.811136
0.809486
0.807828
0.806162
0.804489
0.802814
0.801135
0.799456
0.797777
0.796099
0.794425
0.792757
0.791095
0.789441
0.787798
0.786166
0.784548
0.782944
0.781358
0.779789
0.778241
0.776714
0.77521
0.773731
0.772277
0.770852
0.769457
0.768093
0.766761
0.765463
0.7642
0.762972
0.761782
0.760631
0.759519
0.758448
0.75742
0.756434
0.755492
0.754595
0.753745
0.75294
0.752182
0.751472
0.75081
0.750197
0.749633
0.749118
0.748652
0.748235
0.747867
0.747547
0.747275
0.747052
0.746875
0.746745
0.746661
0.746621
0.746624
0.74667
0.746757
0.746884
0.747049
0.747252
0.74749
0.747762
0.748066
0.748402
0.748766
0.749156
0.749571
0.750008
0.750466
0.750942
0.751435
0.751943
0.752463
0.752994
0.753535
0.754083
0.754635
0.75519
0.755747
0.756304
0.756858
0.757408
0.757952
0.758489
0.759018
0.759538
0.760047
0.760544
0.761027
0.761498
0.761954
0.762396
0.762823
0.763234
0.76363
0.764011
0.764376
0.764725
0.765058
0.765374
0.765676
0.765963
0.766236
0.766496
0.766742
0.766975
0.767198
0.76741
0.767612
0.767805
0.76799
0.76817
0.768344
0.768514
0.76868
0.768845
0.769007
0.769168
0.769331
0.769496
0.769665
0.769837
0.770015
0.770199
0.770389
0.770586
0.770792
0.771006
0.771229
0.771462
0.771705
0.771959
0.772224
0.772501
0.77279
0.77309
0.773403
0.77373
0.77407
0.774422
0.774789
0.775169
0.775562
0.775968
0.776388
0.776821
0.777268
0.777727
0.778198
0.778682
0.779179
0.779688
0.78021
0.780743
0.781287
0.781843
0.78241
0.782987
0.783576
0.784175
0.784786
0.785406
0.786037
0.78668
0.787334
0.787998
0.788673
0.789357
0.790052
0.790757
0.791472
0.792195
0.792927
0.793668
0.794417
0.795174
0.79594
0.796713
0.797493
0.798279
0.799071
0.799869
0.800672
0.801479
0.802291
0.803104
0.80392
0.804738
0.805556
0.806375
0.807193
0.808008
0.808819
0.809624
0.810423
0.811214
0.811995
0.812767
0.813529
0.814277
0.815012
0.815731
0.816433
0.817116
0.817778
0.818418
0.819033
0.819623
0.820186
0.82072
0.821223
0.821695
0.822134
0.82254
0.822911
0.823243
0.823538
0.823794
0.824009
0.824183
0.824313
0.824399
0.824439
0.824435
0.824384
0.824286
0.824141
0.823949
0.823709
0.823423
0.823089
0.822706
0.822274
0.821794
0.821266
0.82069
0.820068
0.819399
0.818683
0.817923
0.817118
0.81627
0.815379
0.814449
0.813479
0.812471
0.811428
0.81035
0.80924
0.808099
0.80693
0.805734
0.804514
0.803272
0.80201
0.800731
0.799437
0.798131
0.796815
0.795493
0.794169
0.792845
0.791523
0.790206
0.788897
0.787599
0.786315
0.785048
0.783801
0.782576
0.781377
0.780207
0.779069
0.777965
0.776898
0.775872
0.774887
0.773946
0.773052
0.772207
0.771413
0.770672
0.769985
0.769355
0.768782
0.768268
0.767816
0.767425
0.767098
0.766834
0.766635
0.7665
0.766429
0.766423
0.766483
0.766607
0.766796
0.767048
0.767365
0.767745
0.768187
0.76869
0.769252
0.769873
0.77055
0.771283
0.772069
0.772907
0.773793
0.774725
0.775703
0.776722
0.777782
0.778878
0.780011
0.781177
0.782374
0.783598
0.784847
0.786118
0.787409
0.788717
0.79004
0.791375
0.792719
0.794069
0.795424
0.796779
0.798135
0.799488
0.800836
0.802177
0.803511
0.804834
0.806145
0.807442
0.808723
0.809987
0.811232
0.812456
0.813659
0.81484
0.815998
0.817134
0.818244
0.819327
0.820383
0.821413
0.822416
0.823393
0.824339
0.825258
0.826147
0.827006
0.827836
0.828636
0.829406
0.830148
0.830859
0.83154
0.832192
0.832815
0.833408
0.833971
0.834506
0.835013
0.835489
0.835937
0.836356
0.836748
0.837111
0.837446
0.837752
0.83803
0.838281
0.838504
0.838701
0.838873
0.839018
0.839138
0.839232
0.839302
0.839347
0.839367
0.839362
0.839334
0.839282
0.839208
0.839111
0.838992
0.838852
0.838692
0.838512
0.838315
0.838098
0.837864
0.837612
0.837343
0.837058
0.836757
0.836441
0.83611
0.835766
0.835409
0.83504
0.834662
0.834275
0.833881
0.83348
0.833071
0.832657
0.832238
0.831816
0.831393
0.830969
0.830545
0.830122
0.829701
0.829283
0.828869
0.828461
0.82806
0.827666
0.827281
0.826906
0.826542
0.82619
0.825852
0.825528
0.825219
0.824928
0.824655
0.8244
0.824165
0.82395
0.823757
0.823587
0.823441
0.823318
0.823219
0.823145
0.823095
0.823072
0.823074
0.823102
0.823156
0.823235
0.823339
0.823468
0.823621
0.823798
0.823999
0.824222
0.824469
0.824739
0.825029
0.825337
0.825661
0.826
0.826352
0.826717
0.827092
0.827475
0.827864
0.828256
0.828649
0.82904
0.829428
0.82981
0.830183
0.830545
0.830893
0.831225
0.831538
0.83183
0.832097
0.832337
0.832547
0.832725
0.832869
0.832974
0.83304
0.833062
0.83304
0.832972
0.832855
0.832688
0.832468
0.832192
0.83186
0.831469
0.831017
0.830506
0.829933
0.829296
0.828595
0.827829
0.826998
0.826099
0.825135
0.824103
0.823004
0.821838
0.820607
0.819311
0.817952
0.81653
0.815046
0.813502
0.8119
0.810241
0.808527
0.806761
0.804945
0.803082
0.801175
0.799225
0.797237
0.795214
0.793159
0.791077
0.788972
0.786848
0.784708
0.782555
0.780393
0.778228
0.776063
0.773902
0.77175
0.76961
0.767485
0.765381
0.763302
0.76125
0.759228
0.757241
0.755292
0.753383
0.751517
0.749697
0.747925
0.746204
0.744534
0.742919
0.74136
0.739857
0.738414
0.737029
0.735704
0.73444
0.733237
0.732094
0.731014
0.729995
0.729036
0.728138
0.7273
0.726522
0.725802
0.72514
0.724534
0.723984
0.723489
0.723047
0.722657
0.722318
0.722028
0.721788
0.721596
0.721449
0.721347
0.721289
0.721275
0.721302
0.721372
0.721482
0.721632
0.72182
0.722046
0.722308
0.722606
0.722938
0.723306
0.723707
0.724141
0.724608
0.725107
0.725637
0.726199
0.726791
0.727413
0.728064
0.728745
0.729454
0.730191
0.730957
0.731752
0.732575
0.733425
0.734302
0.735206
0.736138
0.737096
0.738081
0.739092
0.740128
0.74119
0.742276
0.743387
0.744521
0.74568
0.746862
0.748067
0.749294
0.750542
0.751811
0.7531
0.754408
0.755734
0.757078
0.75844
0.759818
0.761211
0.762619
0.764041
0.765476
0.766923
0.76838
0.769847
0.771322
0.772805
0.774296
0.775792
0.777293
0.778799
0.780309
0.78182
0.783332
0.784843
0.786353
0.78786
0.789363
0.790863
0.792356
0.793843
0.795324
0.796797
0.798261
0.799715
0.801158
0.80259
0.804009
0.805413
0.806802
0.808175
0.809532
0.810871
0.812192
0.813493
0.814774
0.816035
0.817274
0.818491
0.819686
0.820857
0.822003
0.823124
0.824218
0.825286
0.826326
0.827337
0.828317
0.829267
0.830186
0.831074
0.831929
0.832752
0.833541
0.834295
0.835013
0.835696
0.836343
0.836952
0.837524
0.838057
0.838552
0.839007
0.839422
0.839796
0.840129
0.84042
0.840669
0.840876
0.84104
0.841161
0.84124
0.841276
0.841271
0.841223
0.841131
0.840998
0.840822
0.840605
0.840346
0.840045
0.839703
0.839319
0.838894
0.83843
0.837927
0.837385
0.836806
0.836189
0.835535
0.834846
0.834123
0.833366
0.832578
0.831758
0.830908
0.830029
0.829122
0.828186
0.827225
0.826238
0.825228
0.824195
0.823139
0.822063
0.820968
0.819854
0.818723
0.817576
0.816413
0.815236
0.814046
0.812844
0.811631
0.810408
0.809176
0.807937
0.806692
0.805441
0.804185
0.802925
0.801662
0.800395
0.799127
0.797857
0.796588
0.795319
0.794052
0.792788
0.791525
0.790265
0.789008
0.787757
0.78651
0.785269
0.784034
0.782804
0.781581
0.780364
0.779154
0.77795
0.776753
0.775562
0.774378
0.773201
0.77203
0.770865
0.769707
0.768556
0.767411
0.766272
0.765138
0.764011
0.762889
0.761772
0.76066
0.759556
0.758458
0.757367
0.756282
0.755202
0.754129
0.753061
0.751998
0.75094
0.749888
0.748843
0.747803
0.746771
0.745746
0.744729
0.743721
0.742722
0.741732
0.740753
0.739785
0.73883
0.737887
0.736958
0.736045
0.735148
0.734269
0.733408
0.732566
0.731744
0.730944
0.730167
0.729413
0.728685
0.727982
0.727306
0.726658
0.726039
0.72545
0.724892
0.724365
0.723872
0.723413
0.722989
0.722601
0.722249
0.721934
0.721656
0.721417
0.721218
0.721059
0.720939
0.720859
0.720818
0.720817
0.720856
0.720935
0.721054
0.721212
0.721411
0.721651
0.721929
0.722247
0.722603
0.722998
0.723431
0.723903
0.724414
0.724963
0.725549
0.726173
0.726834
0.727532
0.728267
0.72904
0.729849
0.730695
0.731578
0.732499
0.733457
0.734452
0.735485
0.736556
0.737665
0.738813
0.74
0.741227
0.742493
0.743799
0.745144
0.74653
0.747957
0.749424
0.750933
0.752485
0.754078
0.755715
0.757395
0.759118
0.760883
0.762691
0.764541
0.766434
0.768371
0.77035
0.772372
0.774436
0.776542
0.778689
0.780878
0.783105
0.785371
0.787674
0.790014
0.792389
0.794798
0.797238
0.799709
0.80221
0.804737
0.80729
0.809867
0.812464
0.81508
0.817714
0.820362
0.823023
0.825694
0.828371
0.831052
0.833735
0.836417
0.839095
0.841766
0.844429
0.847079
0.849714
0.852329
0.854922
0.85749
0.860031
0.862541
0.865017
0.867457
0.869858
0.872215
0.874525
0.876785
0.878992
0.881143
0.883236
0.885269
0.887239
0.889142
0.890976
0.892737
0.894423
0.896031
0.897559
0.899004
0.900364
0.901637
0.902821
0.903913
0.904913
0.905817
0.906624
0.907333
0.907942
0.908452
0.908859
0.909163
0.909362
0.909456
0.909445
0.909328
0.909105
0.908774
0.908337
0.907793
0.907142
0.906386
0.905526
0.904562
0.903494
0.902323
0.90105
0.899678
0.898209
0.896643
0.894981
0.893227
0.891383
0.889451
0.887434
0.885335
0.883155
0.880898
0.878566
0.876162
0.873692
0.871156
0.86856
0.865904
0.863194
0.860433
0.857623
0.854771
0.851879
0.848951
0.84599
0.843001
0.839988
0.836955
0.833906
0.830843
0.827771
0.824693
0.821614
0.818538
0.815468
0.812408
0.809362
0.806332
0.803323
0.800338
0.797382
0.794457
0.791567
0.788714
0.785902
0.783136
0.780416
0.777747
0.775131
0.772572
0.770073
0.767636
0.765263
0.762958
0.760723
0.75856
0.756471
0.75446
0.752527
0.750677
0.748909
0.747227
0.745632
0.744127
0.742713
0.741392
0.740166
0.739035
0.738001
0.737066
0.73623
0.735496
0.734864
0.734334
0.733908
0.733585
0.733367
0.733255
0.733249
0.733349
0.733555
0.733866
0.734282
0.734802
0.735425
0.736149
0.736975
0.737899
0.738921
0.74004
0.741254
0.742562
0.74396
0.745448
0.747022
0.74868
0.75042
0.752239
0.754132
0.756096
0.758129
0.760225
0.762384
0.7646
0.766869
0.769188
0.771554
0.773962
0.776409
0.77889
0.781401
0.783938
0.786496
0.789072
0.791662
0.794261
0.796866
0.799472
0.802076
0.804673
0.807259
0.80983
0.812384
0.814917
0.817426
0.819905
0.822353
0.824766
0.827139
0.829472
0.831759
0.834
0.836192
0.838331
0.840417
0.842446
0.844416
0.846326
0.848175
0.849962
0.851685
0.853343
0.854933
0.856456
0.85791
0.859298
0.860617
0.861867
0.863045
0.864153
0.865191
0.866159
0.867057
0.867885
0.868644
0.869335
0.869959
0.870515
0.871005
0.871429
0.87179
0.872088
0.872325
0.872502
0.872618
0.872675
0.872675
0.872619
0.87251
0.872347
0.872132
0.871867
0.871554
0.871194
0.870788
0.870337
0.869843
0.869309
0.868736
0.868124
0.867476
0.866792
0.866075
0.865326
0.864545
0.863736
0.862898
0.862033
0.861142
0.860227
0.859289
0.858328
0.857346
0.856344
0.855322
0.854282
0.853225
0.852151
0.851063
0.84996
0.848842
0.84771
0.846565
0.845408
0.84424
0.84306
0.841868
0.840666
0.839454
0.838232
0.837
0.835758
0.834509
0.83325
0.831984
0.830711
0.829431
0.828145
0.826851
0.825552
0.824247
0.822937
0.821622
0.820302
0.81898
0.817655
0.816328
0.814998
0.813666
0.812333
0.810999
0.809665
0.808334
0.807005
0.805681
0.804362
0.803047
0.801738
0.800436
0.799142
0.797857
0.796582
0.795318
0.794068
0.792832
0.791611
0.790409
0.789224
0.78806
0.786917
0.785796
0.784699
0.783628
0.782585
0.78157
0.780583
0.779625
0.778699
0.777805
0.776945
0.77612
0.775329
0.774574
0.773855
0.773174
0.772531
0.771925
0.771359
0.770832
0.770345
0.769898
0.76949
0.769123
0.768795
0.768506
0.768256
0.768043
0.767869
0.767731
0.76763
0.767565
0.767534
0.767538
0.767575
0.767644
0.767744
0.767874
0.768032
0.768218
0.768431
0.768669
0.76893
0.769214
0.76952
0.769846
0.77019
0.770552
0.770931
0.771325
0.771731
0.77215
0.77258
0.773019
0.773465
0.773917
0.774374
0.774834
0.775297
0.775761
0.776224
0.776685
0.777144
0.777598
0.778047
0.778489
0.778923
0.779348
0.779762
0.780167
0.780559
0.780936
0.781299
0.781645
0.781975
0.782287
0.782581
0.782856
0.78311
0.783344
0.783555
0.783744
0.78391
0.784053
0.784172
0.784267
0.784336
0.78438
0.784398
0.784389
0.784355
0.784293
0.784205
0.784089
0.783945
0.783773
0.783574
0.783347
0.783093
0.782811
0.782503
0.782167
0.781804
0.781414
0.780998
0.780556
0.780087
0.779593
0.779074
0.77853
0.777962
0.777368
0.776751
0.77611
0.775447
0.774761
0.774053
0.773325
0.772576
0.771808
0.771022
0.770218
0.769398
0.768563
0.767715
0.766853
0.765981
0.765099
0.764208
0.763309
0.762404
0.761494
0.760578
0.759659
0.758738
0.757817
0.756897
0.755979
0.755066
0.75416
0.753262
0.752373
0.751495
0.750629
0.749778
0.748942
0.748121
0.747319
0.746536
0.745773
0.745032
0.744313
0.743619
0.742952
0.742311
0.741698
0.741112
0.740555
0.740026
0.739527
0.739059
0.738621
0.738215
0.737839
0.737494
0.73718
0.736897
0.736645
0.736424
0.736233
0.736073
0.735942
0.73584
0.735767
0.735721
0.735704
0.735713
0.735749
0.735811
0.735897
0.736008
0.736143
0.7363
0.73648
0.73668
0.736901
0.737141
0.737399
0.737676
0.73797
0.73828
0.738606
0.738946
0.739301
0.739669
0.74005
0.740445
0.740851
0.741269
0.741698
0.742137
0.742585
0.743041
0.743507
0.74398
0.744462
0.74495
0.745447
0.745952
0.746463
0.746981
0.747505
0.748035
0.74857
0.749111
0.749656
0.750207
0.750761
0.751319
0.751881
0.752448
0.753018
0.753591
0.754168
0.754748
0.755331
0.755916
0.756505
0.757097
0.757692
0.75829
0.758891
0.759495
0.760102
0.760711
0.761324
0.76194
0.762559
0.763182
0.763809
0.764442
0.765081
0.765725
0.766375
0.767031
0.767693
0.768362
0.769039
0.769723
0.770415
0.771115
0.771824
0.772544
0.773273
0.774011
0.77476
0.775519
0.776289
0.777071
0.777865
0.778671
0.779489
0.780318
0.781159
0.78201
0.782872
0.783745
0.784629
0.785522
0.786425
0.787335
0.788253
0.789178
0.790107
0.79104
0.791975
0.792912
0.793849
0.794785
0.795718
0.796646
0.797568
0.79848
0.799381
0.800271
0.801146
0.802005
0.802846
0.803668
0.804468
0.805245
0.805997
0.806723
0.80742
0.808087
0.808722
0.809324
0.809891
0.810422
0.810916
0.811372
0.811788
0.812164
0.812499
0.812793
0.813044
0.813254
0.813423
0.81355
0.813634
0.813676
0.813677
0.813637
0.813556
0.813437
0.81328
0.813088
0.81286
0.812599
0.812305
0.811982
0.811629
0.81125
0.810846
0.810419
0.809973
0.809511
0.809033
0.808543
0.808042
0.807535
0.807024
0.806511
0.805999
0.805492
0.804992
0.804502
0.804024
0.803562
0.803117
0.802693
0.802291
0.801915
0.801566
0.801245
0.800955
0.800697
0.800474
0.800288
0.800138
0.800028
0.799957
0.799927
0.799937
0.799987
0.800077
0.800208
0.800378
0.800586
0.800831
0.801114
0.801432
0.801783
0.802167
0.802581
0.803023
0.803491
0.803982
0.804494
0.805024
0.805569
0.806125
0.806691
0.807263
0.807837
0.808411
0.808981
0.809543
0.810094
0.810632
0.811154
0.811655
0.812135
0.812588
0.813011
0.813402
0.813759
0.814079
0.81436
0.8146
0.814797
0.814948
0.815052
0.815106
0.81511
0.815062
0.81496
0.814803
0.814591
0.814324
0.814002
0.813624
0.81319
0.8127
0.812153
0.811551
0.810896
0.810186
0.809424
0.80861
0.807745
0.806829
0.805865
0.804853
0.803796
0.802695
0.801553
0.80037
0.79915
0.797893
0.796603
0.795282
0.793932
0.792555
0.791154
0.789732
0.78829
0.786831
0.785357
0.783872
0.782376
0.780873
0.779365
0.777856
0.776346
0.774837
0.773332
0.771833
0.770342
0.768864
0.767398
0.765947
0.764512
0.763097
0.761702
0.76033
0.758983
0.757662
0.756367
0.755102
0.753868
0.752665
0.751496
0.750361
0.749263
0.748202
0.747181
0.7462
0.745261
0.744364
0.743511
0.742703
0.741941
0.741225
0.740557
0.739937
0.739365
0.738843
0.738371
0.737949
0.737579
0.737259
0.736991
0.736775
0.73661
0.736498
0.736439
0.736431
0.736476
0.736572
0.736719
0.736916
0.737164
0.737462
0.73781
0.738206
0.73865
0.73914
0.739676
0.740257
0.740881
0.741547
0.742255
0.743003
0.743791
0.744617
0.745481
0.746381
0.747316
0.748284
0.749284
0.750315
0.751376
0.752464
0.753581
0.754723
0.75589
0.757081
0.758294
0.759529
0.760784
0.762059
0.763352
0.764663
0.765991
0.767334
0.768691
0.770061
0.771444
0.772839
0.774245
0.775661
0.777086
0.77852
0.779961
0.78141
0.782867
0.784329
0.785797
0.787269
0.788745
0.790225
0.791707
0.793191
0.794676
0.796163
0.797649
0.799135
0.800618
0.802099
0.803578
0.805053
0.806523
0.807988
0.809447
0.810899
0.812342
0.813778
0.815204
0.816619
0.818023
0.819413
0.820789
0.822149
0.823493
0.824819
0.826127
0.827417
0.828686
0.829932
0.831156
0.832354
0.833527
0.834672
0.835788
0.836873
0.837928
0.838949
0.839936
0.840887
0.841802
0.842679
0.843517
0.844317
0.845075
0.845792
0.846465
0.847094
0.847677
0.848213
0.848703
0.849144
0.849537
0.849882
0.850175
0.850419
0.850613
0.850756
0.850849
0.85089
0.85088
0.850818
0.850705
0.85054
0.850325
0.850058
0.849739
0.84937
0.84895
0.848482
0.847964
0.847398
0.846784
0.846123
0.845416
0.844664
0.843867
0.843028
0.842147
0.841223
0.84026
0.839257
0.838217
0.837142
0.836032
0.83489
0.833716
0.832512
0.831279
0.83002
0.828734
0.827425
0.826094
0.824744
0.823375
0.821989
0.820587
0.819172
0.817745
0.816308
0.814863
0.813411
0.811955
0.810496
0.809036
0.807576
0.806119
0.804666
0.80322
0.801782
0.800353
0.798935
0.797529
0.796138
0.794761
0.793401
0.792059
0.790737
0.789436
0.788157
0.786901
0.785671
0.784468
0.783292
0.782145
0.781029
0.779945
0.778894
0.777876
0.776892
0.775946
0.775036
0.774165
0.773331
0.772536
0.771782
0.771069
0.770398
0.76977
0.769184
0.768642
0.768144
0.767692
0.767286
0.766926
0.766614
0.766351
0.766135
0.765969
0.765852
0.765787
0.765774
0.765813
0.765904
0.766046
0.766242
0.766492
0.766797
0.767157
0.76757
0.768037
0.768559
0.769136
0.769768
0.770455
0.771198
0.771996
0.77285
0.773759
0.774724
0.775744
0.776817
0.777945
0.779125
0.780357
0.781639
0.782972
0.784355
0.785787
0.787267
0.788793
0.790365
0.791981
0.793639
0.795338
0.797077
0.798854
0.800666
0.802513
0.804393
0.806303
0.808242
0.810207
0.812198
0.814211
0.816243
0.818292
0.820355
0.82243
0.824515
0.826606
0.828701
0.830795
0.832888
0.834975
0.837055
0.839126
0.841184
0.843226
0.845249
0.847252
0.849231
0.851183
0.853105
0.854994
0.856849
0.858666
0.860441
0.862172
0.863857
0.865492
0.867075
0.868605
0.870077
0.871489
0.87284
0.874126
0.875347
0.8765
0.877582
0.878592
0.879527
0.880387
0.881169
0.881872
0.882493
0.883033
0.883488
0.88386
0.884145
0.884344
0.884455
0.884477
0.884412
0.884257
0.884013
0.883681
0.88326
0.88275
0.882152
0.881467
0.880693
0.879833
0.878888
0.87786
0.876751
0.875562
0.874294
0.87295
0.871531
0.870041
0.868481
0.866855
0.865164
0.863414
0.861605
0.859743
0.857829
0.85587
0.853869
0.851829
0.849754
0.847649
0.845519
0.843365
0.841194
0.839009
0.836812
0.83461
0.832406
0.830204
0.828008
0.825823
0.823652
0.821499
0.819368
0.817262
0.815184
0.813136
0.811122
0.809142
0.8072
0.805298
0.803438
0.801621
0.799848
0.79812
0.796439
0.794805
0.79322
0.791683
0.790194
0.788751
0.787356
0.786007
0.784704
0.783446
0.782231
0.781059
0.779929
0.778839
0.777788
0.776773
0.775793
0.774847
0.773934
0.773051
0.772198
0.771373
0.770576
0.769805
0.769058
0.768335
0.767635
0.766956
0.766298
0.765659
0.765039
0.764437
0.763854
0.763288
0.762742
0.762213
0.761703
0.761212
0.760739
0.760285
0.759849
0.759433
0.759036
0.758661
0.758308
0.757978
0.757671
0.75739
0.757134
0.756905
0.756704
0.756531
0.756387
0.756275
0.756194
0.756145
0.756128
0.756144
0.756195
0.756282
0.756405
0.756565
0.756761
0.756993
0.757261
0.757565
0.757905
0.758281
0.758693
0.759139
0.759619
0.760133
0.76068
0.76126
0.761871
0.762513
0.763183
0.763882
0.764608
0.76536
0.766136
0.766935
0.767755
0.768593
0.76945
0.770322
0.771207
0.772104
0.773011
0.773926
0.774847
0.775772
0.7767
0.777629
0.778556
0.779479
0.780397
0.781306
0.782206
0.783096
0.783971
0.784832
0.785676
0.786501
0.787305
0.788088
0.788847
0.78958
0.790287
0.790966
0.791615
0.792232
0.792816
0.793367
0.793883
0.794363
0.794805
0.79521
0.795575
0.795901
0.796186
0.796431
0.796634
0.796796
0.796916
0.796994
0.797031
0.797025
0.796977
0.796886
0.796754
0.79658
0.796366
0.796112
0.795819
0.795487
0.795118
0.794713
0.794272
0.793798
0.793291
0.792752
0.792183
0.791584
0.790958
0.790305
0.789628
0.788929
0.788209
0.787469
0.786712
0.785938
0.785151
0.784354
0.783546
0.782731
0.781909
0.781084
0.780257
0.779429
0.778603
0.77778
0.776962
0.776149
0.775343
0.774547
0.773762
0.772991
0.772233
0.77149
0.770765
0.770059
0.769372
0.768706
0.768063
0.767444
0.766851
0.766285
0.765745
0.765235
0.764755
0.764306
0.763888
0.763502
0.76315
0.762832
0.762549
0.762302
0.762092
0.761919
0.761784
0.761687
0.761631
0.761615
0.761639
0.761704
0.76181
0.761957
0.762148
0.762382
0.762659
0.76298
0.763344
0.763753
0.764205
0.764701
0.76524
0.765822
0.766446
0.767112
0.767818
0.768566
0.769352
0.770178
0.771042
0.771943
0.77288
0.773852
0.774856
0.775891
0.776954
0.778044
0.77916
0.780299
0.78146
0.782639
0.783833
0.78504
0.786256
0.78748
0.788708
0.789938
0.791168
0.792395
0.793616
0.794827
0.796028
0.797214
0.798383
0.799533
0.800662
0.801766
0.802844
0.803894
0.804914
0.805901
0.806853
0.80777
0.808649
0.80949
0.810291
0.811049
0.811766
0.812439
0.813068
0.813653
0.814191
0.814684
0.81513
0.815531
0.815884
0.816191
0.816451
0.816666
0.816836
0.816961
0.817041
0.817077
0.817069
0.817018
0.816926
0.816793
0.81662
0.816407
0.816157
0.81587
0.815548
0.815192
0.814804
0.814386
0.813939
0.813465
0.812968
0.812447
0.811904
0.811343
0.810764
0.810169
0.80956
0.808939
0.808307
0.807668
0.807023
0.806375
0.805725
0.805076
0.804429
0.803787
0.803151
0.802525
0.801911
0.80131
0.800723
0.800152
0.7996
0.799068
0.798559
0.798072
0.797611
0.797175
0.796766
0.796386
0.796037
0.795718
0.79543
0.795175
0.794954
0.794766
0.794613
0.794494
0.79441
0.794361
0.794345
0.794365
0.794418
0.794505
0.794625
0.794779
0.794966
0.795186
0.795437
0.795718
0.79603
0.796372
0.796743
0.797141
0.797565
0.798016
0.798493
0.798992
0.799514
0.800057
0.80062
0.801203
0.801803
0.80242
0.803054
0.803702
0.804363
0.805036
0.805721
0.806416
0.80712
0.807833
0.808554
0.809282
0.810016
0.810755
0.811498
0.812243
0.81299
0.813738
0.814487
0.815234
0.81598
0.816722
0.817461
0.818196
0.818927
0.819652
0.820371
0.821082
0.821784
0.822476
0.823159
0.823831
0.824492
0.82514
0.825775
0.826396
0.827003
0.827595
0.82817
0.82873
0.829273
0.829798
0.830306
0.830796
0.831266
0.831718
0.83215
0.832562
0.832953
0.833323
0.833671
0.833996
0.8343
0.834581
0.834839
0.835076
0.835289
0.835478
0.835644
0.835785
0.835901
0.835994
0.836063
0.836109
0.836132
0.836133
0.836112
0.836069
0.836006
0.835922
0.835817
0.835691
0.835545
0.835379
0.835195
0.834993
0.834775
0.83454
0.834291
0.834026
0.833747
0.833455
0.833151
0.832836
0.832509
0.832173
0.831826
0.83147
0.831105
0.830732
0.830352
0.829966
0.829573
0.829174
0.828771
0.828363
0.82795
0.827533
0.827111
0.826685
0.826254
0.825817
0.825376
0.824928
0.824475
0.824015
0.82355
0.823078
0.822599
0.822114
0.821623
0.821124
0.820617
0.820103
0.81958
0.81905
0.818512
0.817965
0.817409
0.816845
0.816273
0.815691
0.815101
0.814502
0.813895
0.81328
0.812657
0.812027
0.811391
0.810748
0.8101
0.809445
0.808785
0.808121
0.807454
0.806784
0.806111
0.805436
0.80476
0.804083
0.803406
0.802729
0.802053
0.801378
0.800704
0.800031
0.79936
0.79869
0.798022
0.797354
0.796688
0.796024
0.795361
0.794699
0.794038
0.793376
0.792715
0.792052
0.791388
0.790722
0.790055
0.789385
0.788712
0.788034
0.787351
0.786662
0.785968
0.785267
0.784557
0.78384
0.783114
0.782378
0.781633
0.780876
0.78011
0.779333
0.778544
0.777743
0.776931
0.776107
0.775271
0.774423
0.773563
0.772692
0.771808
0.770914
0.770008
0.769092
0.768167
0.767233
0.766292
0.765343
0.764387
0.763425
0.762459
0.761489
0.760517
0.759543
0.758569
0.757597
0.756629
0.755665
0.754708
0.753759
0.752821
0.751896
0.750986
0.750093
0.749219
0.748366
0.747536
0.74673
0.745953
0.745207
0.744494
0.743816
0.743174
0.742572
0.742009
0.74149
0.741017
0.740591
0.740214
0.739888
0.739612
0.739389
0.73922
0.739107
0.73905
0.739051
0.739109
0.739226
0.739401
0.739635
0.739928
0.740279
0.740689
0.741157
0.741682
0.742263
0.742898
0.743587
0.744327
0.745118
0.745957
0.746844
0.747776
0.748751
0.749767
0.750821
0.751912
0.753039
0.754196
0.755384
0.756598
0.757837
0.759097
0.760378
0.761676
0.762988
0.764313
0.765648
0.766992
0.76834
0.769692
0.771046
0.772399
0.77375
0.775097
0.776438
0.77777
0.779093
0.780406
0.781706
0.782995
0.784271
0.785533
0.78678
0.78801
0.789225
0.790423
0.791604
0.792769
0.793916
0.795044
0.796155
0.797249
0.798326
0.799386
0.800429
0.801457
0.802469
0.803467
0.804451
0.805421
0.806377
0.807321
0.808253
0.809174
0.810084
0.810986
0.811878
0.81276
0.813633
0.814498
0.815355
0.816205
0.817049
0.817886
0.818716
0.819541
0.82036
0.821173
0.82198
0.82278
0.823574
0.82436
0.825138
0.825909
0.826671
0.827424
0.828168
0.828903
0.829627
0.83034
0.831041
0.831731
0.832407
0.833068
0.833716
0.834348
0.834964
0.835564
0.836147
0.836711
0.837256
0.837782
0.838287
0.838771
0.839234
0.839675
0.840093
0.840489
0.840862
0.841213
0.84154
0.841844
0.842126
0.842384
0.84262
0.842832
0.843023
0.843191
0.843337
0.843462
0.843565
0.843646
0.843706
0.843747
0.843767
0.843769
0.843753
0.843721
0.843674
0.843611
0.843535
0.843445
0.843343
0.843229
0.843104
0.842971
0.842829
0.84268
0.842526
0.842366
0.842203
0.842036
0.841869
0.841701
0.841533
0.841365
0.841199
0.841035
0.840874
0.840717
0.840564
0.840417
0.840275
0.84014
0.84001
0.839888
0.839773
0.839665
0.839564
0.839471
0.839385
0.839306
0.839233
0.839168
0.839109
0.839056
0.839008
0.838965
0.838925
0.838889
0.838857
0.838828
0.8388
0.838773
0.838747
0.838721
0.838693
0.838661
0.838627
0.83859
0.838548
0.8385
0.838445
0.838384
0.838314
0.838234
0.838143
0.83804
0.837926
0.837799
0.837659
0.837503
0.837332
0.837145
0.83694
0.836717
0.836475
0.836215
0.835935
0.835633
0.83531
0.834965
0.834597
0.834207
0.833794
0.833356
0.832895
0.83241
0.831901
0.831365
0.830804
0.830216
0.8296
0.828958
0.828289
0.827593
0.826869
0.826117
0.825338
0.824531
0.823696
0.822831
0.821938
0.821015
0.820063
0.819082
0.818072
0.817033
0.815967
0.814872
0.813749
0.812598
0.811421
0.810217
0.808987
0.807729
0.806446
0.805136
0.803802
0.802443
0.80106
0.799654
0.798225
0.796775
0.795305
0.793817
0.792311
0.790789
0.789252
0.787701
0.786139
0.784568
0.782989
0.781404
0.779814
0.778221
0.776629
0.775038
0.773452
0.771872
0.7703
0.768738
0.76719
0.765656
0.764142
0.762647
0.761176
0.759731
0.758314
0.756928
0.755576
0.754261
0.752985
0.751751
0.75056
0.749416
0.748321
0.747276
0.746282
0.745343
0.744459
0.743633
0.742866
0.742161
0.741519
0.74094
0.740425
0.739976
0.739592
0.739274
0.739023
0.738839
0.738723
0.738673
0.73869
0.738772
0.738919
0.739131
0.739405
0.73974
0.740136
0.740589
0.741101
0.741668
0.742287
0.742958
0.743678
0.744443
0.745253
0.746105
0.746994
0.747918
0.748875
0.74986
0.750872
0.751906
0.75296
0.754031
0.755116
0.756211
0.757314
0.75842
0.759526
0.760631
0.76173
0.762821
0.763901
0.764968
0.766018
0.767049
0.768058
0.769044
0.770004
0.770937
0.771839
0.772707
0.773541
0.774338
0.775097
0.775817
0.776497
0.777136
0.777732
0.778286
0.778795
0.77926
0.77968
0.780056
0.780387
0.780672
0.780913
0.781109
0.78126
0.781367
0.781431
0.781454
0.781436
0.781378
0.78128
0.781145
0.780972
0.780763
0.780519
0.780243
0.779936
0.7796
0.779237
0.778849
0.778437
0.778001
0.777543
0.777066
0.776571
0.77606
0.775534
0.774996
0.774446
0.773886
0.773319
0.772745
0.772167
0.771586
0.771004
0.770422
0.769842
0.769264
0.76869
0.768121
0.767559
0.767005
0.766461
0.765927
0.765405
0.764896
0.764401
0.763921
0.763457
0.763009
0.762579
0.762167
0.761774
0.761402
0.761049
0.760718
0.760407
0.760119
0.759853
0.759611
0.759394
0.759201
0.759033
0.75889
0.758774
0.758684
0.758622
0.758588
0.758582
0.758603
0.758653
0.758732
0.75884
0.75898
0.759149
0.759347
0.759576
0.759836
0.760127
0.760449
0.760801
0.761184
0.761597
0.762039
0.762511
0.763012
0.763542
0.7641
0.764685
0.765298
0.765936
0.766601
0.76729
0.768003
0.768738
0.769496
0.770277
0.771077
0.771896
0.772733
0.773585
0.774452
0.775333
0.776226
0.77713
0.778044
0.778966
0.779896
0.78083
0.781768
0.782709
0.783652
0.784594
0.785535
0.786474
0.787411
0.788344
0.789271
0.790193
0.791108
0.792014
0.792911
0.793799
0.794676
0.795543
0.796398
0.797243
0.798078
0.798901
0.799713
0.800514
0.801305
0.802084
0.802854
0.803614
0.804365
0.805108
0.805845
0.806575
0.8073
0.808021
0.808738
0.809451
0.810162
0.810873
0.811584
0.812296
0.813012
0.81373
0.814453
0.815181
0.815917
0.816662
0.817415
0.818179
0.818953
0.819738
0.820535
0.821343
0.822164
0.822998
0.823844
0.824703
0.825574
0.826458
0.827355
0.828265
0.829186
0.830118
0.83106
0.832012
0.832972
0.83394
0.834914
0.835893
0.836874
0.837858
0.838842
0.839825
0.840804
0.841779
0.842749
0.84371
0.844663
0.845604
0.846532
0.847444
0.848338
0.849214
0.850069
0.850901
0.851709
0.852491
0.853246
0.853971
0.854666
0.85533
0.855961
0.856556
0.857116
0.857639
0.858125
0.858571
0.85898
0.859347
0.859675
0.859963
0.860209
0.860413
0.860575
0.860694
0.860769
0.8608
0.860789
0.860734
0.860636
0.860495
0.86031
0.860081
0.859808
0.859493
0.859136
0.858737
0.858297
0.857817
0.857297
0.856738
0.856142
0.855509
0.854839
0.854133
0.853391
0.852615
0.851805
0.850963
0.850092
0.84919
0.848257
0.847296
0.846307
0.845292
0.844251
0.843185
0.842096
0.840986
0.839855
0.838704
0.837534
0.836347
0.835144
0.833928
0.832698
0.831456
0.830204
0.828945
0.827681
0.826413
0.825141
0.823868
0.822595
0.821323
0.820055
0.818793
0.817539
0.816294
0.81506
0.813836
0.812626
0.811431
0.810254
0.809095
0.807956
0.806838
0.805744
0.804675
0.803632
0.802618
0.801633
0.80068
0.799761
0.798875
0.798024
0.797208
0.796431
0.795692
0.79499
0.794329
0.793707
0.793126
0.792585
0.792086
0.79163
0.791217
0.790844
0.790513
0.790224
0.789976
0.789768
0.789601
0.789473
0.789384
0.789332
0.789317
0.789337
0.789392
0.78948
0.789601
0.789751
0.78993
0.790136
0.790367
0.79062
0.790896
0.791192
0.791505
0.791832
0.792172
0.792522
0.79288
0.793243
0.79361
0.793977
0.794343
0.794706
0.795063
0.795412
0.79575
0.796076
0.796388
0.796684
0.796962
0.79722
0.797456
0.797668
0.797853
0.798011
0.798139
0.798235
0.798298
0.798328
0.798323
0.79828
0.7982
0.798081
0.797922
0.797721
0.797478
0.797193
0.796865
0.796493
0.796077
0.795618
0.795116
0.794571
0.793982
0.793349
0.79267
0.791946
0.791177
0.790365
0.789508
0.788607
0.787663
0.786677
0.78565
0.784581
0.783471
0.782321
0.781132
0.779906
0.778644
0.777347
0.776016
0.774653
0.773259
0.771835
0.770384
0.768907
0.767408
0.765888
0.76435
0.762795
0.761225
0.759643
0.758051
0.756452
0.754848
0.753243
0.751638
0.750036
0.748441
0.746854
0.745278
0.743715
0.742169
0.740642
0.739138
0.737661
0.736213
0.734797
0.733416
0.732071
0.730767
0.729504
0.728287
0.727116
0.725996
0.724928
0.723916
0.722962
0.722068
0.721237
0.720471
0.719771
0.719139
0.718578
0.71809
0.717677
0.717339
0.71708
0.716902
0.716804
0.71679
0.716859
0.717013
0.717252
0.717578
0.717991
0.718493
0.719082
0.719759
0.720524
0.721377
0.722318
0.723347
0.724461
0.725661
0.726944
0.72831
0.729756
0.731282
0.732884
0.734562
0.736313
0.738135
0.740024
0.741979
0.743997
0.746073
0.748204
0.750388
0.75262
0.754897
0.757214
0.759569
0.761957
0.764373
0.766814
0.769274
0.771751
0.774241
0.776738
0.779238
0.781737
0.784231
0.786716
0.789188
0.791643
0.794077
0.796485
0.798864
0.801211
0.803521
0.805792
0.80802
0.8102
0.812331
0.814408
0.816429
0.818393
0.820295
0.822135
0.823908
0.825615
0.827252
0.828818
0.83031
0.831727
0.833067
0.83433
0.835516
0.836624
0.837652
0.8386
0.839468
0.840254
0.840957
0.841578
0.842116
0.842572
0.842946
0.84324
0.843452
0.843584
0.843635
0.843608
0.843502
0.843321
0.843065
0.842733
0.842325
0.841845
0.841292
0.840669
0.839978
0.83922
0.838396
0.837508
0.836558
0.835549
0.834481
0.833356
0.832178
0.830949
0.82967
0.828344
0.826973
0.825561
0.824108
0.822619
0.821094
0.819536
0.817948
0.816333
0.814692
0.81303
0.811348
0.809648
0.807934
0.806209
0.804474
0.802733
0.800987
0.799241
0.797498
0.795759
0.794027
0.792305
0.790595
0.788901
0.787225
0.785568
0.783934
0.782326
0.780745
0.779193
0.777673
0.776186
0.774735
0.773324
0.771952
0.770622
0.769335
0.768092
0.766896
0.765746
0.764646
0.763596
0.762597
0.761651
0.760759
0.759922
0.75914
0.758414
0.757743
0.75713
0.756573
0.756073
0.755632
0.755248
0.754923
0.754655
0.754446
0.754296
0.754203
0.754168
0.754189
0.754268
0.754404
0.754595
0.754841
0.755143
0.755501
0.755912
0.756376
0.756892
0.757459
0.758076
0.758745
0.759463
0.760228
0.76104
0.761897
0.762799
0.763745
0.764734
0.765763
0.766832
0.767938
0.76908
0.770258
0.771468
0.77271
0.773982
0.775283
0.77661
0.777961
0.779335
0.78073
0.782144
0.783574
0.785018
0.786475
0.787942
0.789417
0.790898
0.792383
0.79387
0.795354
0.796834
0.798307
0.799772
0.801226
0.802667
0.804092
0.8055
0.806886
0.808248
0.809584
0.81089
0.812165
0.813407
0.814614
0.815783
0.816912
0.817999
0.819042
0.82004
0.820991
0.821894
0.822746
0.823546
0.824294
0.824988
0.825627
0.82621
0.826738
0.82721
0.827626
0.827983
0.828283
0.828524
0.828706
0.828832
0.8289
0.828913
0.828871
0.828773
0.828621
0.828415
0.828156
0.827846
0.827487
0.82708
0.826625
0.826124
0.825578
0.82499
0.824359
0.823688
0.822981
0.822237
0.821458
0.820645
0.8198
0.818927
0.818026
0.817099
0.816148
0.815176
0.814183
0.813172
0.812146
0.811107
0.810057
0.808999
0.807935
0.806865
0.805794
0.804723
0.803654
0.80259
0.801534
0.800488
0.799455
0.798438
0.797439
0.79646
0.795503
0.794571
0.793667
0.792794
0.791955
0.791151
0.790385
0.78966
0.788979
0.788345
0.787759
0.787224
0.786743
0.786317
0.78595
0.785642
0.785396
0.785215
0.7851
0.785053
0.785074
0.785167
0.785331
0.785568
0.785877
0.786261
0.786718
0.787247
0.78785
0.788525
0.789272
0.790088
0.790975
0.79193
0.792951
0.794036
0.795182
0.796387
0.797647
0.798961
0.800326
0.801737
0.803192
0.804686
0.806216
0.807779
0.80937
0.810984
0.812618
0.814267
0.815926
0.817591
0.819256
0.820917
0.822568
0.824205
0.825824
0.827418
0.828982
0.830514
0.832007
0.833457
0.83486
0.836211
0.837506
0.83874
0.83991
0.841012
0.842041
0.842994
0.843867
0.844657
0.845361
0.845978
0.846504
0.846939
0.847278
0.847521
0.847664
0.847708
0.847651
0.847492
0.84723
0.846866
0.8464
0.845832
0.845162
0.844391
0.843521
0.842553
0.841487
0.840327
0.839074
0.83773
0.836297
0.834779
0.83318
0.8315
0.829743
0.827915
0.826018
0.824057
0.822035
0.819957
0.817828
0.815651
0.813432
0.811175
0.808885
0.806568
0.804226
0.801867
0.799493
0.79711
0.794723
0.792336
0.789955
0.787584
0.785229
0.782893
0.780583
0.778302
0.776056
0.773848
0.771683
0.769566
0.767499
0.765488
0.763534
0.761642
0.759814
0.758055
0.756367
0.754753
0.753215
0.751756
0.750378
0.749083
0.747873
0.746749
0.745714
0.744767
0.743912
0.743148
0.742475
0.741894
0.741405
0.741007
0.740702
0.740489
0.740367
0.740337
0.740397
0.740545
0.74078
0.741101
0.741508
0.741998
0.742568
0.743216
0.74394
0.744738
0.745609
0.74655
0.747558
0.74863
0.749766
0.750961
0.752213
0.753519
0.754876
0.756282
0.757733
0.759227
0.76076
0.762331
0.763935
0.76557
0.767233
0.768922
0.770634
0.772366
0.774115
0.775878
0.777652
0.779437
0.781229
0.783027
0.784827
0.786628
0.788428
0.790226
0.79202
0.793808
0.795588
0.797358
0.799119
0.800867
0.802602
0.804322
0.806026
0.807713
0.809383
0.811034
0.812669
0.814285
0.815883
0.817459
0.819014
0.820548
0.82206
0.823551
0.82502
0.826468
0.827894
0.829299
0.830682
0.832044
0.833383
0.834702
0.835998
0.837272
0.838524
0.839754
0.840962
0.842148
0.843313
0.844456
0.845578
0.846679
0.847758
0.848815
0.849851
0.850867
0.851862
0.852836
0.853787
0.854716
0.855623
0.856508
0.857369
0.858208
0.859022
0.859813
0.86058
0.861322
0.862038
0.862728
0.863393
0.86403
0.864641
0.865225
0.865779
0.866305
0.8668
0.867263
0.867694
0.868092
0.868456
0.868785
0.869078
0.869333
0.869549
0.869726
0.869863
0.869958
0.87001
0.870019
0.869983
0.869903
0.869775
0.869599
0.869374
0.869101
0.868775
0.868399
0.867969
0.867484
0.866944
0.866348
0.865696
0.864986
0.864217
0.86339
0.862502
0.861554
0.860545
0.859475
0.858343
0.857148
0.85589
0.854569
0.853186
0.85174
0.850231
0.848659
0.847023
0.845324
0.843563
0.841739
0.839855
0.837909
0.835904
0.833838
0.831713
0.82953
0.82729
0.824996
0.822646
0.820243
0.817788
0.815284
0.812731
0.810131
0.807485
0.804796
0.802066
0.799296
0.796489
0.793647
0.790772
0.787866
0.784933
0.781975
0.778994
0.775995
0.772979
0.769948
0.766906
0.763857
0.760802
0.757746
0.754694
0.751646
0.748607
0.74558
0.742569
0.739577
0.736608
0.733666
0.730755
0.72788
0.725043
0.72225
0.719503
0.716808
0.714167
0.711584
0.709064
0.706611
0.704229
0.701922
0.699694
0.697549
0.695491
0.693523
0.69165
0.689875
0.688199
0.686628
0.685164
0.683809
0.682567
0.681441
0.680433
0.679545
0.678779
0.678136
0.677618
0.677226
0.676961
0.676824
0.676816
0.676937
0.677188
0.677567
0.678074
0.67871
0.679472
0.68036
0.681372
0.682505
0.683759
0.685131
0.686618
0.688218
0.689928
0.691745
0.693666
0.695686
0.697803
0.700013
0.702313
0.704698
0.707166
0.709711
0.712328
0.715015
0.717766
0.720577
0.723445
0.726364
0.72933
0.732339
0.735388
0.738472
0.741587
0.744729
0.747893
0.751076
0.754273
0.757481
0.760696
0.763915
0.767133
0.770347
0.773554
0.77675
0.779933
0.783098
0.786245
0.789368
0.792466
0.795536
0.798576
0.801582
0.804553
0.807487
0.81038
0.813231
0.816038
0.818799
0.821512
0.824173
0.826781
0.829333
0.831828
0.834263
0.836639
0.838953
0.841203
0.843387
0.845504
0.847552
0.849531
0.851438
0.853272
0.855031
0.856714
0.858319
0.859847
0.861297
0.862665
0.863953
0.865158
0.866278
0.867313
0.868261
0.869122
0.869896
0.870582
0.87118
0.871689
0.872108
0.872438
0.872678
0.872825
0.872881
0.872845
0.872718
0.872499
0.872188
0.871786
0.871293
0.870708
0.870034
0.869269
0.868417
0.867477
0.86645
0.865338
0.864141
0.86286
0.861496
0.860049
0.858522
0.856915
0.855231
0.853471
0.851637
0.849732
0.847758
0.845716
0.84361
0.841439
0.839209
0.83692
0.834576
0.83218
0.829733
0.82724
0.824702
0.822124
0.819508
0.816858
0.814177
0.811469
0.808738
0.805986
0.803219
0.800441
0.797656
0.794868
0.79208
0.789295
0.786519
0.783756
0.781008
0.77828
0.775576
0.7729
0.770256
0.76765
0.765085
0.762566
0.760095
0.757677
0.755315
0.753013
0.750775
0.748603
0.746503
0.744478
0.742529
0.740658
0.738869
0.737164
0.735545
0.734014
0.732574
0.731225
0.729969
0.728807
0.727741
0.726771
0.725899
0.725123
0.724444
0.723863
0.723377
0.722985
0.722687
0.722482
0.722368
0.722344
0.722409
0.72256
0.722794
0.72311
0.723505
0.723976
0.724523
0.72514
0.725827
0.726579
0.727394
0.728269
0.729201
0.730185
0.731221
0.732304
0.733432
0.734599
0.735803
0.737042
0.738313
0.739611
0.740933
0.742277
0.743638
0.745013
0.7464
0.747796
0.749197
0.750601
0.752005
0.753406
0.754802
0.75619
0.757567
0.758931
0.760279
0.76161
0.762922
0.764213
0.765481
0.766725
0.76794
0.769127
0.770284
0.771409
0.7725
0.773557
0.774579
0.775565
0.776513
0.777423
0.778293
0.779124
0.779915
0.780666
0.781377
0.782049
0.782681
0.783272
0.783824
0.784338
0.784812
0.78525
0.785651
0.786015
0.786345
0.786641
0.786905
0.787137
0.787338
0.787509
0.787652
0.787767
0.787857
0.787922
0.787965
0.787988
0.787993
0.78798
0.787953
0.787912
0.787859
0.787796
0.787725
0.787648
0.787567
0.787481
0.787394
0.787308
0.787224
0.787143
0.787066
0.786995
0.786931
0.786876
0.78683
0.786796
0.786774
0.786765
0.78677
0.786791
0.786828
0.786882
0.786953
0.787042
0.78715
0.787276
0.787424
0.787592
0.787781
0.787991
0.788222
0.788474
0.788747
0.78904
0.789356
0.789692
0.790049
0.790428
0.790827
0.791249
0.791693
0.792157
0.792643
0.793149
0.793676
0.794223
0.794791
0.795378
0.795986
0.796614
0.797263
0.79793
0.798617
0.799323
0.800047
0.800789
0.801548
0.802325
0.803119
0.803929
0.804756
0.8056
0.806459
0.807332
0.80822
0.809121
0.810035
0.810962
0.811901
0.812852
0.813815
0.814788
0.81577
0.81676
0.817758
0.818762
0.819772
0.820788
0.821807
0.822828
0.823852
0.824876
0.825899
0.82692
0.827938
0.828952
0.829959
0.83096
0.831952
0.832935
0.833907
0.834868
0.835818
0.836753
0.837673
0.838576
0.839463
0.840332
0.841181
0.842011
0.84282
0.843608
0.844373
0.845114
0.84583
0.846521
0.847186
0.847824
0.848434
0.849016
0.84957
0.850095
0.85059
0.851054
0.851489
0.851892
0.852265
0.852607
0.852917
0.853195
0.85344
0.853651
0.85383
0.853975
0.854088
0.854167
0.854213
0.854226
0.854207
0.854154
0.854068
0.853948
0.853794
0.853607
0.853387
0.853133
0.852846
0.852526
0.852172
0.851784
0.851362
0.850908
0.850421
0.8499
0.849346
0.848758
0.848139
0.847487
0.846803
0.846086
0.845338
0.844558
0.843747
0.842905
0.842032
0.841129
0.840195
0.839232
0.838238
0.837215
0.836163
0.835082
0.833973
0.832837
0.831672
0.830481
0.829264
0.828021
0.826752
0.825459
0.824143
0.822804
0.821443
0.82006
0.818656
0.817233
0.815791
0.814333
0.812858
0.811369
0.809865
0.808348
0.806818
0.805279
0.803731
0.802175
0.800613
0.799046
0.797474
0.795899
0.794323
0.792747
0.791174
0.789602
0.788036
0.786475
0.784922
0.783377
0.781843
0.78032
0.778809
0.777313
0.775834
0.774372
0.772929
0.771506
0.770105
0.768727
0.767374
0.766047
0.764749
0.76348
0.762242
0.761036
0.759865
0.758727
0.757625
0.756559
0.755531
0.754542
0.753594
0.752686
0.75182
0.750997
0.750218
0.749484
0.748797
0.748156
0.747562
0.747017
0.746521
0.746076
0.74568
0.745336
0.745044
0.744804
0.744617
0.744482
0.744403
0.744377
0.744406
0.74449
0.744628
0.744819
0.745064
0.745363
0.745715
0.746119
0.746575
0.747083
0.747642
0.74825
0.748909
0.749616
0.75037
0.75117
0.752015
0.752905
0.753837
0.754811
0.755825
0.756878
0.757969
0.759095
0.760255
0.761447
0.76267
0.763923
0.765203
0.766508
0.767838
0.769188
0.770557
0.771945
0.773349
0.774767
0.776198
0.777641
0.779093
0.780553
0.782018
0.783487
0.784959
0.786433
0.787907
0.789381
0.790854
0.792325
0.793791
0.79525
0.796701
0.798144
0.799576
0.800997
0.802407
0.803803
0.805184
0.80655
0.8079
0.809232
0.810547
0.811845
0.813122
0.81438
0.815615
0.816827
0.818016
0.819182
0.820322
0.821437
0.822524
0.823585
0.824618
0.825623
0.8266
0.827547
0.828464
0.829352
0.83021
0.831036
0.831831
0.832597
0.83333
0.834031
0.834701
0.835338
0.835945
0.83652
0.837063
0.837574
0.838053
0.838501
0.838917
0.839304
0.839661
0.839989
0.840287
0.840557
0.840798
0.841013
0.8412
0.841361
0.841496
0.841606
0.841692
0.841752
0.841789
0.841803
0.841794
0.841762
0.841708
0.841632
0.841536
0.841418
0.84128
0.841122
0.840945
0.840748
0.840532
0.840299
0.840048
0.839779
0.839493
0.839189
0.838866
0.838525
0.838167
0.837793
0.837401
0.836992
0.836564
0.836119
0.835655
0.835173
0.834672
0.834152
0.833614
0.833057
0.832481
0.831885
0.831271
0.830636
0.829981
0.829305
0.82861
0.827894
0.827157
0.826398
0.825618
0.824816
0.823992
0.823144
0.822274
0.821381
0.820465
0.819527
0.818565
0.81758
0.816573
0.815542
0.814489
0.813413
0.812313
0.811191
0.810047
0.808881
0.807694
0.806487
0.80526
0.804015
0.802751
0.801468
0.800167
0.798848
0.797514
0.796166
0.794803
0.793428
0.79204
0.790642
0.789235
0.78782
0.786399
0.784974
0.783546
0.782116
0.780687
0.779261
0.777839
0.776422
0.775013
0.773614
0.772227
0.770853
0.769494
0.768153
0.76683
0.765528
0.764248
0.762993
0.761763
0.760562
0.759389
0.758247
0.757136
0.756059
0.755015
0.754008
0.753037
0.752105
0.751213
0.750361
0.749551
0.748782
0.748056
0.747371
0.746729
0.746129
0.745574
0.745063
0.744596
0.744176
0.743802
0.743475
0.743193
0.742956
0.742766
0.742619
0.742518
0.742462
0.742451
0.742485
0.742564
0.74269
0.742862
0.743079
0.743341
0.743649
0.744003
0.744403
0.74485
0.745342
0.74588
0.746465
0.747097
0.747777
0.748505
0.74928
0.750102
0.750971
0.751888
0.752852
0.753864
0.754923
0.756028
0.757181
0.758379
0.759623
0.760911
0.762243
0.763617
0.765033
0.766489
0.767985
0.769519
0.771088
0.77269
0.774324
0.775988
0.777679
0.779394
0.781131
0.782886
0.784656
0.786438
0.788228
0.790023
0.79182
0.793617
0.795409
0.797193
0.798966
0.800723
0.802461
0.804177
0.805867
0.807528
0.809157
0.81075
0.812305
0.813819
0.815291
0.816717
0.818097
0.819427
0.820705
0.821929
0.823097
0.82421
0.825265
0.826263
0.827201
0.828081
0.828902
0.829665
0.830369
0.831014
0.8316
0.832129
0.8326
0.833014
0.833374
0.83368
0.833935
0.834141
0.834298
0.834407
0.83447
0.834488
0.834464
0.834399
0.834294
0.834153
0.833976
0.833766
0.833525
0.833254
0.832955
0.83263
0.832281
0.831911
0.831521
0.831112
0.830685
0.830241
0.82978
0.829305
0.828815
0.828312
0.827797
0.827271
0.826734
0.826187
0.825631
0.825066
0.824494
0.823913
0.823324
0.822728
0.822125
0.821514
0.820896
0.82027
0.819635
0.818993
0.818342
0.817683
0.817015
0.816337
0.815651
0.814956
0.814251
0.813536
0.812811
0.812076
0.811331
0.810576
0.80981
0.809035
0.808249
0.807454
0.80665
0.805839
0.805019
0.804191
0.803356
0.802513
0.801665
0.800811
0.799954
0.799093
0.79823
0.797366
0.796502
0.795639
0.794779
0.793924
0.793076
0.792236
0.791405
0.790586
0.78978
0.788988
0.788212
0.787455
0.786717
0.786001
0.785309
0.784642
0.784001
0.783388
0.782806
0.782254
0.781734
0.781249
0.780799
0.780386
0.780011
0.779676
0.77938
0.779126
0.778914
0.778744
0.778618
0.778535
0.778496
0.778499
0.778546
0.778636
0.77877
0.778947
0.779167
0.779429
0.779732
0.780077
0.780462
0.780886
0.78135
0.781852
0.78239
0.782963
0.783568
0.784206
0.784874
0.785571
0.786295
0.787045
0.787821
0.788618
0.789435
0.790271
0.791123
0.791991
0.792871
0.793763
0.794665
0.795574
0.796491
0.797412
0.798336
0.799262
0.800185
0.801106
0.802023
0.802935
0.803838
0.804733
0.805617
0.80649
0.807351
0.808198
0.809029
0.809842
0.810637
0.811412
0.812169
0.812904
0.813617
0.814308
0.814975
0.815618
0.816236
0.816829
0.817396
0.817936
0.818449
0.818935
0.819394
0.819826
0.820231
0.820609
0.82096
0.821286
0.821585
0.821858
0.822107
0.822332
0.822532
0.822708
0.822862
0.822994
0.823104
0.823195
0.823266
0.823317
0.823351
0.823367
0.823366
0.823351
0.82332
0.823277
0.823223
0.823158
0.823083
0.823001
0.822911
0.822814
0.822712
0.822607
0.822497
0.822386
0.822273
0.822161
0.82205
0.821942
0.821836
0.821733
0.821635
0.821543
0.821457
0.821378
0.821305
0.821241
0.821185
0.821138
0.821101
0.821073
0.821056
0.821049
0.821053
0.821067
0.821092
0.821127
0.821173
0.821228
0.821293
0.821369
0.821455
0.82155
0.821655
0.821767
0.821886
0.822011
0.822141
0.822275
0.822411
0.822548
0.822683
0.822817
0.822948
0.823075
0.823196
0.82331
0.823415
0.823511
0.823596
0.823667
0.823724
0.823765
0.823788
0.823792
0.823775
0.823736
0.823672
0.823582
0.823465
0.823321
0.823146
0.822939
0.8227
0.822425
0.822114
0.821765
0.821379
0.820954
0.820489
0.819983
0.819434
0.818842
0.818206
0.817526
0.816801
0.816029
0.815213
0.814352
0.813444
0.81249
0.811491
0.810446
0.809357
0.808223
0.807045
0.805822
0.804555
0.803245
0.801891
0.800496
0.79906
0.797583
0.796068
0.794514
0.792923
0.791296
0.789635
0.787943
0.78622
0.784467
0.782684
0.780873
0.779036
0.777175
0.775292
0.773387
0.771464
0.769524
0.767569
0.765599
0.763618
0.761627
0.759628
0.757624
0.755617
0.753609
0.751602
0.749597
0.747597
0.745603
0.743618
0.741644
0.739684
0.737739
0.73581
0.733899
0.73201
0.730144
0.728303
0.72649
0.724707
0.722955
0.721237
0.719554
0.717908
0.716301
0.714735
0.713211
0.711732
0.710298
0.708912
0.707576
0.706291
0.705058
0.70388
0.702758
0.701693
0.700687
0.699739
0.698852
0.698027
0.697264
0.696565
0.69593
0.695361
0.694857
0.694421
0.694052
0.693752
0.69352
0.693356
0.69326
0.693234
0.693276
0.693387
0.693566
0.693814
0.69413
0.694513
0.694963
0.69548
0.696063
0.696712
0.697427
0.698206
0.699049
0.699955
0.700923
0.701952
0.703042
0.70419
0.705395
0.706656
0.707973
0.709345
0.71077
0.712247
0.713775
0.715352
0.716978
0.71865
0.720368
0.72213
0.723934
0.725778
0.727661
0.729581
0.731536
0.733526
0.735548
0.737602
0.739687
0.741798
0.743937
0.7461
0.748285
0.750491
0.752717
0.754961
0.75722
0.759491
0.761774
0.764068
0.766369
0.768676
0.770986
0.773298
0.775609
0.777918
0.780223
0.782521
0.784812
0.787093
0.789361
0.791616
0.793856
0.79608
0.798284
0.800467
0.802628
0.804764
0.806876
0.808961
0.811017
0.813045
0.815042
0.817005
0.818932
0.820823
0.822678
0.824496
0.826275
0.828013
0.829709
0.831362
0.832972
0.834538
0.836059
0.837535
0.838965
0.840349
0.841685
0.842972
0.844212
0.845403
0.846544
0.847637
0.84868
0.849674
0.850619
0.851514
0.852359
0.853155
0.853901
0.854597
0.855244
0.855841
0.856389
0.856887
0.857337
0.857738
0.858091
0.858396
0.858654
0.858864
0.859028
0.859145
0.859217
0.859243
0.859224
0.859161
0.859053
0.858903
0.858711
0.858477
0.858202
0.857887
0.857533
0.85714
0.856711
0.856245
0.855745
0.85521
0.854642
0.854043
0.853413
0.852753
0.852064
0.851349
0.850607
0.84984
0.849048
0.848234
0.847398
0.846544
0.845671
0.844781
0.843876
0.842954
0.842019
0.841071
0.840113
0.839144
0.838167
0.837184
0.836194
0.8352
0.8342
0.833197
0.832191
0.831183
0.830174
0.829165
0.828158
0.827152
0.826151
0.825153
0.824158
0.823166
0.822178
0.821194
0.820214
0.81924
0.818269
0.817303
0.816341
0.815383
0.81443
0.813483
0.81254
0.811601
0.810666
0.809735
0.808808
0.807885
0.806965
0.80605
0.80514
0.804234
0.803332
0.802433
0.801538
0.800647
0.799761
0.798879
0.798
0.797126
0.796254
0.795387
0.794524
0.793665
0.792811
0.79196
0.791115
0.790275
0.789441
0.788615
0.787796
0.786985
0.786181
0.785386
0.784601
0.783825
0.78306
0.782306
0.781566
0.780839
0.780126
0.779429
0.778747
0.778082
0.777433
0.776804
0.776194
0.775603
0.775034
0.774486
0.773961
0.773459
0.772982
0.772531
0.772106
0.771707
0.771336
0.770992
0.770677
0.77039
0.770133
0.769905
0.769706
0.769536
0.769397
0.769287
0.769209
0.76916
0.76914
0.769149
0.769187
0.769254
0.769348
0.76947
0.769619
0.769794
0.769993
0.770216
0.770461
0.770728
0.771016
0.771324
0.77165
0.771993
0.772353
0.772727
0.773114
0.773512
0.773921
0.77434
0.774766
0.775197
0.775632
0.776069
0.776507
0.776945
0.777381
0.777814
0.778244
0.778669
0.779087
0.779497
0.779898
0.78029
0.780671
0.781041
0.781397
0.78174
0.782068
0.782382
0.782681
0.782964
0.783231
0.783482
0.783716
0.783933
0.784132
0.784313
0.784479
0.784629
0.784763
0.784882
0.784986
0.785075
0.78515
0.785211
0.785258
0.785294
0.785319
0.785334
0.78534
0.785336
0.785325
0.785308
0.785284
0.785257
0.785226
0.785195
0.785162
0.785129
0.785099
0.785073
0.785051
0.785036
0.785027
0.785024
0.785031
0.785047
0.785073
0.78511
0.78516
0.785223
0.785301
0.785393
0.785501
0.785625
0.785767
0.785927
0.786105
0.786302
0.786517
0.78675
0.787001
0.78727
0.787558
0.787864
0.78819
0.788534
0.788895
0.789273
0.789667
0.790078
0.790504
0.790946
0.7914
0.791867
0.792346
0.792835
0.793334
0.793842
0.794358
0.794879
0.795406
0.795938
0.796472
0.797009
0.797545
0.79808
0.798613
0.799142
0.799666
0.800182
0.800691
0.801192
0.801682
0.802161
0.802629
0.803084
0.803526
0.803954
0.804366
0.804761
0.805139
0.805499
0.805839
0.80616
0.806459
0.806737
0.806994
0.807228
0.80744
0.807627
0.807791
0.807931
0.808045
0.808136
0.8082
0.808238
0.808249
0.808232
0.808187
0.808114
0.808011
0.807879
0.807717
0.807523
0.8073
0.807047
0.806762
0.806444
0.806094
0.805711
0.805294
0.804841
0.804353
0.803828
0.803266
0.802666
0.802028
0.801353
0.800639
0.799889
0.7991
0.798272
0.797406
0.796502
0.79556
0.794581
0.793565
0.792513
0.791426
0.790304
0.789149
0.787962
0.786746
0.785501
0.784227
0.782927
0.781601
0.780253
0.778884
0.777496
0.776092
0.774674
0.773246
0.771809
0.770367
0.768921
0.767473
0.766028
0.764588
0.763155
0.761733
0.760323
0.75893
0.757555
0.756202
0.754873
0.75357
0.752297
0.751057
0.749851
0.748683
0.747553
0.746464
0.745419
0.744418
0.743465
0.742561
0.741708
0.740907
0.74016
0.739468
0.738832
0.738253
0.737731
0.737267
0.736862
0.736518
0.736235
0.73601
0.735846
0.735742
0.735696
0.735709
0.735781
0.735911
0.736098
0.736341
0.73664
0.736992
0.737398
0.737855
0.738363
0.73892
0.739526
0.740179
0.740878
0.741621
0.742407
0.743235
0.744102
0.745008
0.74595
0.746928
0.747938
0.74898
0.750051
0.751148
0.752271
0.753419
0.754589
0.75578
0.75699
0.758218
0.75946
0.760717
0.761985
0.763263
0.764551
0.765846
0.767148
0.768454
0.769763
0.771075
0.772387
0.773698
0.775005
0.776309
0.777608
0.778902
0.780189
0.781468
0.782738
0.783998
0.785246
0.786482
0.787706
0.788916
0.790111
0.791292
0.792458
0.793609
0.794743
0.79586
0.79696
0.798043
0.799108
0.800157
0.801187
0.802199
0.803193
0.804168
0.805125
0.806062
0.806979
0.807878
0.808757
0.809616
0.810454
0.811273
0.812072
0.812851
0.813609
0.814347
0.815064
0.815761
0.816437
0.817096
0.817735
0.818355
0.818954
0.819533
0.82009
0.820627
0.821144
0.821638
0.822112
0.822566
0.822998
0.82341
0.823801
0.824171
0.824519
0.824846
0.825151
0.825434
0.825697
0.825937
0.826155
0.826351
0.826525
0.826677
0.826807
0.826915
0.827
0.827062
0.827105
0.827125
0.827124
0.827101
0.827056
0.826989
0.8269
0.82679
0.826659
0.826508
0.826338
0.826149
0.825941
0.825716
0.825472
0.825211
0.824933
0.824641
0.824333
0.824011
0.823676
0.82333
0.822971
0.822603
0.822225
0.821841
0.82145
0.821053
0.820652
0.820247
0.819842
0.819436
0.819032
0.81863
0.818232
0.817838
0.817449
0.817068
0.816693
0.816327
0.81597
0.815624
0.815287
0.814962
0.814649
0.814348
0.814059
0.813783
0.813521
0.813272
0.813037
0.812816
0.812608
0.812413
0.812231
0.81206
0.811901
0.811752
0.811614
0.811484
0.811362
0.811245
0.811134
0.811027
0.810923
0.810823
0.810722
0.81062
0.810516
0.810408
0.810296
0.810177
0.81005
0.809914
0.809767
0.80961
0.80944
0.809256
0.809057
0.808841
0.808609
0.808358
0.808088
0.807799
0.807489
0.807158
0.806806
0.806431
0.806034
0.805614
0.805169
0.804702
0.80421
0.803694
0.803155
0.802592
0.802008
0.801403
0.800775
0.800126
0.799457
0.798768
0.798059
0.797333
0.796589
0.795829
0.795054
0.794265
0.793462
0.792647
0.79182
0.790984
0.79014
0.789288
0.78843
0.787569
0.786705
0.785839
0.784973
0.784109
0.783247
0.782389
0.781536
0.780692
0.779858
0.779034
0.778221
0.777422
0.776638
0.775871
0.775121
0.774391
0.77368
0.77299
0.772322
0.771679
0.771062
0.77047
0.769906
0.76937
0.768863
0.768387
0.767943
0.767532
0.767153
0.766808
0.766497
0.766223
0.765985
0.765782
0.765616
0.765487
0.765396
0.765344
0.765331
0.765356
0.76542
0.765522
0.765663
0.765843
0.766063
0.766322
0.766619
0.766955
0.76733
0.767742
0.768192
0.768679
0.769202
0.769762
0.770359
0.770991
0.771657
0.772357
0.773089
0.773854
0.774651
0.77548
0.776337
0.777224
0.778139
0.77908
0.780048
0.781041
0.782059
0.7831
0.784164
0.78525
0.786357
0.787484
0.788629
0.789791
0.79097
0.792164
0.793372
0.794593
0.795828
0.797073
0.798327
0.799591
0.800862
0.80214
0.803423
0.80471
0.806
0.807293
0.808586
0.80988
0.811173
0.812464
0.813752
0.815036
0.816314
0.817586
0.81885
0.820106
0.821353
0.82259
0.823815
0.825028
0.826229
0.827416
0.82859
0.829747
0.830889
0.832014
0.83312
0.834208
0.835277
0.836327
0.837357
0.838364
0.83935
0.840313
0.841253
0.842169
0.843062
0.843931
0.844775
0.845593
0.846384
0.847149
0.847887
0.848599
0.849282
0.849937
0.850564
0.851161
0.851729
0.852267
0.852776
0.853254
0.853701
0.854119
0.854505
0.854859
0.855181
0.855471
0.85573
0.855956
0.85615
0.85631
0.856437
0.85653
0.85659
0.856616
0.856609
0.856568
0.856494
0.856386
0.856246
0.856072
0.855865
0.855627
0.855356
0.855053
0.854718
0.854352
0.853956
0.853529
0.853074
0.852589
0.852076
0.851534
0.850965
0.85037
0.849749
0.849104
0.848436
0.847744
0.847031
0.846296
0.845541
0.844767
0.843975
0.843166
0.842341
0.841501
0.840646
0.839778
0.838899
0.838008
0.837109
0.836202
0.835288
0.834368
0.833443
0.832514
0.831583
0.830649
0.829716
0.828783
0.827853
0.826926
0.826003
0.825086
0.824177
0.823275
0.822382
0.821499
0.820625
0.819762
0.81891
0.818073
0.81725
0.81644
0.815644
0.814862
0.814096
0.813345
0.812611
0.811893
0.811193
0.81051
0.809843
0.809193
0.80856
0.807945
0.807347
0.806766
0.806203
0.805656
0.805124
0.804608
0.804106
0.803618
0.803146
0.802687
0.802241
0.801806
0.801382
0.800968
0.800563
0.800166
0.799775
0.79939
0.799009
0.798631
0.798255
0.79788
0.797504
0.797126
0.796745
0.79636
0.795969
0.79557
0.795164
0.794748
0.794322
0.793885
0.793432
0.792965
0.79248
0.791977
0.791455
0.790911
0.790346
0.789757
0.789143
0.788501
0.787831
0.787132
0.786401
0.785639
0.784845
0.784014
0.783146
0.782239
0.781293
0.780307
0.779278
0.778206
0.77709
0.77593
0.774724
0.773471
0.772171
0.770823
0.769427
0.767981
0.766485
0.764939
0.763345
0.7617
0.760006
0.758264
0.756471
0.75463
0.752739
0.7508
0.748813
0.74678
0.744703
0.742582
0.740417
0.738211
0.735965
0.733681
0.731363
0.729011
0.726628
0.724217
0.721781
0.719323
0.716846
0.714352
0.711847
0.709333
0.706813
0.704292
0.701773
0.699261
0.69676
0.694273
0.691806
0.689362
0.686946
0.684563
0.682217
0.679912
0.677653
0.675445
0.673293
0.671199
0.66917
0.667208
0.665319
0.663505
0.661771
0.66012
0.658556
0.657081
0.655698
0.654411
0.653222
0.652133
0.651147
0.650264
0.649485
0.648813
0.648248
0.647791
0.647441
0.6472
0.647067
0.647042
0.647124
0.647312
0.647606
0.648004
0.648505
0.649107
0.649808
0.650606
0.651499
0.652485
0.653562
0.654727
0.655978
0.657312
0.658727
0.66022
0.661788
0.663428
0.665136
0.666911
0.668748
0.670646
0.672601
0.67461
0.67667
0.678779
0.680934
0.683131
0.685368
0.687643
0.689951
0.692292
0.694661
0.697057
0.699478
0.701919
0.70438
0.706857
0.70935
0.711855
0.714371
0.716895
0.719427
0.721964
0.724505
0.727046
0.729587
0.732125
0.734659
0.737188
0.739708
0.74222
0.744723
0.747216
0.749697
0.752165
0.754619
0.757057
0.75948
0.761885
0.764274
0.766645
0.768997
0.77133
0.773645
0.775939
0.778213
0.780466
0.782698
0.784907
0.787096
0.789262
0.791406
0.793527
0.795625
0.7977
0.799751
0.80178
0.803785
0.805766
0.807722
0.809655
0.811563
0.813447
0.815306
0.81714
0.818948
0.820729
0.822483
0.824209
0.825906
0.827575
0.829214
0.830822
0.8324
0.833947
0.835462
0.836943
0.83839
0.839802
0.84118
0.842522
0.843827
0.845093
0.84632
0.847507
0.848655
0.849762
0.850827
0.851849
0.852828
0.853762
0.854649
0.855488
0.856277
0.857016
0.857704
0.85834
0.858923
0.859452
0.859927
0.860346
0.860709
0.861016
0.861267
0.86146
0.861597
0.861676
0.861698
0.861663
0.861568
0.861416
0.861205
0.860935
0.860607
0.86022
0.859774
0.859271
0.85871
0.858093
0.85742
0.856693
0.855911
0.855074
0.854183
0.853238
0.85224
0.851191
0.850091
0.848941
0.847745
0.846502
0.845217
0.84389
0.842521
0.841112
0.839662
0.838176
0.836655
0.8351
0.833514
0.831898
0.830255
0.828587
0.826898
0.825188
0.82346
0.821716
0.81996
0.818194
0.81642
0.814641
0.812859
0.811078
0.809301
0.807529
0.805765
0.804012
0.802274
0.800553
0.798853
0.797177
0.795527
0.793908
0.792321
0.790768
0.789254
0.78778
0.78635
0.784965
0.78363
0.782346
0.781115
0.77994
0.778823
0.777766
0.776771
0.775841
0.774978
0.774181
0.773454
0.772797
0.772212
0.771698
0.771259
0.770894
0.770603
0.770388
0.770249
0.770185
0.770197
0.770283
0.770443
0.770677
0.770984
0.771362
0.771811
0.77233
0.772917
0.773571
0.774292
0.775075
0.775918
0.776819
0.777778
0.778792
0.779858
0.780973
0.782135
0.783341
0.78459
0.785877
0.7872
0.788557
0.789945
0.791362
0.792804
0.794271
0.795758
0.797263
0.798782
0.800312
0.801851
0.803397
0.804947
0.806498
0.808049
0.809598
0.811143
0.81268
0.814208
0.815723
0.817225
0.818712
0.820183
0.821635
0.823068
0.824479
0.825868
0.827233
0.828573
0.829887
0.831171
0.832426
0.833652
0.834847
0.836009
0.837136
0.838228
0.839284
0.840303
0.841284
0.842227
0.843129
0.843992
0.844814
0.845595
0.846332
0.847026
0.847677
0.848283
0.848844
0.849358
0.849825
0.850244
0.850614
0.850935
0.851207
0.851429
0.851601
0.851723
0.851793
0.851813
0.85178
0.851698
0.851564
0.851378
0.851141
0.850852
0.850511
0.850119
0.849674
0.849177
0.848628
0.848028
0.847379
0.84668
0.84593
0.845131
0.844284
0.843389
0.842449
0.841463
0.840433
0.839359
0.838242
0.837082
0.835883
0.834643
0.833367
0.832054
0.830707
0.829326
0.827913
0.826471
0.825002
0.823506
0.821988
0.820448
0.818888
0.817311
0.81572
0.814118
0.812506
0.810886
0.809262
0.807634
0.806008
0.804384
0.802765
0.801154
0.799553
0.797964
0.79639
0.794833
0.793296
0.79178
0.790288
0.788823
0.787384
0.785975
0.784597
0.783253
0.781942
0.780669
0.779435
0.778239
0.777082
0.775966
0.774891
0.773858
0.772867
0.771919
0.771014
0.770152
0.769334
0.768559
0.767827
0.767139
0.766492
0.765887
0.765323
0.764799
0.764316
0.763871
0.763464
0.763094
0.76276
0.762462
0.762197
0.761966
0.761767
0.761598
0.761459
0.761346
0.761261
0.7612
0.761163
0.761149
0.761156
0.761183
0.761228
0.761292
0.761373
0.76147
0.761581
0.761707
0.761845
0.761995
0.762157
0.76233
0.762513
0.762704
0.762904
0.763112
0.763327
0.763549
0.763775
0.764007
0.764245
0.764487
0.764733
0.764984
0.765237
0.765494
0.765753
0.766014
0.766276
0.766541
0.766809
0.767078
0.767349
0.767622
0.767898
0.768176
0.768457
0.768742
0.769029
0.76932
0.769616
0.769917
0.770222
0.770533
0.77085
0.771173
0.771504
0.771841
0.772187
0.77254
0.772903
0.773276
0.773659
0.774053
0.774458
0.774875
0.775306
0.77575
0.776209
0.776685
0.777177
0.777687
0.778213
0.778756
0.779317
0.779896
0.780493
0.781108
0.781743
0.782397
0.783072
0.783767
0.784482
0.785218
0.785975
0.786752
0.787551
0.788371
0.789211
0.790071
0.79095
0.791849
0.792768
0.793704
0.794657
0.795627
0.796612
0.797612
0.798627
0.799656
0.800697
0.80175
0.802811
0.803879
0.804954
0.806034
0.807117
0.808203
0.809289
0.810373
0.811454
0.812529
0.813596
0.814656
0.815706
0.816745
0.817771
0.81878
0.819773
0.820749
0.821705
0.82264
0.823552
0.824441
0.825304
0.82614
0.82695
0.827732
0.828484
0.829206
0.829897
0.830558
0.831188
0.831788
0.832355
0.832891
0.833394
0.833865
0.834303
0.834707
0.835079
0.83542
0.835729
0.836006
0.836251
0.836466
0.836649
0.836802
0.836925
0.837019
0.837085
0.837124
0.837137
0.837125
0.837086
0.837024
0.836938
0.836828
0.836694
0.836539
0.836362
0.836164
0.835947
0.835711
0.835455
0.835181
0.834888
0.834576
0.834246
0.833899
0.833534
0.833152
0.832754
0.83234
0.83191
0.831465
0.831005
0.830529
0.830036
0.829528
0.829005
0.828467
0.827914
0.827345
0.826761
0.82616
0.825543
0.824911
0.824262
0.823598
0.822918
0.822222
0.821511
0.820783
0.820039
0.81928
0.818505
0.817716
0.816914
0.816098
0.815269
0.814428
0.813575
0.812712
0.811839
0.810959
0.810072
0.809179
0.808281
0.80738
0.806478
0.805576
0.804676
0.803778
0.802886
0.801999
0.80112
0.800252
0.799396
0.798554
0.797728
0.79692
0.796131
0.795365
0.794623
0.793907
0.793219
0.792562
0.791936
0.791344
0.790788
0.790269
0.789789
0.78935
0.788955
0.788602
0.788294
0.788031
0.787814
0.787644
0.787522
0.787448
0.787424
0.787449
0.787523
0.787646
0.787819
0.788039
0.788307
0.788622
0.788984
0.789391
0.789843
0.790338
0.790876
0.791454
0.792072
0.792729
0.793423
0.794153
0.794917
0.795714
0.79654
0.797395
0.798275
0.799179
0.800106
0.801055
0.802022
0.803007
0.804007
0.805019
0.806044
0.80708
0.808123
0.809174
0.810232
0.811294
0.812359
0.813428
0.814497
0.815567
0.816636
0.817704
0.818769
0.819833
0.820892
0.821948
0.823
0.824047
0.825091
0.82613
0.827163
0.828192
0.829214
0.830232
0.831245
0.832252
0.833255
0.834253
0.835247
0.836236
0.837219
0.838197
0.839171
0.840139
0.841103
0.842061
0.843014
0.84396
0.8449
0.845833
0.84676
0.84768
0.84859
0.84949
0.850381
0.851261
0.852128
0.852982
0.85382
0.854641
0.855445
0.85623
0.856994
0.857737
0.858457
0.859151
0.859818
0.860456
0.861063
0.861639
0.86218
0.862687
0.863159
0.863591
0.863984
0.864335
0.864644
0.864911
0.865132
0.865306
0.865433
0.865511
0.865538
0.865515
0.865441
0.865315
0.865136
0.864902
0.864614
0.864271
0.863874
0.863421
0.862913
0.862347
0.861725
0.861046
0.860312
0.85952
0.85867
0.857765
0.856803
0.855785
0.854709
0.853578
0.852391
0.851149
0.849851
0.848499
0.84709
0.845627
0.844111
0.842541
0.84092
0.839248
0.837525
0.835751
0.833929
0.832059
0.830146
0.828188
0.826186
0.824142
0.822059
0.819938
0.817782
0.815591
0.813368
0.811116
0.808836
0.806532
0.804207
0.801864
0.799505
0.797134
0.794753
0.792365
0.789975
0.787586
0.785202
0.782825
0.780459
0.778108
0.775776
0.773466
0.771182
0.768927
0.766704
0.764516
0.762367
0.760261
0.758199
0.756187
0.754227
0.752323
0.750476
0.748691
0.746969
0.745312
0.743724
0.742206
0.740761
0.739389
0.738093
0.736875
0.735736
0.734677
0.7337
0.732805
0.731994
0.731267
0.730623
0.730062
0.729585
0.729191
0.728879
0.72865
0.728501
0.728432
0.728442
0.728531
0.728696
0.728934
0.729245
0.729626
0.730076
0.730594
0.731175
0.731819
0.732523
0.733285
0.734103
0.734973
0.735894
0.736861
0.737875
0.738932
0.740029
0.741163
0.742332
0.743533
0.744762
0.746018
0.747299
0.748601
0.749922
0.75126
0.752612
0.753976
0.755351
0.756733
0.75812
0.759511
0.760904
0.762296
0.763685
0.765071
0.766451
0.767822
0.769184
0.770535
0.771873
0.773196
0.774504
0.775794
0.777065
0.778317
0.779548
0.780757
0.781943
0.783105
0.784244
0.785356
0.786441
0.787499
0.788529
0.78953
0.790502
0.791443
0.792353
0.793232
0.794079
0.794894
0.795677
0.796427
0.797145
0.79783
0.798482
0.799101
0.799689
0.800243
0.800763
0.801249
0.801701
0.802118
0.802503
0.802854
0.803172
0.803456
0.803705
0.803921
0.804103
0.804252
0.804368
0.804451
0.804501
0.80452
0.804508
0.804464
0.804388
0.804281
0.804144
0.803977
0.803779
0.803552
0.803297
0.803014
0.802702
0.802362
0.801996
0.801603
0.801184
0.800741
0.800273
0.799781
0.799265
0.798727
0.798166
0.797584
0.796981
0.796357
0.795713
0.795051
0.79437
0.793671
0.792956
0.792224
0.791478
0.790718
0.789945
0.789161
0.788366
0.787561
0.786746
0.785922
0.785091
0.784253
0.783411
0.782564
0.781714
0.780861
0.780008
0.779154
0.778302
0.777452
0.776605
0.775762
0.774924
0.774091
0.773266
0.772449
0.771643
0.770846
0.77006
0.769286
0.768525
0.767778
0.767045
0.766327
0.765624
0.764938
0.764269
0.763619
0.762989
0.762379
0.761791
0.761224
0.760679
0.760156
0.759657
0.759182
0.758732
0.758309
0.757912
0.757543
0.757202
0.756889
0.756606
0.756355
0.756135
0.755946
0.75579
0.755666
0.755576
0.75552
0.7555
0.755516
0.75557
0.75566
0.755789
0.755956
0.756163
0.756411
0.756699
0.757029
0.757401
0.757817
0.758278
0.758784
0.759336
0.759934
0.760579
0.761273
0.762014
0.762805
0.763644
0.764533
0.765474
0.766465
0.767508
0.768602
0.769749
0.770947
0.772198
0.773501
0.774857
0.776264
0.777723
0.779233
0.780792
0.7824
0.784056
0.785758
0.787504
0.789293
0.791124
0.792995
0.794901
0.796841
0.798812
0.800812
0.802838
0.804886
0.806953
0.809035
0.811129
0.81323
0.815336
0.817441
0.819542
0.821635
0.823715
0.825778
0.827821
0.829837
0.831825
0.833777
0.835691
0.837561
0.839386
0.84116
0.84288
0.844542
0.846143
0.847678
0.849145
0.85054
0.851861
0.853105
0.85427
0.855351
0.856349
0.857259
0.858081
0.858811
0.859449
0.859994
0.860444
0.860799
0.861058
0.86122
0.861285
0.861254
0.861126
0.860902
0.860584
0.86017
0.859663
0.859063
0.858373
0.857593
0.856726
0.855773
0.854735
0.853614
0.852412
0.851131
0.849775
0.848346
0.846847
0.84528
0.843649
0.841957
0.840206
0.8384
0.836543
0.834638
0.832689
0.830698
0.828669
0.826607
0.824514
0.822395
0.820254
0.818094
0.81592
0.813733
0.811539
0.809341
0.807142
0.804948
0.802762
0.800588
0.798429
0.796287
0.794166
0.792069
0.79
0.787961
0.785955
0.783985
0.782054
0.780164
0.778316
0.776513
0.774758
0.773053
0.771399
0.769798
0.768251
0.766762
0.76533
0.763956
0.762642
0.761386
0.760191
0.759056
0.757981
0.756966
0.756012
0.755119
0.754286
0.753514
0.7528
0.752145
0.751548
0.751007
0.750522
0.750091
0.749714
0.749389
0.749115
0.748891
0.748714
0.748583
0.748497
0.748455
0.748454
0.748493
0.748572
0.748688
0.748839
0.749023
0.749238
0.749482
0.749756
0.750056
0.750382
0.750733
0.751107
0.751502
0.751917
0.752352
0.752804
0.753273
0.753758
0.754256
0.754768
0.755294
0.755831
0.756381
0.756943
0.757516
0.7581
0.758695
0.7593
0.759914
0.760537
0.761169
0.761809
0.762458
0.763115
0.76378
0.764455
0.765139
0.765832
0.766533
0.767243
0.767961
0.768689
0.769426
0.770174
0.77093
0.771696
0.77247
0.773253
0.774044
0.774843
0.775649
0.776464
0.777286
0.778115
0.778951
0.779792
0.780639
0.78149
0.782345
0.783202
0.784061
0.784921
0.78578
0.786638
0.787494
0.788347
0.789196
0.790038
0.790873
0.791701
0.79252
0.793328
0.794125
0.794908
0.795676
0.796428
0.797163
0.797879
0.798576
0.799252
0.799906
0.800537
0.801145
0.801728
0.802286
0.802819
0.803325
0.803803
0.804253
0.804676
0.805072
0.80544
0.805778
0.806088
0.806369
0.806623
0.80685
0.80705
0.807222
0.807367
0.807486
0.807581
0.807652
0.807699
0.807723
0.807725
0.807708
0.807674
0.807623
0.807555
0.807472
0.807376
0.807266
0.807146
0.807017
0.806882
0.806742
0.806598
0.806451
0.806303
0.806156
0.806013
0.805874
0.805741
0.805614
0.805495
0.805384
0.805285
0.805197
0.805123
0.805063
0.805019
0.804991
0.804981
0.804989
0.805017
0.805064
0.80513
0.805218
0.805326
0.805455
0.805604
0.805775
0.805967
0.806179
0.806411
0.806663
0.806934
0.807223
0.80753
0.807855
0.808195
0.80855
0.808919
0.809301
0.809694
0.810098
0.810511
0.81093
0.811355
0.811785
0.812218
0.812652
0.813087
0.813519
0.813948
0.814372
0.814789
0.815198
0.815597
0.815986
0.816361
0.816722
0.817066
0.817393
0.817701
0.81799
0.818258
0.818503
0.818725
0.818923
0.819095
0.81924
0.819357
0.819446
0.819508
0.819541
0.819545
0.819521
0.819467
0.819384
0.819271
0.819129
0.818958
0.818759
0.818531
0.818276
0.817995
0.817687
0.817353
0.816996
0.816615
0.816212
0.815788
0.815344
0.81488
0.814399
0.8139
0.813386
0.812858
0.812316
0.811764
0.811201
0.81063
0.810053
0.809471
0.808885
0.808296
0.807708
0.807119
0.806533
0.805951
0.805374
0.804803
0.804241
0.803688
0.803147
0.802616
0.802097
0.80159
0.801097
0.800618
0.800152
0.799701
0.799266
0.798847
0.798442
0.798053
0.797678
0.797319
0.796975
0.796645
0.796329
0.796027
0.795737
0.795459
0.79519
0.794932
0.794682
0.79444
0.794204
0.793973
0.793746
0.793522
0.793299
0.793075
0.79285
0.79262
0.792387
0.792146
0.791897
0.791639
0.791369
0.791085
0.790787
0.790472
0.79014
0.789788
0.789415
0.789019
0.788601
0.788159
0.78769
0.787193
0.786668
0.786112
0.785525
0.784907
0.784256
0.783573
0.782857
0.782106
0.78132
0.7805
0.779646
0.778757
0.777833
0.776874
0.775881
0.774854
0.773795
0.772703
0.771581
0.770427
0.769245
0.768035
0.766798
0.765538
0.764255
0.762949
0.761624
0.760282
0.758924
0.757552
0.75617
0.754778
0.753381
0.751981
0.75058
0.74918
0.747783
0.746392
0.74501
0.74364
0.742284
0.740945
0.739626
0.738329
0.737059
0.735816
0.734603
0.733423
0.732279
0.731172
0.730105
0.729079
0.728098
0.727163
0.726276
0.725438
0.724653
0.723922
0.723246
0.722626
0.722064
0.721562
0.72112
0.72074
0.720421
0.720166
0.719975
0.719849
0.719789
0.719794
0.719865
0.720001
0.720204
0.720471
0.720804
0.721202
0.721664
0.722188
0.722775
0.723423
0.724132
0.7249
0.725725
0.726608
0.727546
0.728538
0.729583
0.730679
0.731823
0.733015
0.734252
0.735533
0.736857
0.73822
0.739621
0.741058
0.742527
0.744028
0.745558
0.747115
0.748697
0.750301
0.751925
0.753568
0.755227
0.7569
0.758584
0.760278
0.761979
0.763685
0.765394
0.767103
0.768812
0.770518
0.772221
0.773918
0.775607
0.777286
0.778954
0.780608
0.782248
0.783872
0.78548
0.78707
0.78864
0.790189
0.791717
0.793223
0.794705
0.796165
0.7976
0.799011
0.800397
0.801757
0.803091
0.8044
0.805683
0.806939
0.808169
0.809373
0.810553
0.811709
0.81284
0.813947
0.815031
0.816092
0.817132
0.81815
0.819148
0.820128
0.821091
0.822036
0.822964
0.823876
0.824774
0.825658
0.826529
0.827388
0.828236
0.829074
0.829904
0.830725
0.83154
0.832348
0.833151
0.833949
0.834742
0.835532
0.836318
0.8371
0.837879
0.838655
0.839428
0.840199
0.840967
0.841731
0.842493
0.843251
0.844005
0.844754
0.845498
0.846235
0.846965
0.847687
0.848399
0.8491
0.849787
0.850462
0.851121
0.851763
0.852388
0.852993
0.853577
0.854139
0.854678
0.855193
0.855682
0.856143
0.856577
0.856981
0.857354
0.857694
0.858002
0.858277
0.858518
0.858724
0.858893
0.859026
0.859121
0.859179
0.8592
0.859182
0.859126
0.859032
0.858899
0.858727
0.858516
0.858267
0.857979
0.857654
0.857291
0.856893
0.85646
0.855992
0.855489
0.854954
0.854386
0.853787
0.853157
0.852496
0.851807
0.851088
0.85034
0.849564
0.84876
0.84793
0.847075
0.846194
0.84529
0.844364
0.843415
0.842444
0.841451
0.840437
0.839403
0.838349
0.837277
0.836187
0.835078
0.833953
0.832812
0.831655
0.830483
0.829296
0.828095
0.826881
0.825656
0.824418
0.823169
0.82191
0.820642
0.819367
0.818085
0.816799
0.815509
0.814218
0.812925
0.811632
0.810339
0.809049
0.807763
0.806482
0.805209
0.803946
0.802695
0.801457
0.800235
0.799029
0.79784
0.796672
0.795526
0.794405
0.793311
0.792244
0.791206
0.7902
0.789227
0.788288
0.787386
0.786521
0.785695
0.784909
0.784166
0.783467
0.782812
0.782203
0.781639
0.781123
0.780654
0.780233
0.779862
0.779539
0.779265
0.779041
0.778865
0.778739
0.778662
0.778634
0.778655
0.778726
0.778843
0.779007
0.779215
0.779468
0.779764
0.780101
0.780479
0.780897
0.781353
0.781846
0.782374
0.782937
0.783531
0.784155
0.784808
0.785488
0.786192
0.78692
0.787669
0.78844
0.789229
0.790034
0.790855
0.791689
0.792534
0.793388
0.79425
0.795118
0.79599
0.796865
0.797741
0.798617
0.799491
0.800363
0.801232
0.802094
0.80295
0.803798
0.804637
0.805465
0.806283
0.807089
0.807883
0.808664
0.80943
0.810181
0.810916
0.811636
0.81234
0.813025
0.813694
0.814344
0.814975
0.815587
0.81618
0.816753
0.817307
0.81784
0.818354
0.818849
0.819324
0.819778
0.820213
0.820628
0.821023
0.821399
0.821757
0.822095
0.822416
0.822719
0.823004
0.823272
0.823522
0.823757
0.823975
0.824178
0.824364
0.824535
0.824691
0.824832
0.82496
0.825073
0.825174
0.825262
0.825337
0.8254
0.825452
0.825492
0.825521
0.825539
0.825546
0.825544
0.825532
0.825511
0.82548
0.825442
0.825395
0.82534
0.825277
0.825205
0.825126
0.825039
0.824944
0.82484
0.824728
0.824609
0.82448
0.824344
0.8242
0.824048
0.823889
0.823722
0.823547
0.823365
0.823176
0.822981
0.822779
0.822569
0.822351
0.822125
0.821891
0.821648
0.821398
0.821139
0.820873
0.8206
0.82032
0.820033
0.819739
0.81944
0.819134
0.818821
0.818503
0.818181
0.817853
0.81752
0.817184
0.816843
0.8165
0.816154
0.815805
0.815452
0.815097
0.814738
0.814376
0.814012
0.813646
0.813278
0.812907
0.812533
0.812158
0.811782
0.811404
0.811023
0.81064
0.810254
0.809864
0.80947
0.809073
0.808673
0.808268
0.807859
0.807442
0.807019
0.806588
0.806148
0.805699
0.805241
0.804772
0.80429
0.803796
0.803289
0.802767
0.80223
0.801676
0.801106
0.800518
0.799913
0.79929
0.798648
0.797986
0.797306
0.796606
0.795886
0.795147
0.794389
0.793613
0.792821
0.792011
0.791184
0.790341
0.789483
0.788611
0.787724
0.786824
0.785913
0.784992
0.784061
0.783124
0.78218
0.781232
0.78028
0.779328
0.778376
0.777425
0.776479
0.775539
0.774606
0.773682
0.772769
0.771868
0.770982
0.770111
0.769258
0.768425
0.767612
0.766823
0.766056
0.765316
0.764601
0.763914
0.763255
0.762625
0.762025
0.761456
0.760918
0.760414
0.759942
0.759503
0.759098
0.758727
0.75839
0.758085
0.757812
0.757572
0.757363
0.757186
0.75704
0.756924
0.756839
0.756782
0.756754
0.756753
0.756779
0.756832
0.75691
0.757012
0.757137
0.757284
0.757451
0.757639
0.757844
0.758067
0.758305
0.758558
0.758824
0.759101
0.759388
0.759684
0.759988
0.760298
0.760613
0.760931
0.761251
0.761572
0.761893
0.762213
0.762528
0.762839
0.763145
0.763443
0.763732
0.764012
0.764279
0.764533
0.764774
0.764999
0.765209
0.765402
0.765577
0.765734
0.76587
0.765986
