-2.424900e-01
-3.317224e-01
-3.468056e-01
-3.475114e-01
-3.282129e-01
-3.850294e-01
-4.008149e-01
-3.990517e-01
-3.949375e-01
-4.327581e-01
-4.831999e-01
-4.657720e-01
-4.219812e-01
-3.492880e-01
-3.999504e-01
-3.786834e-01
-3.767799e-01
-4.470917e-01
-3.887726e-01
-3.953437e-01
-4.719258e-01
-4.005823e-01
-3.942677e-01
-3.870266e-01
-4.164294e-01
-4.406433e-01
-4.442740e-01
-4.187499e-01
-4.185692e-01
-4.185433e-01
-3.426998e-01
-3.425874e-01
-3.542664e-01
-3.973870e-01
-4.348405e-01
-3.574091e-01
-4.382370e-01
-3.961181e-01
-4.197681e-01
-4.141153e-01
-4.388962e-01
-3.949180e-01
-3.928105e-01
-4.213606e-01
-4.505477e-01
-4.708929e-01
-4.388491e-01
-4.088159e-01
-4.087268e-01
-5.043499e-01
-4.390767e-01
-4.746566e-01
-4.780828e-01
-4.636913e-01
-4.281297e-01
-4.061637e-01
-4.545780e-01
-4.494115e-01
-4.172163e-01
-3.406219e-01
-4.000308e-01
-4.459298e-01
-4.203676e-01
-4.363573e-01
-4.252110e-01
-3.507193e-01
-3.760816e-01
-4.574786e-01
-4.613325e-01
-4.296602e-01
-4.245899e-01
-4.316998e-01
-4.226853e-01
-3.866582e-01
-4.127269e-01
-3.739033e-01
-4.896666e-01
-4.506984e-01
-5.251265e-01
-4.519569e-01
-4.530453e-01
-5.034027e-01
-4.346889e-01
-4.788014e-01
-5.280130e-01
-5.215891e-01
-5.145497e-01
-4.970789e-01
-4.546225e-01
-4.330945e-01
-5.045064e-01
-4.038713e-01
-4.248002e-01
-3.395826e-01
-4.129261e-01
-4.422503e-01
-3.770657e-01
-4.354402e-01
-4.091930e-01
-4.551562e-01
-4.376258e-01
-4.608749e-01
-4.354927e-01
-4.558139e-01
-4.305206e-01
-3.556612e-01
-3.673796e-01
-3.475330e-01
-3.694146e-01
-3.813990e-01
-4.001075e-01
-4.010976e-01
-4.358008e-01
-4.407242e-01
-4.925618e-01
-4.350973e-01
-3.829671e-01
-4.185533e-01
-4.832848e-01
-4.704447e-01
-4.750470e-01
-4.486083e-01
-4.403654e-01
-4.127854e-01
-3.741423e-01
-3.653876e-01
-4.444368e-01
-4.111474e-01
-3.805227e-01
-3.098749e-01
-4.005454e-01
-3.593451e-01
-4.258443e-01
-4.424312e-01
-4.072159e-01
-3.912504e-01
-3.298482e-01
-3.889572e-01
-3.785176e-01
-3.557453e-01
-3.937663e-01
-3.711236e-01
-3.668253e-01
-4.535765e-01
-3.729271e-01
-3.887061e-01
-3.829961e-01
-3.821717e-01
-4.881677e-01
-3.395019e-01
-3.618279e-01
-3.323327e-01
-3.839307e-01
-3.617224e-01
-3.356483e-01
-3.535226e-01
-3.970595e-01
-4.054607e-01
-4.084833e-01
-3.644273e-01
-4.215662e-01
-3.768685e-01
-4.125748e-01
-3.755412e-01
-4.159858e-01
-4.071570e-01
-3.976134e-01
-4.061638e-01
-4.404691e-01
-3.971135e-01
-4.444014e-01
-3.908242e-01
-3.970477e-01
-4.094233e-01
-3.580382e-01
-4.249259e-01
-3.518729e-01
-4.374426e-01
-4.034152e-01
-4.359229e-01
-4.313688e-01
-4.468000e-01
-4.857076e-01
-4.545780e-01
-5.241114e-01
-4.901189e-01
-4.140627e-01
-3.547868e-01
-3.476863e-01
-3.494509e-01
-4.522698e-01
-4.544135e-01
-3.556171e-01
-4.160313e-01
-4.325979e-01
-4.326780e-01
-4.198563e-01
-3.839597e-01
-4.337089e-01
-3.939844e-01
-4.249936e-01
-3.978284e-01
-4.295208e-01
-3.990747e-01
-4.772384e-01
-4.468041e-01
-4.374224e-01
-4.019008e-01
-4.556986e-01
-4.682706e-01
-5.213266e-01
-5.440214e-01
-6.189952e-01
-5.556663e-01
-5.172374e-01
-5.228395e-01
-4.486874e-01
-4.583578e-01
-5.233817e-01
-4.030743e-01
-4.450857e-01
-3.647417e-01
-4.111870e-01
-4.372686e-01
-4.067412e-01
-3.219395e-01
-3.952922e-01
-3.340595e-01
-3.943955e-01
-3.348691e-01
-3.495808e-01
-3.369068e-01
-3.842561e-01
-4.318680e-01
-3.961209e-01
-4.094702e-01
-4.264962e-01
-4.599686e-01
-4.410298e-01
-4.068896e-01
-4.138047e-01
-4.329940e-01
-4.736804e-01
-4.778819e-01
-3.744814e-01
-5.143947e-01
-4.994724e-01
-5.185621e-01
-3.643370e-01
-3.868459e-01
-4.055783e-01
-4.141193e-01
-3.873928e-01
-4.516233e-01
-5.100103e-01
-4.572511e-01
-4.458819e-01
-4.060671e-01
-4.947512e-01
-5.291998e-01
-5.242493e-01
-5.101162e-01
-4.953477e-01
-4.854938e-01
-4.703772e-01
-4.398695e-01
-4.342547e-01
-3.403716e-01
-3.762084e-01
-3.728225e-01
-3.471435e-01
-3.950253e-01
-4.178657e-01
-4.358168e-01
-4.272272e-01
-4.240960e-01
-3.956455e-01
-3.729605e-01
-3.715419e-01
-3.415232e-01
-3.619280e-01
-4.269458e-01
-4.126607e-01
-4.345910e-01
-4.136871e-01
-4.540032e-01
-4.086130e-01
-4.187932e-01
-4.406624e-01
-4.744909e-01
-4.571151e-01
-4.096444e-01
-3.714300e-01
-4.062047e-01
-4.723825e-01
-5.110371e-01
-4.346350e-01
-4.777028e-01
-4.027551e-01
-4.412905e-01
-4.270498e-01
-4.086999e-01
-4.874906e-01
-4.328006e-01
-4.908767e-01
-4.062972e-01
-3.808755e-01
-3.877652e-01
-4.098916e-01
-3.994953e-01
-4.778956e-01
-4.252736e-01
-4.474447e-01
-4.250370e-01
-3.894223e-01
-3.254938e-01
-3.416662e-01
-3.586436e-01
-3.172467e-01
-4.059342e-01
-3.912126e-01
-4.412698e-01
-3.983251e-01
-3.783616e-01
-3.477750e-01
-3.164444e-01
-3.303465e-01
-3.987336e-01
-3.103250e-01
-3.723318e-01
-3.916175e-01
-3.500614e-01
-2.950240e-01
-3.820849e-01
-3.603482e-01
-3.893288e-01
-3.455941e-01
-4.082029e-01
-2.943479e-01
-3.126600e-01
-3.428338e-01
-3.221138e-01
-3.959975e-01
-4.456308e-01
-5.134576e-01
-4.543083e-01
-4.866164e-01
-4.139793e-01
-4.820191e-01
-5.135826e-01
-4.330769e-01
-4.993300e-01
-4.861336e-01
-4.888023e-01
-4.426052e-01
-4.530206e-01
-4.459536e-01
-4.893614e-01
-4.152155e-01
-4.668955e-01
-4.768751e-01
-5.221620e-01
-5.253731e-01
-4.763853e-01
-4.461154e-01
-3.880201e-01
-3.615530e-01
-4.091380e-01
-3.626913e-01
-3.834055e-01
-3.848178e-01
-3.937047e-01
-3.438289e-01
-3.966613e-01
-3.174813e-01
-3.860821e-01
-3.771508e-01
-4.301645e-01
-4.009476e-01
-4.836995e-01
-4.798257e-01
-4.954506e-01
-4.350365e-01
-4.630520e-01
-5.265297e-01
-5.251088e-01
-4.774711e-01
-4.756076e-01
-4.519966e-01
-4.203823e-01
-4.751684e-01
-4.106695e-01
-4.193798e-01
-4.384973e-01
-4.780136e-01
-4.987975e-01
-4.658903e-01
-4.085620e-01
-4.138164e-01
-3.565964e-01
-3.323074e-01
-3.314805e-01
-3.736700e-01
-3.981711e-01
-4.382607e-01
-4.478920e-01
-3.700843e-01
-3.833030e-01
-3.904999e-01
-3.438106e-01
-4.534918e-01
-3.808426e-01
-3.775397e-01
-3.905748e-01
-3.905847e-01
-4.309839e-01
-4.419996e-01
-3.600634e-01
-3.421563e-01
-3.567598e-01
-4.538347e-01
-3.973895e-01
-3.678692e-01
-4.040162e-01
-4.194538e-01
-4.247620e-01
-3.958128e-01
-4.262590e-01
-4.368070e-01
-4.247673e-01
-3.583701e-01
-4.026162e-01
-3.736317e-01
-3.770146e-01
-3.685196e-01
-3.940952e-01
-3.731222e-01
-4.229400e-01
-3.929519e-01
-3.969244e-01
-4.530143e-01
-4.382148e-01
-3.718095e-01
-3.793694e-01
-3.456985e-01
-4.008217e-01
-4.064910e-01
-3.862482e-01
-3.924068e-01
-2.874911e-01
-3.085468e-01
-2.827378e-01
-2.467800e-01
-3.632396e-01
-3.953053e-01
-3.870866e-01
-4.323807e-01
-4.519711e-01
-4.942286e-01
-4.866953e-01
-4.107179e-01
-4.052328e-01
-3.826692e-01
-4.174460e-01
-4.824554e-01
-4.333659e-01
-3.979933e-01
-3.962829e-01
-4.013638e-01
-4.626756e-01
-4.408614e-01
-3.863966e-01
-3.392017e-01
-3.605788e-01
-4.038044e-01
-3.798968e-01
-4.992461e-01
-4.850806e-01
-4.314277e-01
-3.550403e-01
-4.110646e-01
-3.686580e-01
-3.673158e-01
-3.654447e-01
-4.173446e-01
-3.952905e-01
-3.801689e-01
-4.058021e-01
-3.252629e-01
-3.575198e-01
-3.959096e-01
-4.187044e-01
-4.193702e-01
-4.372240e-01
-3.945278e-01
-4.245426e-01
-3.882997e-01
-4.322103e-01
-3.044446e-01
-3.460644e-01
-3.416338e-01
-3.250126e-01
-3.333739e-01
-3.246086e-01
-3.039157e-01
-3.363744e-01
-3.763446e-01
-4.088156e-01
-4.115684e-01
-4.284932e-01
-3.748006e-01
-3.850527e-01
-4.166845e-01
-3.394191e-01
-4.384887e-01
-4.689287e-01
-4.428062e-01
-4.398108e-01
-4.680153e-01
-3.856294e-01
-3.889544e-01
-4.332421e-01
-4.152221e-01
-4.081783e-01
-4.377702e-01
-4.808237e-01
-4.864417e-01
-4.563143e-01
-4.214946e-01
-3.769739e-01
-3.745414e-01
-3.865044e-01
-3.513451e-01
-4.017174e-01
-4.500569e-01
-5.450283e-01
-4.427777e-01
-4.060576e-01
-3.617731e-01
-2.734907e-01
-3.669183e-01
-3.197999e-01
-4.423713e-01
-3.833527e-01
-4.145426e-01
-2.877872e-01
-4.239093e-01
-3.977039e-01
-3.952707e-01
-4.273551e-01
-4.836619e-01
-4.538213e-01
-3.764168e-01
-4.158893e-01
-4.209460e-01
-4.270672e-01
-3.669800e-01
-4.131024e-01
-3.875957e-01
-4.965872e-01
-4.775099e-01
-4.446239e-01
-4.636842e-01
-3.724226e-01
-3.671979e-01
-4.504256e-01
-3.737276e-01
-3.824486e-01
-3.853909e-01
-3.781008e-01
-3.442978e-01
-3.699761e-01
-3.403619e-01
-3.826081e-01
-3.862717e-01
-4.221131e-01
-5.125503e-01
-4.827906e-01
-5.055538e-01
-3.894442e-01
-3.587578e-01
-3.590284e-01
-3.306200e-01
-3.538530e-01
-3.288767e-01
-3.675491e-01
-4.436604e-01
-4.152088e-01
-3.772367e-01
-4.416237e-01
-3.741468e-01
-3.754992e-01
-4.007346e-01
-4.903905e-01
-4.537103e-01
-4.372118e-01
-4.028958e-01
-4.151685e-01
-4.217124e-01
-4.262908e-01
