0.97
0.97
0.97
0.97
0.97
0.97
0.970001
0.970001
0.970001
0.970001
0.970002
0.970002
0.970002
0.970003
0.970003
0.970004
0.970004
0.970005
0.970005
0.970006
0.970007
0.970007
0.970008
0.970009
0.97001
0.97001
0.970011
0.970012
0.970013
0.970014
0.970015
0.970016
0.970017
0.970018
0.970019
0.970021
0.970022
0.970023
0.970024
0.970026
0.970027
0.970028
0.97003
0.970031
0.970032
0.970034
0.970035
0.970037
0.970039
0.97004
0.970042
0.970044
0.970045
0.970047
0.970049
0.970051
0.970053
0.970054
0.970056
0.970058
0.97006
0.970062
0.970064
0.970067
0.970069
0.970071
0.970073
0.970075
0.970078
0.97008
0.970082
0.970084
0.970087
0.970089
0.970092
0.970094
0.970097
0.970099
0.970102
0.970105
0.970107
0.97011
0.970113
0.970116
0.970118
0.970121
0.970124
0.970127
0.97013
0.970133
0.970136
0.970139
0.970142
0.970145
0.970148
0.970151
0.970155
0.970158
0.970161
0.970164
0.970168
0.970171
0.970175
0.970178
0.970182
0.970185
0.970189
0.970192
0.970196
0.9702
0.970203
0.970207
0.970211
0.970215
0.970218
0.970222
0.970226
0.97023
0.970234
0.970238
0.970242
0.970246
0.97025
0.970254
0.970259
0.970263
0.970267
0.970271
0.970276
0.97028
0.970285
0.970289
0.970293
0.970298
0.970302
0.970307
0.970312
0.970316
0.970321
0.970326
0.970331
0.970335
0.97034
0.970345
0.97035
0.970355
0.97036
0.970365
0.97037
0.970375
0.97038
0.970385
0.970391
0.970396
0.970401
0.970407
0.970412
0.970417
0.970423
0.970428
0.970434
0.970439
0.970445
0.970451
0.970456
0.970462
0.970468
0.970473
0.970479
0.970485
0.970491
0.970497
0.970503
0.970509
0.970515
0.970521
0.970527
0.970533
0.97054
0.970546
0.970552
0.970559
0.970565
0.970571
0.970578
0.970584
0.970591
0.970597
0.970604
0.970611
0.970617
0.970624
0.970631
0.970638
0.970644
0.970651
0.970658
0.970665
0.970672
0.970679
0.970686
0.970693
0.970701
0.970708
0.970715
0.970722
0.97073
0.970737
0.970745
0.970752
0.97076
0.970767
0.970775
0.970782
0.97079
0.970798
0.970806
0.970813
0.970821
0.970829
0.970837
0.970845
0.970853
0.970861
0.970869
0.970877
0.970886
0.970894
0.970902
0.970911
0.970919
0.970927
0.970936
0.970944
0.970953
0.970961
0.97097
0.970979
0.970988
0.970996
0.971005
0.971014
0.971023
0.971032
0.971041
0.97105
0.971059
0.971068
0.971077
0.971087
0.971096
0.971105
0.971115
0.971124
0.971133
0.971143
0.971153
0.971162
0.971172
0.971181
0.971191
0.971201
0.971211
0.971221
0.971231
0.971241
0.971251
0.971261
0.971271
0.971281
0.971291
0.971301
0.971312
0.971322
0.971333
0.971343
0.971354
0.971364
0.971375
0.971385
0.971396
0.971407
0.971418
0.971429
0.97144
0.97145
0.971461
0.971473
0.971484
0.971495
0.971506
0.971517
0.971529
0.97154
0.971551
0.971563
0.971574
0.971586
0.971598
0.971609
0.971621
0.971633
0.971645
0.971657
0.971668
0.97168
0.971693
0.971705
0.971717
0.971729
0.971741
0.971754
0.971766
0.971778
0.971791
0.971803
0.971816
0.971829
0.971841
0.971854
0.971867
0.97188
0.971893
0.971906
0.971919
0.971932
0.971945
0.971958
0.971971
0.971985
0.971998
0.972012
0.972025
0.972039
0.972052
0.972066
0.97208
0.972093
0.972107
0.972121
0.972135
0.972149
0.972163
0.972178
0.972192
0.972206
0.97222
0.972235
0.972249
0.972264
0.972278
0.972293
0.972308
0.972323
0.972337
0.972352
0.972367
0.972382
0.972398
0.972413
0.972428
0.972443
0.972459
0.972474
0.97249
0.972505
0.972521
0.972537
0.972552
0.972568
0.972584
0.9726
0.972616
0.972632
0.972648
0.972665
0.972681
0.972697
0.972714
0.97273
0.972747
0.972764
0.97278
0.972797
0.972814
0.972831
0.972848
0.972865
0.972882
0.9729
0.972917
0.972934
0.972952
0.97297
0.972987
0.973005
0.973023
0.973041
0.973059
0.973077
0.973095
0.973113
0.973131
0.973149
0.973168
0.973186
0.973205
0.973224
0.973242
0.973261
0.97328
0.973299
0.973318
0.973337
0.973357
0.973376
0.973395
0.973415
0.973434
0.973454
0.973474
0.973494
0.973513
0.973534
0.973554
0.973574
0.973594
0.973614
0.973635
0.973655
0.973676
0.973697
0.973718
0.973738
0.973759
0.973781
0.973802
0.973823
0.973844
0.973866
0.973887
0.973909
0.973931
0.973953
0.973975
0.973997
0.974019
0.974041
0.974064
0.974086
0.974109
0.974131
0.974154
0.974177
0.9742
0.974223
0.974246
0.974269
0.974293
0.974316
0.97434
0.974363
0.974387
0.974411
0.974435
0.974459
0.974484
0.974508
0.974533
0.974557
0.974582
0.974607
0.974632
0.974657
0.974682
0.974707
0.974733
0.974758
0.974784
0.97481
0.974835
0.974861
0.974888
0.974914
0.97494
0.974967
0.974993
0.97502
0.975047
0.975074
0.975101
0.975128
0.975156
0.975183
0.975211
0.975239
0.975267
0.975295
0.975323
0.975352
0.97538
0.975409
0.975437
0.975466
0.975495
0.975525
0.975554
0.975583
0.975613
0.975643
0.975673
0.975703
0.975733
0.975764
0.975794
0.975825
0.975856
0.975887
0.975918
0.975949
0.975981
0.976012
0.976044
0.976076
0.976108
0.97614
0.976173
0.976205
0.976238
0.976271
0.976304
0.976338
0.976371
0.976405
0.976439
0.976473
0.976507
0.976541
0.976576
0.97661
0.976645
0.97668
0.976716
0.976751
0.976787
0.976823
0.976859
0.976895
0.976931
0.976968
0.977005
0.977042
0.977079
0.977117
0.977154
0.977192
0.97723
0.977268
0.977307
0.977345
0.977384
0.977423
0.977463
0.977502
0.977542
0.977582
0.977622
0.977663
0.977703
0.977744
0.977785
0.977827
0.977868
0.97791
0.977952
0.977994
0.978037
0.97808
0.978123
0.978166
0.97821
0.978253
0.978297
0.978342
0.978386
0.978431
0.978476
0.978521
0.978567
0.978613
0.978659
0.978705
0.978752
0.978799
0.978846
0.978893
0.978941
0.978989
0.979038
0.979086
0.979135
0.979184
0.979234
0.979284
0.979334
0.979384
0.979435
0.979486
0.979537
0.979589
0.979641
0.979693
0.979746
0.979799
0.979852
0.979906
0.97996
0.980014
0.980069
0.980124
0.980179
0.980234
0.98029
0.980347
0.980403
0.98046
0.980518
0.980576
0.980634
0.980692
0.980751
0.98081
0.98087
0.98093
0.98099
0.981051
0.981112
0.981174
0.981236
0.981298
0.981361
0.981424
0.981487
0.981551
0.981616
0.98168
0.981745
0.981811
0.981877
0.981944
0.98201
0.982078
0.982145
0.982214
0.982282
0.982351
0.982421
0.982491
0.982561
0.982632
0.982703
0.982775
0.982848
0.98292
0.982993
0.983067
0.983141
0.983216
0.983291
0.983367
0.983443
0.983519
0.983597
0.983674
0.983752
0.983831
0.98391
0.983989
0.98407
0.98415
0.984231
0.984313
0.984395
0.984478
0.984561
0.984645
0.984729
0.984814
0.984899
0.984985
0.985071
0.985158
0.985246
0.985334
0.985422
0.985511
0.985601
0.985691
0.985781
0.985873
0.985964
0.986056
0.986149
0.986242
0.986336
0.986431
0.986525
0.986621
0.986717
0.986813
0.98691
0.987008
0.987105
0.987204
0.987303
0.987402
0.987502
0.987603
0.987703
0.987805
0.987907
0.988009
0.988111
0.988214
0.988318
0.988422
0.988526
0.988631
0.988736
0.988841
0.988947
0.989053
0.989159
0.989266
0.989373
0.98948
0.989588
0.989695
0.989803
0.989911
0.990019
0.990127
0.990236
0.990344
0.990452
0.990561
0.990669
0.990777
0.990885
0.990993
0.991101
0.991208
0.991315
0.991422
0.991529
0.991635
0.99174
0.991845
0.991949
0.992053
0.992156
0.992258
0.992359
0.992459
0.992558
0.992656
0.992753
0.992849
0.992943
0.993035
0.993126
0.993216
0.993303
0.993389
0.993472
0.993554
0.993633
0.993709
0.993783
0.993855
0.993923
0.993989
0.994051
0.99411
0.994165
0.994217
0.994265
0.994309
0.994348
0.994383
0.994413
0.994438
0.994458
0.994473
0.994482
0.994485
0.994482
0.994472
0.994456
0.994432
0.994401
0.994363
0.994317
0.994262
0.994199
0.994127
0.994045
0.993955
0.993854
0.993742
0.99362
0.993488
0.993343
0.993187
0.993019
0.992838
0.992644
0.992437
0.992216
0.991981
0.991731
0.991467
0.991187
0.990893
0.990582
0.990255
0.989912
0.989551
0.989174
0.98878
0.988368
0.987939
0.987492
0.987028
0.986545
0.986045
0.985526
0.984991
0.984437
0.983867
0.983279
0.982675
0.982055
0.981419
0.980768
0.980103
0.979425
0.978733
0.97803
0.977317
0.976594
0.975864
0.975126
0.974383
0.973637
0.972889
0.97214
0.971393
0.97065
0.969912
0.969182
0.968462
0.967754
0.967061
0.966383
0.965725
0.965088
0.964474
0.963886
0.963326
0.962795
0.962297
0.961833
0.961405
0.961014
0.960663
0.960352
0.960084
0.959858
0.959677
0.95954
0.959449
0.959403
0.959403
0.959449
0.95954
0.959676
0.959856
0.960079
0.960344
0.960649
0.960993
0.961375
0.961792
0.962242
0.962724
0.963235
0.963773
0.964335
0.964919
0.965523
0.966144
0.966779
0.967426
0.968083
0.968746
0.969415
0.970085
0.970755
0.971423
0.972087
0.972744
0.973392
0.974031
0.974657
0.97527
0.975868
0.976449
0.977013
0.977557
0.978082
0.978586
0.979069
0.97953
0.979968
0.980382
0.980774
0.981141
0.981485
0.981805
0.982102
0.982375
0.982624
0.982851
0.983056
0.983239
0.9834
0.983541
0.983662
0.983764
0.983849
0.983916
0.983967
0.984002
0.984024
0.984034
0.984031
0.984018
0.983996
0.983967
0.98393
0.983889
0.983844
0.983796
0.983747
0.983699
0.983652
0.983608
0.983568
0.983534
0.983506
0.983487
0.983477
0.983477
0.983489
0.983513
0.983551
0.983603
0.983671
0.983754
0.983855
0.983973
0.98411
0.984265
0.984439
0.984632
0.984845
0.985077
0.98533
0.985602
0.985894
0.986206
0.986537
0.986887
0.987255
0.987642
0.988047
0.988469
0.988907
0.989361
0.98983
0.990314
0.990811
0.991321
0.991843
0.992376
0.992919
0.993472
0.994032
0.9946
0.995175
0.995755
0.99634
0.996929
0.997521
0.998115
0.99871
0.999306
0.999901
1.0005
1.00109
1.00168
1.00226
1.00285
1.00343
1.004
1.00457
1.00513
1.00569
1.00624
1.00678
1.00731
1.00784
1.00836
1.00887
1.00937
1.00986
1.01034
1.01082
1.01128
1.01173
1.01218
1.01261
1.01303
1.01345
1.01385
1.01425
1.01463
1.015
1.01537
1.01572
1.01606
1.01639
1.01672
1.01703
1.01733
1.01763
1.01791
1.01818
1.01845
1.0187
1.01895
1.01918
1.01941
1.01962
1.01983
1.02003
1.02022
1.0204
1.02057
1.02073
1.02088
1.02102
1.02116
1.02128
1.0214
1.02151
1.02161
1.0217
1.02178
1.02185
1.02192
1.02197
1.02202
1.02206
1.02208
1.0221
1.02211
1.02212
1.02211
1.02209
1.02207
1.02203
1.02199
1.02194
1.02188
1.02181
1.02172
1.02163
1.02153
1.02143
1.02131
1.02118
1.02104
1.02089
1.02073
1.02056
1.02038
1.02019
1.01999
1.01978
1.01956
1.01933
1.01909
1.01884
1.01858
1.0183
1.01802
1.01772
1.01742
1.0171
1.01677
1.01643
1.01609
1.01573
1.01536
1.01497
1.01458
1.01418
1.01377
1.01335
1.01291
1.01247
1.01202
1.01156
1.01109
1.01061
1.01012
1.00962
1.00912
1.0086
1.00808
1.00755
1.00702
1.00648
1.00593
1.00538
1.00482
1.00425
1.00369
1.00311
1.00254
1.00196
1.00138
1.0008
1.00022
0.99964
0.999058
0.998477
0.997898
0.99732
0.996746
0.996175
0.995608
0.995045
0.994488
0.993937
0.993392
0.992855
0.992326
0.991805
0.991293
0.990791
0.990299
0.989818
0.989348
0.988891
0.988445
0.988013
0.987595
0.98719
0.9868
0.986424
0.986064
0.98572
0.985392
0.98508
0.984785
0.984507
0.984246
0.984003
0.983778
0.983572
0.983383
0.983213
0.983062
0.98293
0.982817
0.982723
0.982648
0.982592
0.982556
0.98254
0.982543
0.982565
0.982608
0.982669
0.98275
0.982851
0.982971
0.983111
0.98327
0.983448
0.983645
0.983861
0.984096
0.98435
0.984623
0.984913
0.985222
0.985549
0.985894
0.986257
0.986637
0.987034
0.987448
0.987878
0.988325
0.988788
0.989267
0.989761
0.99027
0.990794
0.991332
0.991885
0.992451
0.99303
0.993622
0.994226
0.994842
0.99547
0.996108
0.996758
0.997417
0.998086
0.998764
0.99945
1.00014
1.00085
1.00156
1.00227
1.00299
1.00372
1.00445
1.00519
1.00593
1.00667
1.00742
1.00817
1.00892
1.00967
1.01042
1.01117
1.01192
1.01267
1.01342
1.01417
1.01491
1.01565
1.01639
1.01713
1.01786
1.01858
1.0193
1.02002
1.02073
1.02143
1.02213
1.02282
1.02351
1.02418
1.02485
1.02552
1.02617
1.02682
1.02745
1.02808
1.0287
1.02931
1.02992
1.03051
1.0311
1.03167
1.03224
1.03279
1.03334
1.03388
1.03441
1.03493
1.03544
1.03594
1.03643
1.03691
1.03738
1.03784
1.0383
1.03874
1.03918
1.0396
1.04002
1.04043
1.04083
1.04122
1.0416
1.04197
1.04234
1.0427
1.04304
1.04338
1.04372
1.04404
1.04436
1.04467
1.04497
1.04526
1.04555
1.04583
1.0461
1.04636
1.04662
1.04687
1.04712
1.04736
1.04759
1.04781
1.04803
1.04824
1.04845
1.04865
1.04884
1.04903
1.04921
1.04939
1.04956
1.04972
1.04988
1.05004
1.05018
1.05033
1.05046
1.0506
1.05072
1.05085
1.05096
1.05107
1.05118
1.05128
1.05138
1.05147
1.05155
1.05163
1.05171
1.05178
1.05185
1.05191
1.05196
1.05202
1.05206
1.0521
1.05214
1.05217
1.0522
1.05222
1.05224
1.05225
1.05226
1.05226
1.05226
1.05225
1.05224
1.05222
1.0522
1.05217
1.05214
1.0521
1.05206
1.05201
1.05196
1.05191
1.05185
1.05178
1.05171
1.05163
1.05156
1.05147
1.05138
1.05129
1.05119
1.05109
1.05098
1.05087
1.05076
1.05064
1.05052
1.05039
1.05027
1.05013
1.05
1.04986
1.04972
1.04957
1.04942
1.04927
1.04912
1.04897
1.04881
1.04866
1.0485
1.04834
1.04818
1.04802
1.04786
1.0477
1.04754
1.04738
1.04722
1.04707
1.04691
1.04676
1.04661
1.04647
1.04632
1.04618
1.04605
1.04591
1.04579
1.04566
1.04554
1.04543
1.04533
1.04523
1.04513
1.04505
1.04497
1.04489
1.04483
1.04477
1.04472
1.04468
1.04465
1.04463
1.04461
1.04461
1.04461
1.04463
1.04465
1.04468
1.04472
1.04477
1.04483
1.04491
1.04499
1.04507
1.04517
1.04528
1.0454
1.04552
1.04566
1.0458
1.04596
1.04612
1.04629
1.04646
1.04665
1.04684
1.04704
1.04724
1.04745
1.04767
1.04789
1.04812
1.04836
1.0486
1.04884
1.04909
1.04934
1.04959
1.04985
1.05012
1.05038
1.05065
1.05092
1.05119
1.05146
1.05174
1.05201
1.05229
1.05256
1.05284
1.05312
1.0534
1.05368
1.05395
1.05423
1.05451
1.05479
1.05506
1.05534
1.05561
1.05588
1.05616
1.05643
1.0567
1.05697
1.05723
1.0575
1.05777
1.05803
1.05829
1.05856
1.05882
1.05908
1.05934
1.0596
1.05986
1.06011
1.06037
1.06063
1.06088
1.06114
1.06139
1.06165
1.0619
1.06216
1.06241
1.06267
1.06292
1.06318
1.06343
1.06368
1.06394
1.06419
1.06445
1.0647
1.06496
1.06521
1.06547
1.06573
1.06598
1.06624
1.0665
1.06675
1.06701
1.06727
1.06752
1.06778
1.06804
1.0683
1.06855
1.06881
1.06907
1.06932
1.06958
1.06984
1.07009
1.07034
1.0706
1.07085
1.0711
1.07135
1.0716
1.07185
1.0721
1.07234
1.07259
1.07283
1.07307
1.07331
1.07355
1.07378
1.07401
1.07425
1.07448
1.0747
1.07493
1.07515
1.07537
1.07559
1.07581
1.07603
1.07624
1.07645
1.07666
1.07686
1.07707
1.07727
1.07747
1.07766
1.07786
1.07805
1.07824
1.07843
1.07862
1.07881
1.07899
1.07917
1.07935
1.07953
1.07971
1.07989
1.08007
1.08024
1.08042
1.08059
1.08076
1.08094
1.08111
1.08128
1.08145
1.08162
1.08179
1.08197
1.08214
1.08231
1.08249
1.08266
1.08284
1.08301
1.08319
1.08337
1.08355
1.08373
1.08391
1.0841
1.08429
1.08448
1.08467
1.08486
1.08505
1.08525
1.08545
1.08565
1.08586
1.08606
1.08627
1.08648
1.0867
1.08691
1.08713
1.08735
1.08758
1.08781
1.08804
1.08827
1.0885
1.08874
1.08898
1.08922
1.08947
1.08972
1.08997
1.09022
1.09047
1.09073
1.09099
1.09125
1.09151
1.09178
1.09205
1.09232
1.09259
1.09286
1.09314
1.09341
1.09369
1.09397
1.09425
1.09453
1.09481
1.0951
1.09538
1.09567
1.09595
1.09624
1.09653
1.09682
1.0971
1.09739
1.09768
1.09797
1.09826
1.09855
1.09884
1.09913
1.09942
1.09971
1.1
1.10029
1.10058
1.10086
1.10115
1.10144
1.10172
1.10201
1.10229
1.10257
1.10286
1.10314
1.10341
1.10369
1.10397
1.10424
1.10452
1.10479
1.10506
1.10533
1.10559
1.10586
1.10612
1.10638
1.10664
1.1069
1.10715
1.1074
1.10765
1.1079
1.10815
1.10839
1.10863
1.10886
1.1091
1.10933
1.10956
1.10978
1.11
1.11022
1.11044
1.11065
1.11086
1.11106
1.11126
1.11146
1.11165
1.11184
1.11203
1.11221
1.11239
1.11256
1.11273
1.11289
1.11305
1.11321
1.11336
1.11351
1.11365
1.11378
1.11392
1.11404
1.11417
1.11428
1.1144
1.1145
1.11461
1.1147
1.11479
1.11488
1.11496
1.11504
1.11511
1.11517
1.11523
1.11529
1.11533
1.11538
1.11541
1.11545
1.11547
1.11549
1.11551
1.11552
1.11552
1.11552
1.11551
1.1155
1.11548
1.11546
1.11543
1.1154
1.11536
1.11532
1.11527
1.11521
1.11515
1.11509
1.11502
1.11495
1.11487
1.11478
1.1147
1.1146
1.11451
1.11441
1.11431
1.1142
1.11409
1.11397
1.11385
1.11373
1.11361
1.11348
1.11335
1.11321
1.11308
1.11294
1.1128
1.11266
1.11251
1.11237
1.11222
1.11207
1.11192
1.11177
1.11162
1.11147
1.11132
1.11117
1.11102
1.11087
1.11072
1.11057
1.11042
1.11027
1.11012
1.10998
1.10983
1.10969
1.10955
1.10941
1.10928
1.10914
1.10901
1.10888
1.10876
1.10864
1.10852
1.1084
1.10829
1.10818
1.10807
1.10797
1.10787
1.10778
1.10768
1.1076
1.10751
1.10744
1.10736
1.10729
1.10722
1.10716
1.1071
1.10705
1.10699
1.10695
1.1069
1.10687
1.10683
1.1068
1.10677
1.10675
1.10673
1.10671
1.1067
1.10668
1.10668
1.10667
1.10667
1.10667
1.10667
1.10668
1.10669
1.1067
1.10671
1.10672
1.10674
1.10675
1.10677
1.10679
1.10681
1.10683
1.10685
1.10687
1.1069
1.10692
1.10694
1.10696
1.10698
1.107
1.10702
1.10703
1.10705
1.10707
1.10708
1.10709
1.1071
1.10711
1.10712
1.10712
1.10712
1.10712
1.10712
1.10711
1.1071
1.10709
1.10708
1.10706
1.10704
1.10702
1.10699
1.10696
1.10693
1.10689
1.10685
1.10681
1.10676
1.10672
1.10666
1.10661
1.10655
1.10649
1.10643
1.10636
1.10629
1.10622
1.10614
1.10607
1.10599
1.10591
1.10582
1.10574
1.10565
1.10556
1.10547
1.10538
1.10528
1.10519
1.1051
1.105
1.1049
1.10481
1.10471
1.10462
1.10452
1.10443
1.10433
1.10424
1.10415
1.10406
1.10397
1.10388
1.1038
1.10371
1.10363
1.10356
1.10348
1.10341
1.10334
1.10328
1.10322
1.10316
1.10311
1.10306
1.10302
1.10298
1.10295
1.10292
1.10289
1.10288
1.10286
1.10285
1.10285
1.10286
1.10287
1.10288
1.10291
1.10294
1.10297
1.10301
1.10306
1.10312
1.10318
1.10325
1.10332
1.10341
1.1035
1.10359
1.1037
1.10381
1.10392
1.10405
1.10418
1.10432
1.10446
1.10462
1.10477
1.10494
1.10511
1.10529
1.10548
1.10567
1.10587
1.10608
1.10629
1.10651
1.10674
1.10697
1.10721
1.10745
1.1077
1.10796
1.10822
1.10849
1.10876
1.10904
1.10933
1.10962
1.10991
1.11021
1.11052
1.11083
1.11114
1.11146
1.11178
1.11211
1.11244
1.11277
1.11311
1.11346
1.1138
1.11415
1.1145
1.11486
1.11522
1.11558
1.11594
1.11631
1.11668
1.11705
1.11742
1.1178
1.11818
1.11856
1.11894
1.11932
1.1197
1.12008
1.12047
1.12086
1.12124
1.12163
1.12202
1.12241
1.12279
1.12318
1.12357
1.12396
1.12434
1.12473
1.12512
1.1255
1.12589
1.12627
1.12666
1.12704
1.12742
1.1278
1.12817
1.12855
1.12892
1.1293
1.12967
1.13004
1.1304
1.13077
1.13113
1.13149
1.13185
1.1322
1.13256
1.13291
1.13325
1.1336
1.13394
1.13428
1.13461
1.13495
1.13528
1.1356
1.13593
1.13625
1.13656
1.13688
1.13719
1.13749
1.13779
1.13809
1.13839
1.13868
1.13897
1.13925
1.13953
1.13981
1.14008
1.14035
1.14062
1.14088
1.14114
1.14139
1.14164
1.14188
1.14212
1.14236
1.14259
1.14282
1.14305
1.14327
1.14348
1.14369
1.1439
1.1441
1.1443
1.14449
1.14468
1.14487
1.14505
1.14523
1.1454
1.14557
1.14573
1.14589
1.14605
1.1462
1.14635
1.14649
1.14663
1.14676
1.14689
1.14701
1.14713
1.14725
1.14736
1.14747
1.14757
1.14767
1.14777
1.14786
1.14795
1.14803
1.14811
1.14818
1.14825
1.14832
1.14838
1.14844
1.1485
1.14855
1.14859
1.14864
1.14868
1.14871
1.14875
1.14877
1.1488
1.14882
1.14884
1.14885
1.14886
1.14887
1.14887
1.14887
1.14887
1.14886
1.14885
1.14884
1.14883
1.14881
1.14879
1.14876
1.14873
1.1487
1.14867
1.14863
1.1486
1.14855
1.14851
1.14846
1.14841
1.14836
1.14831
1.14825
1.14819
1.14813
1.14807
1.148
1.14793
1.14786
1.14779
1.14771
1.14763
1.14755
1.14747
1.14739
1.1473
1.14721
1.14712
1.14703
1.14693
1.14684
1.14674
1.14664
1.14653
1.14643
1.14632
1.14621
1.1461
1.14598
1.14587
1.14575
1.14563
1.1455
1.14538
1.14525
1.14512
1.14499
1.14485
1.14471
1.14457
1.14443
1.14428
1.14413
1.14398
1.14382
1.14366
1.1435
1.14334
1.14317
1.143
1.14282
1.14264
1.14246
1.14227
1.14208
1.14189
1.14169
1.14149
1.14128
1.14107
1.14085
1.14063
1.14041
1.14018
1.13995
1.13971
1.13946
1.13921
1.13896
1.1387
1.13844
1.13817
1.13789
1.13761
1.13733
1.13704
1.13674
1.13644
1.13614
1.13582
1.13551
1.13519
1.13486
1.13453
1.13419
1.13385
1.1335
1.13315
1.1328
1.13244
1.13207
1.13171
1.13134
1.13096
1.13059
1.13021
1.12983
1.12944
1.12906
1.12867
1.12829
1.1279
1.12751
1.12713
1.12674
1.12636
1.12598
1.1256
1.12522
1.12485
1.12449
1.12413
1.12377
1.12342
1.12308
1.12275
1.12242
1.12211
1.1218
1.12151
1.12123
1.12096
1.1207
1.12046
1.12023
1.12001
1.11981
1.11963
1.11946
1.11931
1.11918
1.11906
1.11897
1.11889
1.11883
1.11879
1.11878
1.11878
1.1188
1.11884
1.1189
1.11898
1.11908
1.1192
1.11934
1.1195
1.11968
1.11988
1.1201
1.12034
1.12059
1.12087
1.12115
1.12146
1.12178
1.12212
1.12247
1.12283
1.12321
1.1236
1.12401
1.12442
1.12484
1.12528
1.12572
1.12617
1.12663
1.12709
1.12756
1.12803
1.12851
1.129
1.12948
1.12997
1.13046
1.13094
1.13143
1.13192
1.13241
1.1329
1.13338
1.13386
1.13434
1.13481
1.13528
1.13574
1.1362
1.13666
1.13711
1.13755
1.13798
1.13841
1.13883
1.13925
1.13966
1.14005
1.14045
1.14083
1.1412
1.14157
1.14193
1.14228
1.14262
1.14295
1.14328
1.14359
1.1439
1.14419
1.14448
1.14476
1.14503
1.14529
1.14555
1.14579
1.14603
1.14625
1.14647
1.14668
1.14688
1.14708
1.14726
1.14744
1.1476
1.14776
1.14792
1.14806
1.1482
1.14833
1.14845
1.14856
1.14867
1.14877
1.14886
1.14894
1.14902
1.14909
1.14915
1.14921
1.14926
1.1493
1.14933
1.14936
1.14939
1.1494
1.14941
1.14942
1.14941
1.1494
1.14939
1.14937
1.14934
1.14931
1.14927
1.14923
1.14918
1.14912
1.14906
1.149
1.14892
1.14885
1.14877
1.14868
1.14858
1.14849
1.14838
1.14827
1.14816
1.14804
1.14792
1.14779
1.14766
1.14752
1.14738
1.14723
1.14707
1.14692
1.14675
1.14659
1.14642
1.14624
1.14606
1.14587
1.14569
1.14549
1.14529
1.14509
1.14488
1.14467
1.14445
1.14423
1.14401
1.14378
1.14355
1.14331
1.14307
1.14282
1.14257
1.14232
1.14206
1.1418
1.14153
1.14126
1.14099
1.14071
1.14043
1.14014
1.13985
1.13956
1.13926
1.13896
1.13865
1.13834
1.13803
1.13771
1.13739
1.13707
1.13674
1.13641
1.13607
1.13574
1.13539
1.13505
1.1347
1.13435
1.13399
1.13363
1.13327
1.13291
1.13254
1.13217
1.13179
1.13141
1.13103
1.13065
1.13027
1.12988
1.12949
1.12909
1.1287
1.1283
1.1279
1.1275
1.12709
1.12669
1.12628
1.12588
1.12547
1.12506
1.12465
1.12424
1.12383
1.12342
1.12302
1.12261
1.1222
1.1218
1.1214
1.121
1.1206
1.12021
1.11982
1.11943
1.11905
1.11868
1.11831
1.11795
1.11759
1.11724
1.1169
1.11657
1.11624
1.11593
1.11562
1.11533
1.11504
1.11477
1.11452
1.11427
1.11404
1.11382
1.11362
1.11343
1.11326
1.1131
1.11296
1.11284
1.11273
1.11264
1.11257
1.11252
1.11249
1.11247
1.11248
1.1125
1.11255
1.11261
1.11269
1.11279
1.11291
1.11305
1.11321
1.11339
1.11358
1.1138
1.11403
1.11428
1.11455
1.11483
1.11513
1.11545
1.11578
1.11612
1.11648
1.11685
1.11724
1.11764
1.11805
1.11847
1.11889
1.11933
1.11978
1.12024
1.1207
1.12117
1.12164
1.12212
1.12261
1.1231
1.12359
1.12408
1.12458
1.12508
1.12557
1.12607
1.12657
1.12707
1.12756
1.12806
1.12855
1.12904
1.12952
1.13
1.13048
1.13095
1.13142
1.13189
1.13235
1.1328
1.13325
1.13369
1.13413
1.13456
1.13498
1.1354
1.13581
1.13621
1.13661
1.137
1.13738
1.13776
1.13813
1.13849
1.13885
1.1392
1.13954
1.13988
1.14021
1.14053
1.14085
1.14116
1.14146
1.14176
1.14205
1.14234
1.14261
1.14289
1.14315
1.14342
1.14367
1.14392
1.14417
1.14441
1.14464
1.14487
1.1451
1.14532
1.14554
1.14575
1.14595
1.14616
1.14635
1.14655
1.14674
1.14693
1.14711
1.14729
1.14747
1.14764
1.14781
1.14797
1.14814
1.1483
1.14846
1.14861
1.14876
1.14891
1.14906
1.1492
1.14935
1.14949
1.14963
1.14976
1.1499
1.15003
1.15016
1.15029
1.15041
1.15054
1.15066
1.15078
1.1509
1.15102
1.15114
1.15125
1.15137
1.15148
1.15159
1.1517
1.15181
1.15192
1.15203
1.15213
1.15224
1.15234
1.15245
1.15255
1.15265
1.15275
1.15285
1.15295
1.15305
1.15314
1.15324
1.15333
1.15343
1.15352
1.15362
1.15371
1.1538
1.15389
1.15398
1.15407
1.15416
1.15425
1.15433
1.15442
1.15451
1.15459
1.15467
1.15476
1.15484
1.15492
1.15501
1.15509
1.15517
1.15525
1.15533
1.15541
1.15548
1.15556
1.15564
1.15571
1.15579
1.15586
1.15594
1.15601
1.15609
1.15616
1.15623
1.1563
1.15637
1.15644
1.15651
1.15658
1.15665
1.15671
1.15678
1.15684
1.15691
1.15697
1.15704
1.1571
1.15716
1.15723
1.15729
1.15735
1.15741
1.15747
1.15753
1.15759
1.15764
1.1577
1.15776
1.15781
1.15787
1.15792
1.15798
1.15803
1.15808
1.15814
1.15819
1.15824
1.15829
1.15834
1.15839
1.15844
1.15849
1.15854
1.15858
1.15863
1.15868
1.15872
1.15877
1.15881
1.15886
1.1589
1.15895
1.15899
1.15903
1.15907
1.15912
1.15916
1.1592
1.15924
1.15928
1.15932
1.15936
1.1594
1.15944
1.15948
1.15952
1.15955
1.15959
1.15963
1.15967
1.15971
1.15974
1.15978
1.15982
1.15985
1.15989
1.15992
1.15996
1.16
1.16003
1.16007
1.1601
1.16014
1.16017
1.16021
1.16024
1.16028
1.16031
1.16034
1.16038
1.16041
1.16045
1.16048
1.16051
1.16055
1.16058
1.16061
1.16065
1.16068
1.16071
1.16074
1.16078
1.16081
1.16084
1.16087
1.1609
1.16093
1.16096
1.16099
1.16102
1.16105
1.16108
1.16111
1.16114
1.16116
1.16119
1.16122
1.16124
1.16126
1.16129
1.16131
1.16133
1.16135
1.16137
1.16138
1.1614
1.16141
1.16143
1.16144
1.16145
1.16146
1.16146
1.16147
1.16147
1.16147
1.16147
1.16146
1.16145
1.16145
1.16143
1.16142
1.1614
1.16138
1.16135
1.16132
1.16129
1.16126
1.16122
1.16118
1.16113
1.16108
1.16102
1.16096
1.1609
1.16083
1.16075
1.16067
1.16059
1.1605
1.16041
1.1603
1.1602
1.16008
1.15997
1.15984
1.15971
1.15957
1.15943
1.15927
1.15912
1.15895
1.15878
1.1586
1.15841
1.15821
1.15801
1.1578
1.15758
1.15735
1.15711
1.15687
1.15661
1.15635
1.15608
1.1558
1.15551
1.15521
1.1549
1.15459
1.15426
1.15393
1.15358
1.15323
1.15286
1.15249
1.1521
1.15171
1.15131
1.15089
1.15047
1.15004
1.14959
1.14914
1.14868
1.1482
1.14772
1.14723
1.14673
1.14621
1.14569
1.14516
1.14462
1.14406
1.1435
1.14293
1.14235
1.14176
1.14117
1.14056
1.13994
1.13932
1.13868
1.13804
1.13739
1.13673
1.13606
1.13539
1.13471
1.13402
1.13332
1.13261
1.1319
1.13118
1.13046
1.12973
1.12899
1.12825
1.12751
1.12675
1.126
1.12524
1.12447
1.12371
1.12294
1.12217
1.12139
1.12062
1.11984
1.11906
1.11829
1.11751
1.11674
1.11597
1.1152
1.11443
1.11367
1.11291
1.11216
1.11141
1.11067
1.10994
1.10922
1.10851
1.1078
1.10711
1.10643
1.10577
1.10511
1.10448
1.10386
1.10325
1.10267
1.1021
1.10155
1.10102
1.10052
1.10003
1.09958
1.09914
1.09873
1.09835
1.09799
1.09766
1.09736
1.09709
1.09684
1.09663
1.09645
1.0963
1.09618
1.0961
1.09605
1.09603
1.09604
1.09609
1.09617
1.09629
1.09644
1.09662
1.09684
1.09709
1.09738
1.0977
1.09805
1.09843
1.09885
1.0993
1.09978
1.10029
1.10083
1.1014
1.102
1.10262
1.10327
1.10395
1.10465
1.10538
1.10613
1.10691
1.1077
1.10852
1.10936
1.11021
1.11108
1.11197
1.11287
1.11379
1.11472
1.11567
1.11662
1.11759
1.11856
1.11955
1.12054
1.12154
1.12254
1.12355
1.12456
1.12557
1.12659
1.12761
1.12862
1.12964
1.13066
1.13167
1.13268
1.13369
1.13469
1.13569
1.13668
1.13766
1.13864
1.13961
1.14057
1.14153
1.14247
1.14341
1.14433
1.14525
1.14615
1.14704
1.14792
1.14879
1.14964
1.15049
1.15132
1.15213
1.15293
1.15372
1.15449
1.15525
1.156
1.15673
1.15744
1.15814
1.15883
1.1595
1.16015
1.16079
1.16141
1.16202
1.16261
1.16319
1.16375
1.16429
1.16482
1.16533
1.16583
1.16631
1.16678
1.16723
1.16767
1.16809
1.1685
1.16889
1.16927
1.16964
1.16998
1.17032
1.17064
1.17095
1.17124
1.17152
1.17179
1.17205
1.17229
1.17252
1.17274
1.17295
1.17314
1.17332
1.1735
1.17366
1.17381
1.17395
1.17408
1.1742
1.17431
1.17441
1.1745
1.17459
1.17466
1.17473
1.17478
1.17483
1.17488
1.17491
1.17494
1.17496
1.17498
1.17498
1.17499
1.17498
1.17497
1.17495
1.17493
1.1749
1.17487
1.17483
1.17479
1.17474
1.17469
1.17463
1.17457
1.17451
1.17444
1.17436
1.17429
1.17421
1.17412
1.17403
1.17394
1.17384
1.17374
1.17364
1.17353
1.17342
1.17331
1.17319
1.17307
1.17295
1.17282
1.17269
1.17256
1.17242
1.17228
1.17214
1.17199
1.17184
1.17168
1.17153
1.17137
1.1712
1.17103
1.17086
1.17069
1.17051
1.17033
1.17014
1.16995
1.16976
1.16956
1.16936
1.16916
1.16895
1.16874
1.16853
1.16831
1.16808
1.16786
1.16763
1.1674
1.16716
1.16692
1.16668
1.16643
1.16618
1.16593
1.16568
1.16542
1.16516
1.16489
1.16463
1.16436
1.16409
1.16381
1.16354
1.16326
1.16298
1.1627
1.16242
1.16214
1.16186
1.16157
1.16129
1.16101
1.16073
1.16044
1.16016
1.15988
1.1596
1.15933
1.15905
1.15878
1.15851
1.15824
1.15798
1.15772
1.15747
1.15722
1.15698
1.15674
1.1565
1.15628
1.15606
1.15584
1.15564
1.15544
1.15525
1.15507
1.1549
1.15473
1.15458
1.15443
1.1543
1.15418
1.15406
1.15396
1.15387
1.15379
1.15373
1.15367
1.15363
1.1536
1.15358
1.15357
1.15358
1.1536
1.15363
1.15367
1.15373
1.1538
1.15389
1.15398
1.15409
1.15421
1.15435
1.15449
1.15465
1.15482
1.155
1.15519
1.15539
1.15561
1.15583
1.15607
1.15631
1.15656
1.15683
1.1571
1.15738
1.15766
1.15796
1.15826
1.15856
1.15888
1.1592
1.15952
1.15985
1.16018
1.16052
1.16086
1.1612
1.16155
1.16189
1.16224
1.16259
1.16294
1.16329
1.16364
1.16399
1.16434
1.16469
1.16503
1.16538
1.16572
1.16606
1.16639
1.16672
1.16705
1.16737
1.16769
1.16801
1.16831
1.16862
1.16892
1.16921
1.16949
1.16977
1.17005
1.17031
1.17057
1.17083
1.17107
1.17131
1.17154
1.17177
1.17198
1.17219
1.17239
1.17258
1.17277
1.17294
1.17311
1.17327
1.17342
1.17356
1.1737
1.17382
1.17394
1.17405
1.17415
1.17424
1.17432
1.17439
1.17446
1.17451
1.17456
1.1746
1.17463
1.17465
1.17467
1.17467
1.17467
1.17466
1.17464
1.17461
1.17457
1.17453
1.17448
1.17442
1.17435
1.17428
1.17419
1.1741
1.17401
1.1739
1.17379
1.17368
1.17355
1.17342
1.17329
1.17314
1.17299
1.17284
1.17268
1.17251
1.17234
1.17217
1.17199
1.17181
1.17162
1.17143
1.17123
1.17103
1.17083
1.17062
1.17042
1.17021
1.16999
1.16978
1.16957
1.16935
1.16913
1.16892
1.1687
1.16848
1.16826
1.16805
1.16783
1.16762
1.16741
1.1672
1.167
1.16679
1.16659
1.1664
1.1662
1.16601
1.16583
1.16565
1.16548
1.16531
1.16515
1.16499
1.16484
1.1647
1.16456
1.16443
1.16431
1.16419
1.16409
1.16399
1.1639
1.16381
1.16374
1.16368
1.16362
1.16357
1.16354
1.16351
1.16349
1.16348
1.16348
1.16349
1.16351
1.16354
1.16358
1.16363
1.16369
1.16376
1.16384
1.16392
1.16402
1.16413
1.16424
1.16436
1.1645
1.16464
1.16479
1.16494
1.16511
1.16528
1.16547
1.16565
1.16585
1.16605
1.16626
1.16648
1.1667
1.16693
1.16716
1.1674
1.16765
1.16789
1.16815
1.1684
1.16867
1.16893
1.1692
1.16947
1.16974
1.17002
1.1703
1.17058
1.17086
1.17114
1.17143
1.17171
1.172
1.17228
1.17257
1.17285
1.17314
1.17342
1.1737
1.17399
1.17427
1.17455
1.17482
1.1751
1.17537
1.17564
1.17591
1.17618
1.17644
1.1767
1.17696
1.17722
1.17747
1.17772
1.17796
1.1782
1.17844
1.17867
1.17891
1.17913
1.17936
1.17957
1.17979
1.18
1.18021
1.18041
1.18061
1.18081
1.181
1.18119
1.18137
1.18155
1.18172
1.18189
1.18206
1.18222
1.18238
1.18254
1.18269
1.18284
1.18298
1.18312
1.18326
1.18339
1.18352
1.18364
1.18376
1.18388
1.18399
1.1841
1.18421
1.18431
1.18441
1.18451
1.1846
1.18469
1.18477
1.18486
1.18493
1.18501
1.18508
1.18515
1.18522
1.18528
1.18534
1.1854
1.18546
1.18551
1.18556
1.1856
1.18564
1.18568
1.18572
1.18575
1.18579
1.18582
1.18584
1.18586
1.18588
1.1859
1.18592
1.18593
1.18594
1.18595
1.18595
1.18595
1.18595
1.18595
1.18595
1.18594
1.18593
1.18591
1.1859
1.18588
1.18586
1.18584
1.18581
1.18578
1.18575
1.18572
1.18569
1.18565
1.18561
1.18557
1.18552
1.18548
1.18543
1.18538
1.18532
1.18527
1.18521
1.18515
1.18509
1.18502
1.18495
1.18488
1.18481
1.18474
1.18467
1.18459
1.18451
1.18443
1.18435
1.18426
1.18418
1.18409
1.184
1.18391
1.18381
1.18372
1.18362
1.18352
1.18342
1.18332
1.18322
1.18312
1.18301
1.18291
1.1828
1.18269
1.18258
1.18247
1.18236
1.18225
1.18214
1.18202
1.18191
1.1818
1.18168
1.18157
1.18145
1.18133
1.18122
1.1811
1.18098
1.18087
1.18075
1.18063
1.18052
1.1804
1.18029
1.18017
1.18005
1.17994
1.17983
1.17971
1.1796
1.17949
1.17937
1.17926
1.17915
1.17904
1.17894
1.17883
1.17872
1.17862
1.17851
1.17841
1.17831
1.17821
1.17811
1.17801
1.17792
1.17782
1.17773
1.17764
1.17754
1.17746
1.17737
1.17728
1.17719
1.17711
1.17703
1.17695
1.17687
1.17679
1.17671
1.17664
1.17656
1.17649
1.17642
1.17635
1.17628
1.17621
1.17614
1.17608
1.17601
1.17595
1.17588
1.17582
1.17576
1.1757
1.17564
1.17558
1.17552
1.17547
1.17541
1.17535
1.17529
1.17524
1.17518
1.17513
1.17507
1.17501
1.17496
1.1749
1.17484
1.17479
1.17473
1.17467
1.17461
1.17455
1.17449
1.17443
1.17437
1.17431
1.17425
1.17418
1.17412
1.17405
1.17398
1.17391
1.17384
1.17377
1.17369
1.17361
1.17354
1.17346
1.17338
1.17329
1.17321
1.17312
1.17303
1.17294
1.17285
1.17275
1.17266
1.17256
1.17246
1.17235
1.17225
1.17214
1.17204
1.17193
1.17181
1.1717
1.17159
1.17147
1.17135
1.17123
1.17111
1.17099
1.17087
1.17075
1.17063
1.1705
1.17038
1.17025
1.17013
1.17
1.16988
1.16976
1.16963
1.16951
1.16939
1.16927
1.16915
1.16903
1.16892
1.1688
1.16869
1.16858
1.16848
1.16837
1.16827
1.16818
1.16808
1.16799
1.1679
1.16782
1.16774
1.16767
1.1676
1.16753
1.16747
1.16741
1.16736
1.16731
1.16727
1.16724
1.16721
1.16718
1.16716
1.16715
1.16714
1.16714
1.16715
1.16716
1.16718
1.1672
1.16724
1.16727
1.16732
1.16737
1.16743
1.1675
1.16757
1.16766
1.16774
1.16784
1.16795
1.16806
1.16818
1.16831
1.16845
1.1686
1.16875
1.16892
1.16909
1.16927
1.16946
1.16966
1.16987
1.17009
1.17032
1.17056
1.17081
1.17107
1.17134
1.17162
1.17191
1.17221
1.17252
1.17284
1.17317
1.17351
1.17386
1.17422
1.17459
1.17497
1.17536
1.17576
1.17617
1.17659
1.17702
1.17745
1.1779
1.17835
1.17881
1.17928
1.17976
1.18024
1.18073
1.18123
1.18173
1.18224
1.18275
1.18327
1.18379
1.18432
1.18485
1.18538
1.18591
1.18644
1.18698
1.18752
1.18805
1.18859
1.18912
1.18966
1.19019
1.19071
1.19124
1.19176
1.19228
1.19279
1.1933
1.1938
1.19429
1.19478
1.19526
1.19574
1.1962
1.19666
1.1971
1.19754
1.19797
1.19839
1.1988
1.19919
1.19958
1.19995
1.20032
1.20067
1.20101
1.20133
1.20164
1.20194
1.20223
1.2025
1.20276
1.203
1.20323
1.20345
1.20365
1.20384
1.20401
1.20417
1.20431
1.20444
1.20456
1.20466
1.20474
1.20481
1.20486
1.2049
1.20493
1.20494
1.20493
1.20492
1.20488
1.20483
1.20477
1.20469
1.2046
1.2045
1.20438
1.20425
1.20411
1.20395
1.20378
1.2036
1.2034
1.20319
1.20298
1.20275
1.20251
1.20226
1.202
1.20173
1.20145
1.20117
1.20087
1.20057
1.20026
1.19995
1.19962
1.1993
1.19897
1.19863
1.1983
1.19796
1.19762
1.19727
1.19693
1.19659
1.19624
1.1959
1.19557
1.19523
1.1949
1.19458
1.19426
1.19394
1.19364
1.19334
1.19305
1.19277
1.19249
1.19223
1.19199
1.19175
1.19152
1.19131
1.19111
1.19093
1.19076
1.1906
1.19046
1.19034
1.19023
1.19013
1.19006
1.19
1.18995
1.18992
1.18991
1.18992
1.18994
1.18998
1.19003
1.1901
1.19018
1.19028
1.1904
1.19053
1.19067
1.19082
1.19099
1.19118
1.19137
1.19157
1.19179
1.19201
1.19225
1.19249
1.19275
1.19301
1.19327
1.19355
1.19382
1.19411
1.1944
1.19469
1.19499
1.19528
1.19558
1.19589
1.19619
1.19649
1.1968
1.1971
1.1974
1.1977
1.198
1.1983
1.19859
1.19888
1.19917
1.19946
1.19974
1.20001
1.20029
1.20055
1.20081
1.20107
1.20132
1.20157
1.20181
1.20205
1.20228
1.2025
1.20272
1.20293
1.20314
1.20334
1.20354
1.20373
1.20391
1.20409
1.20426
1.20442
1.20458
1.20474
1.20489
1.20503
1.20517
1.2053
1.20542
1.20554
1.20566
1.20577
1.20587
1.20597
1.20607
1.20616
1.20624
1.20632
1.2064
1.20647
1.20654
1.2066
1.20665
1.20671
1.20675
1.2068
1.20684
1.20687
1.2069
1.20693
1.20696
1.20697
1.20699
1.207
1.20701
1.20701
1.20701
1.20701
1.207
1.20699
1.20698
1.20696
1.20694
1.20691
1.20688
1.20685
1.20682
1.20678
1.20673
1.20669
1.20664
1.20659
1.20653
1.20647
1.20641
1.20635
1.20628
1.2062
1.20613
1.20605
1.20597
1.20589
1.2058
1.20571
1.20562
1.20552
1.20542
1.20532
1.20521
1.20511
1.205
1.20488
1.20477
1.20465
1.20453
1.20441
1.20428
1.20416
1.20403
1.20389
1.20376
1.20362
1.20348
1.20334
1.2032
1.20305
1.20291
1.20276
1.20261
1.20245
1.2023
1.20214
1.20199
1.20183
1.20167
1.20151
1.20134
1.20118
1.20101
1.20084
1.20067
1.2005
1.20033
1.20016
1.19998
1.19981
1.19963
1.19945
1.19927
1.19909
1.1989
1.19872
1.19853
1.19835
1.19816
1.19797
1.19778
1.19758
1.19739
1.19719
1.19699
1.19679
1.19659
1.19638
1.19618
1.19597
1.19576
1.19555
1.19533
1.19511
1.19489
1.19467
1.19445
1.19422
1.19399
1.19376
1.19352
1.19328
1.19304
1.1928
1.19255
1.1923
1.19205
1.19179
1.19153
1.19127
1.19101
1.19074
1.19047
1.1902
1.18992
1.18964
1.18936
1.18908
1.1888
1.18851
1.18822
1.18793
1.18764
1.18735
1.18705
1.18676
1.18646
1.18617
1.18587
1.18558
1.18529
1.185
1.18471
1.18442
1.18414
1.18385
1.18358
1.1833
1.18304
1.18277
1.18251
1.18226
1.18202
1.18178
1.18155
1.18133
1.18112
1.18092
1.18073
1.18056
1.18039
1.18023
1.18009
1.17996
1.17985
1.17975
1.17966
1.17959
1.17954
1.1795
1.17948
1.17948
1.17949
1.17952
1.17957
1.17964
1.17972
1.17983
1.17995
1.18009
1.18025
1.18042
1.18062
1.18083
1.18107
1.18131
1.18158
1.18186
1.18216
1.18248
1.18281
1.18316
1.18352
1.18389
1.18428
1.18468
1.1851
1.18552
1.18596
1.1864
1.18686
1.18732
1.18779
1.18827
1.18875
1.18924
1.18974
1.19024
1.19074
1.19124
1.19174
1.19225
1.19275
1.19326
1.19376
1.19426
1.19476
1.19526
1.19575
1.19624
1.19672
1.19719
1.19766
1.19813
1.19858
1.19903
1.19947
1.1999
1.20033
1.20074
1.20114
1.20154
1.20192
1.2023
1.20266
1.20302
1.20336
1.20369
1.20401
1.20432
1.20462
1.20491
1.20518
1.20544
1.2057
1.20594
1.20617
1.20639
1.20659
1.20679
1.20697
1.20715
1.20731
1.20746
1.2076
1.20773
1.20785
1.20796
1.20806
1.20815
1.20823
1.2083
1.20836
1.20841
1.20845
1.20848
1.2085
1.20852
1.20852
1.20852
1.20851
1.20849
1.20847
1.20844
1.2084
1.20835
1.2083
1.20824
1.20818
1.2081
1.20803
1.20794
1.20786
1.20776
1.20767
1.20756
1.20746
1.20735
1.20723
1.20711
1.20699
1.20686
1.20673
1.2066
1.20646
1.20633
1.20618
1.20604
1.20589
1.20575
1.2056
1.20544
1.20529
1.20513
1.20497
1.20481
1.20465
1.20449
1.20433
1.20416
1.204
1.20383
1.20366
1.20349
1.20332
1.20315
1.20297
1.2028
1.20262
1.20245
1.20227
1.20209
1.20191
1.20173
1.20154
1.20136
1.20117
1.20098
1.20079
1.2006
1.2004
1.20021
1.20001
1.19981
1.1996
1.19939
1.19918
1.19897
1.19875
1.19853
1.19831
1.19808
1.19785
1.19761
1.19737
1.19712
1.19687
1.19661
1.19635
1.19609
1.19581
1.19553
1.19525
1.19495
1.19466
1.19435
1.19404
1.19372
1.19339
1.19305
1.19271
1.19236
1.192
1.19163
1.19126
1.19087
1.19048
1.19008
1.18966
1.18925
1.18882
1.18838
1.18793
1.18748
1.18702
1.18655
1.18607
1.18558
1.18508
1.18458
1.18407
1.18355
1.18303
1.18249
1.18196
1.18141
1.18087
1.18031
1.17975
1.17919
1.17863
1.17806
1.17749
1.17692
1.17635
1.17578
1.17522
1.17465
1.17408
1.17352
1.17296
1.17241
1.17187
1.17133
1.17079
1.17027
1.16975
1.16924
1.16875
1.16826
1.16779
1.16733
1.16688
1.16645
1.16603
1.16563
1.16524
1.16486
1.16451
1.16417
1.16384
1.16353
1.16325
1.16297
1.16272
1.16248
1.16226
1.16206
1.16188
1.16171
1.16156
1.16143
1.16131
1.16121
1.16113
1.16106
1.161
1.16097
1.16094
1.16093
1.16093
1.16095
1.16098
1.16102
1.16107
1.16113
1.1612
1.16128
1.16138
1.16148
1.16159
1.1617
1.16183
1.16196
1.1621
1.16225
1.1624
1.16256
1.16272
1.16289
1.16306
1.16324
1.16342
1.16361
1.1638
1.164
1.16419
1.1644
1.1646
1.16481
1.16502
1.16523
1.16544
1.16566
1.16588
1.1661
1.16633
1.16655
1.16678
1.16701
1.16723
1.16747
1.1677
1.16793
1.16816
1.16839
1.16863
1.16886
1.16909
1.16933
1.16956
1.16979
1.17002
1.17025
1.17048
1.17071
1.17094
1.17116
1.17139
1.17161
1.17183
1.17204
1.17226
1.17247
1.17268
1.17288
1.17308
1.17328
1.17348
1.17367
1.17386
1.17404
1.17422
1.1744
1.17457
1.17474
1.1749
1.17506
1.17521
1.17536
1.17551
1.17565
1.17578
1.17591
1.17604
1.17616
1.17628
1.17639
1.1765
1.1766
1.1767
1.17679
1.17688
1.17697
1.17705
1.17712
1.17719
1.17726
1.17732
1.17738
1.17743
1.17748
1.17753
1.17757
1.17761
1.17764
1.17767
1.1777
1.17772
1.17774
1.17775
1.17777
1.17777
1.17778
1.17778
1.17778
1.17778
1.17777
1.17776
1.17775
1.17774
1.17772
1.1777
1.17768
1.17765
1.17763
1.1776
1.17756
1.17753
1.17749
1.17746
1.17742
1.17737
1.17733
1.17728
1.17724
1.17719
1.17714
1.17708
1.17703
1.17697
1.17691
1.17686
1.1768
1.17673
1.17667
1.17661
1.17654
1.17648
1.17641
1.17634
1.17627
1.17621
1.17614
1.17607
1.176
1.17592
1.17585
1.17578
1.17571
1.17564
1.17557
1.1755
1.17543
1.17536
1.17529
1.17523
1.17516
1.1751
1.17503
1.17497
1.17491
1.17486
1.1748
1.17475
1.1747
1.17465
1.17461
1.17456
1.17453
1.17449
1.17446
1.17443
1.17441
1.17439
1.17438
1.17437
1.17436
1.17436
1.17437
1.17438
1.17439
1.17442
1.17444
1.17448
1.17452
1.17456
1.17461
1.17467
1.17473
1.1748
1.17488
1.17496
1.17505
1.17515
1.17525
1.17536
1.17548
1.1756
1.17573
1.17587
1.17601
1.17616
1.17631
1.17647
1.17664
1.17681
1.17699
1.17717
1.17736
1.17755
1.17775
1.17796
1.17816
1.17837
1.17859
1.17881
1.17903
1.17926
1.17948
1.17971
1.17995
1.18018
1.18042
1.18066
1.1809
1.18114
1.18138
1.18162
1.18186
1.18211
1.18235
1.18259
1.18283
1.18306
1.1833
1.18353
1.18377
1.184
1.18422
1.18445
1.18467
1.18488
1.1851
1.18531
1.18551
1.18571
1.18591
1.1861
1.18628
1.18646
1.18664
1.18681
1.18697
1.18713
1.18728
1.18743
1.18756
1.18769
1.18782
1.18794
1.18805
1.18815
1.18824
1.18833
1.18841
1.18848
1.18855
1.1886
1.18865
1.18869
1.18872
1.18874
1.18875
1.18876
1.18875
1.18874
1.18872
1.18868
1.18864
1.18859
1.18853
1.18846
1.18839
1.1883
1.1882
1.18809
1.18798
1.18785
1.18772
1.18757
1.18742
1.18725
1.18708
1.1869
1.18671
1.1865
1.18629
1.18607
1.18585
1.18561
1.18536
1.18511
1.18485
1.18458
1.1843
1.18401
1.18372
1.18342
1.18311
1.18279
1.18247
1.18215
1.18181
1.18148
1.18113
1.18079
1.18044
1.18008
1.17973
1.17937
1.17901
1.17865
1.17828
1.17792
1.17756
1.1772
1.17684
1.17648
1.17612
1.17577
1.17543
1.17509
1.17475
1.17442
1.1741
1.17378
1.17347
1.17318
1.17289
1.17261
1.17234
1.17208
1.17184
1.1716
1.17138
1.17118
1.17098
1.1708
1.17064
1.17049
1.17035
1.17023
1.17012
1.17003
1.16995
1.16989
1.16985
1.16982
1.1698
1.1698
1.16981
1.16984
1.16988
1.16994
1.17001
1.17009
1.17019
1.1703
1.17041
1.17054
1.17068
1.17083
1.17099
1.17116
1.17133
1.17151
1.1717
1.1719
1.17209
1.1723
1.1725
1.17271
1.17292
1.17314
1.17335
1.17356
1.17378
1.17399
1.1742
1.1744
1.17461
1.17481
1.175
1.17519
1.17538
1.17556
1.17573
1.1759
1.17606
1.17621
1.17635
1.17649
1.17662
1.17674
1.17685
1.17695
1.17704
1.17712
1.17719
1.17725
1.1773
1.17734
1.17737
1.17738
1.17739
1.17739
1.17738
1.17735
1.17732
1.17728
1.17722
1.17716
1.17708
1.177
1.1769
1.1768
1.17668
1.17656
1.17642
1.17628
1.17613
1.17597
1.1758
1.17563
1.17544
1.17525
1.17505
1.17484
1.17463
1.17441
1.17418
1.17395
1.17371
1.17347
1.17322
1.17297
1.17271
1.17244
1.17218
1.17191
1.17163
1.17136
1.17108
1.1708
1.17051
1.17023
1.16994
1.16966
1.16937
1.16908
1.16879
1.1685
1.16821
1.16792
1.16763
1.16735
1.16706
1.16678
1.1665
1.16622
1.16594
1.16566
1.16539
1.16512
1.16485
1.16459
1.16433
1.16407
1.16381
1.16356
1.16332
1.16307
1.16284
1.1626
1.16237
1.16214
1.16192
1.1617
1.16149
1.16128
1.16108
1.16088
1.16069
1.1605
1.16032
1.16014
1.15996
1.1598
1.15963
1.15947
1.15932
1.15918
1.15904
1.1589
1.15877
1.15865
1.15853
1.15842
1.15832
1.15822
1.15813
1.15804
1.15796
1.15789
1.15783
1.15777
1.15773
1.15768
1.15765
1.15763
1.15761
1.1576
1.1576
1.15761
1.15763
1.15765
1.15769
1.15773
1.15778
1.15784
1.15791
1.158
1.15809
1.15818
1.15829
1.15841
1.15854
1.15867
1.15882
1.15897
1.15914
1.15931
1.15949
1.15968
1.15987
1.16008
1.16029
1.16051
1.16074
1.16097
1.16121
1.16146
1.16171
1.16196
1.16223
1.16249
1.16276
1.16304
1.16332
1.1636
1.16388
1.16416
1.16445
1.16474
1.16502
1.16531
1.1656
1.16588
1.16617
1.16645
1.16673
1.16701
1.16728
1.16755
1.16782
1.16808
1.16833
1.16858
1.16883
1.16907
1.1693
1.16952
1.16974
1.16995
1.17015
1.17035
1.17053
1.17071
1.17087
1.17103
1.17118
1.17132
1.17145
1.17157
1.17167
1.17177
1.17186
1.17194
1.172
1.17206
1.1721
1.17213
1.17216
1.17217
1.17217
1.17216
1.17214
1.17211
1.17206
1.17201
1.17194
1.17187
1.17178
1.17169
1.17158
1.17147
1.17134
1.17121
1.17106
1.17091
1.17074
1.17057
1.17039
1.1702
1.17
1.1698
1.16958
1.16936
1.16913
1.1689
1.16865
1.1684
1.16815
1.16788
1.16761
1.16734
1.16706
1.16677
1.16648
1.16618
1.16588
1.16557
1.16526
1.16494
1.16462
1.1643
1.16397
1.16363
1.16329
1.16295
1.16261
1.16226
1.1619
1.16154
1.16118
1.16081
1.16044
1.16007
1.15969
1.15931
1.15892
1.15853
1.15814
1.15774
1.15733
1.15693
1.15652
1.1561
1.15568
1.15526
1.15483
1.1544
1.15396
1.15352
1.15308
1.15263
1.15218
1.15172
1.15127
1.15081
1.15034
1.14988
1.14941
1.14895
1.14848
1.14801
1.14754
1.14707
1.1466
1.14614
1.14567
1.14521
1.14475
1.1443
1.14385
1.14341
1.14298
1.14255
1.14213
1.14172
1.14132
1.14093
1.14055
1.14018
1.13982
1.13948
1.13916
1.13884
1.13855
1.13827
1.13801
1.13776
1.13753
1.13732
1.13713
1.13696
1.13681
1.13668
1.13656
1.13647
1.1364
1.13635
1.13631
1.1363
1.13631
1.13633
1.13638
1.13644
1.13652
1.13662
1.13674
1.13687
1.13702
1.13719
1.13737
1.13757
1.13778
1.13801
1.13825
1.1385
1.13877
1.13904
1.13933
1.13963
1.13994
1.14026
1.14058
1.14092
1.14127
1.14162
1.14198
1.14235
1.14273
1.14311
1.1435
1.1439
1.14431
1.14472
1.14514
1.14557
1.146
1.14644
1.14688
1.14734
1.14779
1.14826
1.14873
1.14921
1.14969
1.15018
1.15067
1.15117
1.15168
1.15219
1.1527
1.15322
1.15375
1.15427
1.15481
1.15534
1.15588
1.15642
1.15696
1.1575
1.15805
1.15859
1.15914
1.15968
1.16022
1.16076
1.16129
1.16182
1.16234
1.16286
1.16338
1.16388
1.16438
1.16487
1.16535
1.16583
1.16629
1.16673
1.16717
1.1676
1.16801
1.1684
1.16878
1.16915
1.1695
1.16984
1.17016
1.17046
1.17074
1.17101
1.17125
1.17148
1.17169
1.17188
1.17206
1.17221
1.17234
1.17246
1.17255
1.17263
1.17268
1.17272
1.17274
1.17274
1.17272
1.17269
1.17263
1.17256
1.17247
1.17237
1.17225
1.17211
1.17196
1.17179
1.17161
1.17142
1.17121
1.17099
1.17076
1.17052
1.17027
1.17001
1.16974
1.16946
1.16917
1.16888
1.16858
1.16828
1.16798
1.16767
1.16735
1.16704
1.16672
1.1664
1.16609
1.16577
1.16546
1.16515
1.16484
1.16453
1.16423
1.16393
1.16364
1.16335
1.16307
1.1628
1.16254
1.16228
1.16203
1.16179
1.16156
1.16134
1.16113
1.16092
1.16073
1.16056
1.16039
1.16023
1.16009
1.15996
1.15984
1.15973
1.15964
1.15956
1.15949
1.15944
1.1594
1.15938
1.15937
1.15937
1.15939
1.15942
1.15947
1.15953
1.1596
1.15969
1.1598
1.15992
1.16005
1.1602
1.16037
1.16054
1.16074
1.16094
1.16116
1.1614
1.16164
1.1619
1.16218
1.16246
1.16276
1.16307
1.16339
1.16372
1.16407
1.16442
1.16478
1.16516
1.16554
1.16593
1.16632
1.16673
1.16714
1.16755
1.16797
1.1684
1.16883
1.16926
1.1697
1.17014
1.17058
1.17103
1.17147
1.17191
1.17236
1.1728
1.17324
1.17368
1.17412
1.17455
1.17499
1.17541
1.17584
1.17626
1.17667
1.17708
1.17748
1.17788
1.17828
1.17866
1.17904
1.17941
1.17978
1.18014
1.18049
1.18083
1.18117
1.18149
1.18181
1.18213
1.18243
1.18273
1.18301
1.18329
1.18357
1.18383
1.18408
1.18433
1.18457
1.1848
1.18502
1.18524
1.18544
1.18564
1.18583
1.18602
1.18619
1.18636
1.18652
1.18667
1.18682
1.18696
1.18709
1.18721
1.18733
1.18744
1.18754
1.18763
1.18772
1.18781
1.18788
1.18795
1.18801
1.18807
1.18812
1.18817
1.18821
1.18824
1.18826
1.18828
1.1883
1.18831
1.18831
1.18831
1.1883
1.18829
1.18827
1.18825
1.18822
1.18818
1.18814
1.1881
1.18805
1.18799
1.18793
1.18787
1.1878
1.18772
1.18764
1.18756
1.18747
1.18737
1.18727
1.18717
1.18706
1.18695
1.18683
1.18671
1.18658
1.18645
1.18631
1.18617
1.18603
1.18588
1.18572
1.18557
1.1854
1.18524
1.18507
1.18489
1.18471
1.18453
1.18435
1.18416
1.18396
1.18377
1.18356
1.18336
1.18315
1.18294
1.18273
1.18251
1.18229
1.18206
1.18184
1.18161
1.18138
1.18114
1.18091
1.18067
1.18043
1.18018
1.17994
1.17969
1.17944
1.17919
1.17894
1.17869
1.17844
1.17818
1.17793
1.17767
1.17742
1.17716
1.17691
1.17666
1.1764
1.17615
1.1759
1.17565
1.1754
1.17515
1.1749
1.17466
1.17442
1.17418
1.17394
1.17371
1.17348
1.17325
1.17303
1.17281
1.17259
1.17238
1.17218
1.17197
1.17178
1.17158
1.1714
1.17121
1.17104
1.17087
1.1707
1.17054
1.17039
1.17025
1.17011
1.16998
1.16985
1.16973
1.16962
1.16952
1.16942
1.16933
1.16925
1.16918
1.16912
1.16906
1.16901
1.16897
1.16893
1.16891
1.16889
1.16889
1.16889
1.16889
1.16891
1.16894
1.16897
1.16901
1.16906
1.16912
1.16918
1.16926
1.16934
1.16943
1.16953
1.16963
1.16975
1.16987
1.17
1.17013
1.17028
1.17043
1.17059
1.17075
1.17092
1.1711
1.17129
1.17148
1.17168
1.17188
1.17209
1.17231
1.17253
1.17276
1.17299
1.17323
1.17347
1.17372
1.17398
1.17424
1.1745
1.17477
1.17504
1.17531
1.17559
1.17588
1.17616
1.17645
1.17675
1.17704
1.17734
1.17765
1.17795
1.17826
1.17857
1.17888
1.17919
1.17951
1.17983
1.18015
1.18047
1.18079
1.18111
1.18144
1.18176
1.18209
1.18242
1.18274
1.18307
1.1834
1.18373
1.18406
1.18438
1.18471
1.18504
1.18537
1.18569
1.18602
1.18634
1.18667
1.18699
1.18731
1.18763
1.18795
1.18827
1.18859
1.1889
1.18921
1.18953
1.18983
1.19014
1.19045
1.19075
1.19105
1.19135
1.19165
1.19194
1.19223
1.19252
1.1928
1.19309
1.19337
1.19364
1.19392
1.19419
1.19445
1.19472
1.19498
1.19523
1.19549
1.19574
1.19598
1.19622
1.19646
1.1967
1.19692
1.19715
1.19737
1.19759
1.1978
1.19801
1.19821
1.19841
1.1986
1.19879
1.19897
1.19915
1.19932
1.19948
1.19965
1.1998
1.19995
1.20009
1.20023
1.20036
1.20048
1.2006
1.2007
1.20081
1.2009
1.20099
1.20107
1.20114
1.20121
1.20126
1.20131
1.20135
1.20138
1.2014
1.20141
1.20141
1.2014
1.20138
1.20135
1.20131
1.20126
1.20119
1.20112
1.20103
1.20093
1.20082
1.2007
1.20056
1.20041
1.20024
1.20006
1.19987
1.19966
1.19944
1.19919
1.19894
1.19866
1.19837
1.19806
1.19774
1.19739
1.19703
1.19665
1.19625
1.19583
1.19538
1.19492
1.19444
1.19394
1.19341
1.19286
1.19229
1.1917
1.19108
1.19044
1.18978
1.18909
1.18838
1.18765
1.18689
1.18611
1.1853
1.18447
1.18361
1.18273
1.18183
1.1809
1.17995
1.17897
1.17797
1.17695
1.17591
1.17485
1.17376
1.17266
1.17153
1.17039
1.16924
1.16806
1.16687
1.16567
1.16446
1.16323
1.162
1.16076
1.15952
1.15827
1.15702
1.15577
1.15453
1.15329
1.15206
1.15083
1.14962
1.14843
1.14725
1.1461
1.14496
1.14386
1.14278
1.14173
1.14071
1.13973
1.13879
1.1379
1.13704
1.13623
1.13547
1.13476
1.1341
1.1335
1.13295
1.13246
1.13203
1.13167
1.13136
1.13112
1.13094
1.13082
1.13077
1.13079
1.13087
1.13101
1.13122
1.13149
1.13183
1.13223
1.13269
1.13321
1.13378
1.13442
1.13511
1.13585
1.13664
1.13748
1.13837
1.1393
1.14028
1.14129
1.14234
1.14343
1.14454
1.14568
1.14685
1.14805
1.14926
1.1505
1.15175
1.15301
1.15428
1.15556
1.15685
1.15814
1.15944
1.16073
1.16202
1.16331
1.16459
1.16586
1.16712
1.16838
1.16962
1.17085
1.17206
1.17326
1.17444
1.1756
1.17674
1.17787
1.17897
1.18005
1.18111
1.18215
1.18317
1.18417
1.18514
1.18609
1.18701
1.18792
1.18879
1.18965
1.19048
1.19129
1.19208
1.19284
1.19358
1.19429
1.19499
1.19566
1.19631
1.19694
1.19754
1.19813
1.19869
1.19924
1.19976
1.20026
1.20075
1.20121
1.20166
1.20209
1.2025
1.20289
1.20327
1.20362
1.20397
1.20429
1.2046
1.2049
1.20518
1.20544
1.20569
1.20593
1.20616
1.20637
1.20656
1.20675
1.20692
1.20709
1.20724
1.20738
1.20751
1.20762
1.20773
1.20783
1.20792
1.208
1.20807
1.20814
1.20819
1.20824
1.20828
1.20831
1.20833
1.20835
1.20836
1.20837
1.20837
1.20836
1.20835
1.20833
1.20831
1.20828
1.20825
1.20822
1.20818
1.20813
1.20809
1.20804
1.20798
1.20793
1.20787
1.20781
1.20774
1.20768
1.20761
1.20754
1.20747
1.20739
1.20732
1.20724
1.20717
1.20709
1.20701
1.20694
1.20686
1.20678
1.2067
1.20662
1.20655
1.20647
1.20639
1.20632
1.20624
1.20616
1.20609
1.20602
1.20594
1.20587
1.2058
1.20573
1.20566
1.2056
1.20553
1.20547
1.2054
1.20534
1.20528
1.20522
1.20516
1.2051
1.20504
1.20499
1.20493
1.20488
1.20482
1.20477
1.20472
1.20467
1.20461
1.20456
1.20451
1.20446
1.2044
1.20435
1.2043
1.20424
1.20419
1.20413
1.20407
1.20401
1.20395
1.20388
1.20382
1.20375
1.20367
1.2036
1.20352
1.20344
1.20335
1.20326
1.20316
1.20306
1.20296
1.20285
1.20273
1.20261
1.20248
1.20234
1.2022
1.20205
1.2019
1.20173
1.20156
1.20138
1.20119
1.20099
1.20079
1.20057
1.20034
1.20011
1.19986
1.19961
1.19934
1.19907
1.19878
1.19848
1.19817
1.19785
1.19752
1.19718
1.19682
1.19646
1.19608
1.19569
1.1953
1.19489
1.19447
1.19404
1.1936
1.19315
1.19269
1.19222
1.19174
1.19125
1.19076
1.19026
1.18975
1.18924
1.18872
1.18819
1.18767
1.18714
1.1866
1.18607
1.18553
1.185
1.18447
1.18394
1.18342
1.1829
1.18239
1.18188
1.18138
1.1809
1.18042
1.17996
1.17951
1.17908
1.17866
1.17826
1.17787
1.17751
1.17716
1.17684
1.17654
1.17627
1.17601
1.17579
1.17559
1.17541
1.17526
1.17514
1.17505
1.17498
1.17494
1.17493
1.17495
1.175
1.17507
1.17517
1.1753
1.17546
1.17564
1.17585
1.17608
1.17634
1.17662
1.17693
1.17725
1.1776
1.17797
1.17835
1.17876
1.17918
1.17962
1.18007
1.18053
1.18101
1.1815
1.182
1.1825
1.18302
1.18354
1.18407
1.18461
1.18515
1.18569
1.18623
1.18678
1.18733
1.18787
1.18842
1.18896
1.18951
1.19005
1.19058
1.19111
1.19164
1.19217
1.19269
1.1932
1.19371
1.19421
1.1947
1.19519
1.19567
1.19615
1.19662
1.19708
1.19753
1.19798
1.19842
1.19885
1.19927
1.19969
1.2001
1.2005
1.2009
1.20129
1.20167
1.20204
1.20241
1.20277
1.20313
1.20347
1.20382
1.20415
1.20448
1.2048
1.20512
1.20543
1.20574
1.20604
1.20634
1.20663
1.20691
1.2072
1.20747
1.20774
1.20801
1.20827
1.20853
1.20879
1.20904
1.20929
1.20953
1.20977
1.21001
1.21024
1.21047
1.2107
1.21092
1.21114
1.21136
1.21158
1.21179
1.212
1.21221
1.21241
1.21261
1.21281
1.21301
1.21321
1.2134
1.21359
1.21378
1.21397
1.21415
1.21434
1.21452
1.2147
1.21488
1.21505
1.21523
1.2154
1.21557
1.21574
1.21591
1.21607
1.21624
1.2164
1.21656
1.21672
1.21688
1.21704
1.2172
1.21735
1.21751
1.21766
1.21781
1.21796
1.2181
1.21825
1.2184
1.21854
1.21868
1.21882
1.21896
1.2191
1.21924
1.21938
1.21951
1.21965
1.21978
1.21991
1.22004
1.22017
1.2203
1.22043
1.22055
1.22068
1.2208
1.22092
1.22105
1.22117
1.22129
1.2214
1.22152
1.22164
1.22175
1.22187
1.22198
1.22209
1.2222
1.22231
1.22242
1.22253
1.22264
1.22274
1.22285
1.22295
1.22305
1.22315
1.22325
1.22335
1.22345
1.22355
1.22365
1.22374
1.22384
1.22393
1.22403
1.22412
1.22421
1.2243
1.22439
1.22448
1.22457
1.22465
1.22474
1.22482
1.22491
1.22499
1.22507
1.22516
1.22524
1.22532
1.2254
1.22547
1.22555
1.22563
1.2257
1.22578
1.22585
1.22592
1.226
1.22607
1.22614
1.22621
1.22628
1.22634
1.22641
1.22648
1.22654
1.22661
1.22667
1.22673
1.2268
1.22686
1.22692
1.22698
1.22703
1.22709
1.22715
1.2272
1.22726
1.22731
1.22736
1.22741
1.22746
1.22751
1.22756
1.22761
1.22765
1.2277
1.22774
1.22778
1.22783
1.22787
1.2279
1.22794
1.22798
1.22801
1.22805
1.22808
1.22811
1.22814
1.22817
1.22819
1.22822
1.22824
1.22826
1.22828
1.2283
1.22831
1.22833
1.22834
1.22835
1.22836
1.22836
1.22837
1.22837
1.22837
1.22836
1.22836
1.22835
1.22834
1.22833
1.22831
1.22829
1.22827
1.22824
1.22822
1.22818
1.22815
1.22811
1.22807
1.22803
1.22798
1.22792
1.22787
1.22781
1.22774
1.22767
1.2276
1.22752
1.22744
1.22735
1.22725
1.22716
1.22705
1.22694
1.22683
1.22671
1.22658
1.22645
1.22631
1.22616
1.22601
1.22585
1.22568
1.22551
1.22533
1.22514
1.22494
1.22474
1.22453
1.2243
1.22407
1.22384
1.22359
1.22333
1.22306
1.22279
1.2225
1.2222
1.2219
1.22158
1.22125
1.22091
1.22057
1.2202
1.21983
1.21945
1.21906
1.21865
1.21823
1.2178
1.21736
1.21691
1.21644
1.21596
1.21547
1.21497
1.21446
1.21393
1.2134
1.21285
1.21229
1.21172
1.21114
1.21055
1.20994
1.20933
1.20871
1.20809
1.20745
1.20681
1.20616
1.2055
1.20484
1.20417
1.2035
1.20283
1.20216
1.20148
1.20081
1.20014
1.19947
1.19881
1.19815
1.19749
1.19685
1.19621
1.19559
1.19498
1.19438
1.1938
1.19323
1.19268
1.19215
1.19165
1.19116
1.1907
1.19026
1.18985
1.18946
1.18911
1.18878
1.18848
1.18822
1.18798
1.18778
1.18761
1.18747
1.18737
1.1873
1.18727
1.18726
1.1873
1.18736
1.18746
1.18759
1.18776
1.18795
1.18817
1.18843
1.18871
1.18902
1.18935
1.18971
1.1901
1.1905
1.19093
1.19138
1.19184
1.19232
1.19282
1.19332
1.19384
1.19437
1.19491
1.19546
1.19601
1.19657
1.19712
1.19768
1.19825
1.1988
1.19936
1.19992
1.20046
1.20101
1.20154
1.20207
1.20259
1.2031
1.2036
1.20409
1.20457
1.20504
1.20549
1.20593
1.20635
1.20676
1.20716
1.20753
1.2079
1.20825
1.20858
1.2089
1.2092
1.20948
1.20975
1.21
1.21023
1.21045
1.21065
1.21083
1.211
1.21115
1.21128
1.2114
1.2115
1.21159
1.21166
1.21171
1.21176
1.21178
1.21179
1.21179
1.21177
1.21174
1.21169
1.21164
1.21156
1.21148
1.21138
1.21128
1.21116
1.21103
1.21089
1.21074
1.21057
1.2104
1.21022
1.21003
1.20984
1.20963
1.20942
1.2092
1.20897
1.20874
1.2085
1.20826
1.20801
1.20776
1.2075
1.20724
1.20698
1.20671
1.20644
1.20617
1.2059
1.20563
1.20536
1.20509
1.20482
1.20455
1.20428
1.20401
1.20375
1.20348
1.20322
1.20297
1.20272
1.20247
1.20223
1.20199
1.20175
1.20152
1.2013
1.20109
1.20088
1.20067
1.20047
1.20028
1.2001
1.19993
1.19976
1.1996
1.19944
1.1993
1.19916
1.19903
1.19891
1.1988
1.19869
1.19859
1.1985
1.19842
1.19835
1.19828
1.19822
1.19817
1.19813
1.19809
1.19806
1.19804
1.19803
1.19802
1.19802
1.19803
1.19804
1.19806
1.19808
1.19811
1.19815
1.19819
1.19824
1.1983
1.19835
1.19842
1.19848
1.19856
1.19863
1.19872
1.1988
1.19889
1.19898
1.19908
1.19918
1.19929
1.19939
1.1995
1.19962
1.19973
1.19986
1.19998
1.2001
1.20023
1.20036
1.2005
1.20064
1.20078
1.20092
1.20106
1.20121
1.20136
1.20152
1.20167
1.20183
1.20199
1.20216
1.20233
1.2025
1.20267
1.20285
1.20303
1.20321
1.2034
1.20359
1.20378
1.20398
1.20418
1.20438
1.20459
1.2048
1.20501
1.20523
1.20546
1.20568
1.20591
1.20615
1.20639
1.20663
1.20688
1.20713
1.20739
1.20765
1.20791
1.20818
1.20846
1.20873
1.20902
1.2093
1.20959
1.20989
1.21019
1.21049
1.2108
1.21111
1.21142
1.21174
1.21206
1.21239
1.21271
1.21305
1.21338
1.21372
1.21406
1.2144
1.21474
1.21509
1.21544
1.21579
1.21614
1.21649
1.21685
1.2172
1.21756
1.21792
1.21827
1.21863
1.21899
1.21934
1.2197
1.22005
1.2204
1.22075
1.2211
1.22145
1.22179
1.22214
1.22248
1.22281
1.22314
1.22347
1.2238
1.22412
1.22444
1.22475
1.22506
1.22536
1.22566
1.22595
1.22624
1.22652
1.22679
1.22706
1.22732
1.22757
1.22782
1.22806
1.22829
1.22852
1.22874
1.22895
1.22915
1.22934
1.22953
1.22971
1.22988
1.23004
1.23019
1.23033
1.23046
1.23059
1.2307
1.23081
1.23091
1.231
1.23108
1.23114
1.2312
1.23125
1.2313
1.23133
1.23135
1.23136
1.23137
1.23136
1.23135
1.23132
1.23129
1.23125
1.2312
1.23114
1.23108
1.231
1.23092
1.23083
1.23073
1.23062
1.23051
1.23039
1.23026
1.23013
1.22999
1.22984
1.22969
1.22953
1.22937
1.2292
1.22903
1.22885
1.22868
1.22849
1.22831
1.22812
1.22793
1.22774
1.22755
1.22736
1.22716
1.22697
1.22678
1.22659
1.2264
1.22621
1.22602
1.22584
1.22566
1.22548
1.2253
1.22513
1.22497
1.22481
1.22465
1.2245
1.22435
1.22422
1.22408
1.22396
1.22383
1.22372
1.22361
1.22351
1.22342
1.22334
1.22326
1.22318
1.22312
1.22306
1.22301
1.22297
1.22293
1.2229
1.22288
1.22286
1.22285
1.22284
1.22284
1.22284
1.22285
1.22286
1.22288
1.2229
1.22293
1.22295
1.22298
1.22301
1.22305
1.22308
1.22312
1.22315
1.22319
1.22322
1.22325
1.22328
1.22331
1.22334
1.22337
1.22339
1.2234
1.22342
1.22342
1.22343
1.22343
1.22342
1.2234
1.22338
1.22336
1.22332
1.22328
1.22324
1.22318
1.22312
1.22304
1.22296
1.22288
1.22278
1.22268
1.22256
1.22244
1.22231
1.22217
1.22202
1.22187
1.2217
1.22153
1.22135
1.22116
1.22097
1.22077
1.22056
1.22034
1.22012
1.21989
1.21965
1.21941
1.21916
1.21891
1.21866
1.2184
1.21814
1.21787
1.21761
1.21734
1.21707
1.2168
1.21652
1.21625
1.21598
1.21572
1.21545
1.21519
1.21493
1.21467
1.21442
1.21417
1.21393
1.2137
1.21347
1.21325
1.21303
1.21283
1.21263
1.21245
1.21227
1.2121
1.21194
1.2118
1.21166
1.21154
1.21143
1.21133
1.21124
1.21116
1.2111
1.21105
1.21101
1.21098
1.21097
1.21097
1.21098
1.21101
1.21104
1.21109
1.21115
1.21123
1.21131
1.21141
1.21151
1.21163
1.21176
1.2119
1.21204
1.2122
1.21237
1.21254
1.21272
1.21291
1.21311
1.21332
1.21353
1.21374
1.21397
1.21419
1.21442
1.21466
1.2149
1.21514
1.21539
1.21564
1.21589
1.21614
1.21639
1.21665
1.2169
1.21715
1.21741
1.21766
1.21791
1.21817
1.21841
1.21866
1.21891
1.21915
1.21939
1.21963
1.21986
1.22009
1.22032
1.22054
1.22076
1.22098
1.22119
1.22139
1.2216
1.22179
1.22198
1.22217
1.22235
1.22253
1.2227
1.22286
1.22302
1.22317
1.22332
1.22346
1.2236
1.22373
1.22385
1.22397
1.22408
1.22418
1.22428
1.22438
1.22446
1.22454
1.22462
1.22469
1.22475
1.22481
1.22486
1.2249
1.22494
1.22497
1.225
1.22502
1.22503
1.22504
1.22505
1.22504
1.22504
1.22502
1.225
1.22498
1.22495
1.22492
1.22488
1.22483
1.22478
1.22473
1.22467
1.22461
1.22454
1.22447
1.22439
1.22432
1.22423
1.22415
1.22406
1.22397
1.22387
1.22377
1.22367
1.22357
1.22346
1.22335
1.22324
1.22313
1.22302
1.2229
1.22279
1.22267
1.22255
1.22243
1.22231
1.2222
1.22208
1.22196
1.22184
1.22172
1.22161
1.22149
1.22137
1.22126
1.22115
1.22104
1.22093
1.22082
1.22072
1.22062
1.22052
1.22042
1.22033
1.22024
1.22015
1.22006
1.21998
1.2199
1.21983
1.21976
1.21969
1.21963
1.21957
1.21951
1.21946
1.21941
1.21937
1.21933
1.21929
1.21926
1.21923
1.21921
1.21919
1.21918
1.21917
1.21916
1.21916
1.21916
1.21917
1.21918
1.2192
1.21922
1.21924
1.21926
1.21929
1.21933
1.21937
1.21941
1.21945
1.2195
1.21955
1.2196
1.21966
1.21972
1.21978
1.21985
1.21992
1.21999
1.22006
1.22013
1.22021
1.22029
1.22037
1.22045
1.22054
1.22062
1.22071
1.2208
1.22089
1.22098
1.22107
1.22116
1.22126
1.22135
1.22144
1.22154
1.22163
1.22173
1.22182
1.22191
1.22201
1.2221
1.22219
1.22229
1.22238
1.22247
1.22256
1.22265
1.22274
1.22283
1.22291
1.223
1.22308
1.22317
1.22325
1.22333
1.22341
1.22348
1.22356
1.22363
1.2237
1.22377
1.22384
1.22391
1.22398
1.22404
1.2241
1.22416
1.22422
1.22427
1.22433
1.22438
1.22443
1.22448
1.22452
1.22457
1.22461
1.22465
1.22469
1.22473
1.22476
1.22479
1.22483
1.22486
1.22489
1.22491
1.22494
1.22496
1.22499
1.22501
1.22503
1.22505
1.22507
1.22509
1.2251
1.22512
1.22513
1.22515
1.22516
1.22517
1.22519
1.2252
1.22521
1.22522
1.22523
1.22525
1.22526
1.22527
1.22528
1.22529
1.22531
1.22532
1.22533
1.22535
1.22536
1.22538
1.22539
1.22541
1.22543
1.22544
1.22546
1.22548
1.22551
1.22553
1.22555
1.22558
1.2256
1.22563
1.22566
1.22569
1.22572
1.22575
1.22578
1.22581
1.22585
1.22588
1.22592
1.22596
1.226
1.22603
1.22607
1.22611
1.22615
1.22619
1.22624
1.22628
1.22632
1.22636
1.2264
1.22644
1.22648
1.22652
1.22656
1.2266
1.22664
1.22667
1.22671
1.22674
1.22677
1.2268
1.22683
1.22686
1.22688
1.2269
1.22692
1.22693
1.22695
1.22696
1.22696
1.22697
1.22697
1.22696
1.22695
1.22694
1.22693
1.22691
1.22688
1.22685
1.22682
1.22678
1.22674
1.22669
1.22664
1.22658
1.22651
1.22645
1.22637
1.22629
1.22621
1.22612
1.22602
1.22592
1.22582
1.22571
1.22559
1.22547
1.22534
1.22521
1.22507
1.22493
1.22478
1.22463
1.22447
1.22431
1.22415
1.22398
1.22381
1.22363
1.22345
1.22326
1.22308
1.22289
1.22269
1.2225
1.2223
1.2221
1.2219
1.2217
1.2215
1.2213
1.2211
1.22089
1.22069
1.22049
1.22029
1.22009
1.21989
1.21969
1.2195
1.21931
1.21912
1.21894
1.21876
1.21858
1.21841
1.21824
1.21808
1.21792
1.21777
1.21762
1.21748
1.21734
1.21722
1.21709
1.21698
1.21687
1.21677
1.21667
1.21659
1.21651
1.21643
1.21637
1.21631
1.21626
1.21621
1.21618
1.21615
1.21612
1.21611
1.2161
1.2161
1.2161
1.21612
1.21613
1.21616
1.21619
1.21622
1.21626
1.21631
1.21636
1.21641
1.21647
1.21654
1.2166
1.21668
1.21675
1.21683
1.21691
1.21699
1.21707
1.21716
1.21725
1.21734
1.21743
1.21752
1.21761
1.2177
1.21779
1.21788
1.21797
1.21806
1.21814
1.21823
1.21832
1.2184
1.21848
1.21856
1.21864
1.21871
1.21878
1.21885
1.21892
1.21898
1.21904
1.2191
1.21915
1.2192
1.21925
1.2193
1.21934
1.21937
1.21941
1.21944
1.21947
1.21949
1.21951
1.21953
1.21954
1.21955
1.21955
1.21956
1.21956
1.21955
1.21954
1.21953
1.21952
1.2195
1.21948
1.21946
1.21944
1.21941
1.21938
1.21934
1.21931
1.21927
1.21923
1.21919
1.21914
1.21909
1.21904
1.21899
1.21894
1.21889
1.21883
1.21877
1.21871
1.21865
1.21859
1.21852
1.21846
1.21839
1.21832
1.21825
1.21818
1.21811
1.21804
1.21797
1.21789
1.21782
1.21774
1.21767
1.21759
1.21751
1.21743
1.21735
1.21727
1.21719
1.21711
1.21703
1.21694
1.21686
1.21677
1.21669
1.2166
1.21651
1.21643
1.21634
1.21625
1.21616
1.21607
1.21597
1.21588
1.21579
1.21569
1.2156
1.2155
1.2154
1.2153
1.2152
1.2151
1.215
1.2149
1.2148
1.21469
1.21459
1.21448
1.21437
1.21426
1.21416
1.21405
1.21394
1.21382
1.21371
1.2136
1.21349
1.21338
1.21326
1.21315
1.21304
1.21292
1.21281
1.2127
1.21259
1.21248
1.21236
1.21226
1.21215
1.21204
1.21194
1.21183
1.21173
1.21163
1.21154
1.21144
1.21135
1.21126
1.21118
1.2111
1.21102
1.21095
1.21088
1.21082
1.21076
1.21071
1.21066
1.21062
1.21058
1.21055
1.21053
1.21051
1.2105
1.2105
1.21051
1.21052
1.21054
1.21057
1.21061
1.21065
1.21071
1.21077
1.21084
1.21092
1.21101
1.21111
1.21122
1.21134
1.21146
1.2116
1.21175
1.2119
1.21207
1.21224
1.21243
1.21262
1.21282
1.21303
1.21325
1.21348
1.21372
1.21397
1.21423
1.21449
1.21476
1.21504
1.21533
1.21563
1.21593
1.21624
1.21656
1.21689
1.21722
1.21755
1.2179
1.21825
1.2186
1.21896
1.21932
1.21969
1.22006
1.22044
1.22082
1.22121
1.22159
1.22198
1.22237
1.22277
1.22316
1.22356
1.22396
1.22436
1.22476
1.22517
1.22557
1.22597
1.22637
1.22678
1.22718
1.22758
1.22798
1.22838
1.22877
1.22917
1.22956
1.22995
1.23034
1.23073
1.23111
1.23149
1.23187
1.23224
1.23261
1.23298
1.23335
1.23371
1.23406
1.23441
1.23476
1.23511
1.23545
1.23578
1.23611
1.23644
1.23676
1.23707
1.23738
1.23769
1.23799
1.23828
1.23857
1.23886
1.23913
1.23941
1.23967
1.23993
1.24019
1.24044
1.24068
1.24092
1.24115
1.24137
1.24159
1.2418
1.242
1.2422
1.24239
1.24258
1.24276
1.24293
1.24309
1.24325
1.2434
1.24354
1.24368
1.2438
1.24393
1.24404
1.24415
1.24424
1.24433
1.24442
1.24449
1.24456
1.24462
1.24467
1.24471
1.24475
1.24477
1.24479
1.2448
1.2448
1.24479
1.24478
1.24475
1.24471
1.24467
1.24461
1.24455
1.24448
1.2444
1.2443
1.2442
1.24409
1.24397
1.24383
1.24369
1.24354
1.24337
1.2432
1.24301
1.24281
1.2426
1.24238
1.24215
1.24191
1.24165
1.24139
1.24111
1.24082
1.24052
1.2402
1.23988
1.23954
1.23918
1.23882
1.23844
1.23805
1.23765
1.23724
1.23681
1.23637
1.23591
1.23545
1.23497
1.23448
1.23397
1.23346
1.23293
1.23239
1.23184
1.23127
1.2307
1.23011
1.22951
1.22891
1.22829
1.22766
1.22703
1.22638
1.22573
1.22507
1.2244
1.22373
1.22306
1.22237
1.22169
1.221
1.22031
1.21962
1.21893
1.21825
1.21756
1.21688
1.2162
1.21553
1.21487
1.21422
1.21357
1.21294
1.21232
1.21171
1.21112
1.21054
1.20999
1.20945
1.20893
1.20844
1.20796
1.20751
1.20709
1.20669
1.20632
1.20598
1.20567
1.20539
1.20514
1.20492
1.20473
1.20457
1.20445
1.20436
1.2043
1.20427
1.20428
1.20432
1.2044
1.2045
1.20464
1.20481
1.20501
1.20524
1.2055
1.20579
1.20611
1.20646
1.20683
1.20722
1.20764
1.20809
1.20855
1.20904
1.20954
1.21006
1.2106
1.21116
1.21173
1.21231
1.21291
1.21352
1.21413
1.21476
1.2154
1.21604
1.21668
1.21734
1.21799
1.21865
1.21931
1.21997
1.22064
1.2213
1.22196
1.22262
1.22327
1.22393
1.22458
1.22522
1.22586
1.22649
1.22712
1.22775
1.22836
1.22897
1.22957
1.23016
1.23075
1.23133
1.2319
1.23246
1.23301
1.23355
1.23408
1.2346
1.23512
1.23562
1.23611
1.2366
1.23707
1.23753
1.23799
1.23843
1.23886
1.23929
1.2397
1.2401
1.24049
1.24087
1.24124
1.2416
1.24195
1.24229
1.24262
1.24294
1.24325
1.24355
1.24384
1.24412
1.24439
1.24465
1.2449
1.24514
1.24537
1.24559
1.24581
1.24601
1.2462
1.24639
1.24656
1.24673
1.24688
1.24703
1.24717
1.2473
1.24742
1.24753
1.24763
1.24773
1.24782
1.2479
1.24797
1.24803
1.24808
1.24813
1.24817
1.2482
1.24823
1.24824
1.24825
1.24825
1.24825
1.24823
1.24821
1.24819
1.24815
1.24811
1.24807
1.24801
1.24795
1.24789
1.24782
1.24774
1.24765
1.24756
1.24747
1.24737
1.24726
1.24715
1.24703
1.24691
1.24678
1.24665
1.24651
1.24637
1.24622
1.24607
1.24591
1.24575
1.24559
1.24542
1.24525
1.24508
1.2449
1.24471
1.24453
1.24434
1.24415
1.24395
1.24376
1.24356
1.24335
1.24315
1.24294
1.24273
1.24252
1.24231
1.24209
1.24188
1.24166
1.24144
1.24122
1.241
1.24078
1.24056
1.24034
1.24011
1.23989
1.23967
1.23944
1.23922
1.239
1.23877
1.23855
1.23833
1.23811
1.23789
1.23767
1.23745
1.23724
1.23702
1.23681
1.2366
1.23638
1.23618
1.23597
1.23577
1.23556
1.23536
1.23517
1.23497
1.23478
1.23459
1.2344
1.23422
1.23404
1.23386
1.23368
1.23351
1.23334
1.23318
1.23301
1.23285
1.2327
1.23254
1.2324
1.23225
1.23211
1.23197
1.23184
1.23171
1.23158
1.23145
1.23134
1.23122
1.23111
1.231
1.2309
1.23079
1.2307
1.23061
1.23052
1.23043
1.23035
1.23027
1.2302
1.23013
1.23006
1.23
1.22994
1.22989
1.22983
1.22979
1.22974
1.2297
1.22966
1.22963
1.2296
1.22957
1.22955
1.22952
1.22951
1.22949
1.22948
1.22947
1.22946
1.22946
1.22945
1.22946
1.22946
1.22946
1.22947
1.22948
1.22949
1.22951
1.22952
1.22954
1.22956
1.22958
1.22961
1.22963
1.22966
1.22968
1.22971
1.22974
1.22977
1.2298
1.22983
1.22986
1.2299
1.22993
1.22996
1.23
1.23003
1.23007
1.2301
1.23014
1.23017
1.23021
1.23024
1.23028
1.23031
1.23035
1.23038
1.23041
1.23045
1.23048
1.23051
1.23054
1.23057
1.2306
1.23063
1.23066
1.23069
1.23072
1.23075
1.23078
1.2308
1.23083
1.23085
1.23088
1.2309
1.23093
1.23095
1.23097
1.23099
1.23102
1.23104
1.23106
1.23108
1.23111
1.23113
1.23115
1.23117
1.23119
1.23122
1.23124
1.23126
1.23129
1.23131
1.23134
1.23137
1.23139
1.23142
1.23145
1.23148
1.23151
1.23155
1.23158
1.23162
1.23165
1.23169
1.23174
1.23178
1.23182
1.23187
1.23192
1.23197
1.23202
1.23208
1.23214
1.2322
1.23226
1.23233
1.23239
1.23246
1.23254
1.23261
1.23269
1.23277
1.23285
1.23294
1.23303
1.23312
1.23321
1.23331
1.23341
1.23351
1.23361
1.23372
1.23383
1.23394
1.23405
1.23416
1.23428
1.2344
1.23452
1.23465
1.23477
1.2349
1.23503
1.23516
1.23529
1.23542
1.23556
1.23569
1.23583
1.23597
1.2361
1.23624
1.23638
1.23652
1.23666
1.2368
1.23694
1.23708
1.23722
1.23736
1.23749
1.23763
1.23777
1.2379
1.23804
1.23817
1.2383
1.23843
1.23856
1.23869
1.23881
1.23893
1.23905
1.23917
1.23928
1.2394
1.23951
1.23961
1.23972
1.23982
1.23992
1.24001
1.2401
1.24019
1.24027
1.24035
1.24043
1.2405
1.24057
1.24064
1.2407
1.24076
1.24081
1.24086
1.2409
1.24094
1.24098
1.24101
1.24103
1.24105
1.24107
1.24108
1.24109
1.2411
1.2411
1.24109
1.24108
1.24106
1.24104
1.24102
1.24099
1.24096
1.24092
1.24088
1.24083
1.24078
1.24072
1.24066
1.24059
1.24052
1.24045
1.24037
1.24028
1.24019
1.2401
1.24
1.2399
1.2398
1.23969
1.23957
1.23946
1.23933
1.23921
1.23908
1.23894
1.2388
1.23866
1.23851
1.23836
1.23821
1.23805
1.23789
1.23772
1.23755
1.23738
1.2372
1.23702
1.23684
1.23665
1.23645
1.23626
1.23606
1.23585
1.23565
1.23544
1.23522
1.235
1.23478
1.23455
1.23432
1.23409
1.23385
1.23361
1.23336
1.23311
1.23286
1.2326
1.23234
1.23207
1.2318
1.23153
1.23125
1.23096
1.23067
1.23038
1.23008
1.22978
1.22948
1.22916
1.22885
1.22853
1.2282
1.22787
1.22754
1.2272
1.22685
1.2265
1.22615
1.22579
1.22542
1.22506
1.22468
1.2243
1.22392
1.22353
1.22314
1.22275
1.22235
1.22194
1.22154
1.22112
1.22071
1.22029
1.21987
1.21944
1.21902
1.21859
1.21816
1.21772
1.21729
1.21685
1.21641
1.21598
1.21554
1.2151
1.21467
1.21423
1.2138
1.21337
1.21294
1.21251
1.21209
1.21167
1.21126
1.21085
1.21045
1.21005
1.20966
1.20928
1.20891
1.20854
1.20819
1.20784
1.20751
1.20718
1.20687
1.20657
1.20628
1.206
1.20574
1.20549
1.20526
1.20504
1.20484
1.20465
1.20448
1.20432
1.20418
1.20406
1.20396
1.20387
1.20381
1.20376
1.20373
1.20371
1.20372
1.20374
1.20378
1.20385
1.20392
1.20402
1.20414
1.20427
1.20443
1.2046
1.20478
1.20499
1.20521
1.20545
1.20571
1.20598
1.20626
1.20657
1.20688
1.20722
1.20756
1.20792
1.20829
1.20868
1.20907
1.20948
1.2099
1.21033
1.21076
1.21121
1.21167
1.21213
1.2126
1.21308
1.21357
1.21406
1.21456
1.21506
1.21556
1.21607
1.21659
1.2171
1.21762
1.21814
1.21866
1.21918
1.2197
1.22022
1.22074
1.22126
1.22178
1.22229
1.2228
1.22331
1.22382
1.22432
1.22482
1.22532
1.22581
1.2263
1.22678
1.22725
1.22772
1.22819
1.22864
1.2291
1.22954
1.22998
1.23041
1.23083
1.23125
1.23166
1.23206
1.23245
1.23284
1.23321
1.23358
1.23394
1.23429
1.23464
1.23497
1.2353
1.23561
1.23592
1.23622
1.23651
1.23679
1.23707
1.23733
1.23758
1.23783
1.23806
1.23829
1.23851
1.23872
1.23891
1.2391
1.23928
1.23945
1.23962
1.23977
1.23991
1.24004
1.24017
1.24028
1.24038
1.24048
1.24057
1.24064
1.24071
1.24076
1.24081
1.24085
1.24088
1.24089
1.2409
1.2409
1.24089
1.24087
1.24083
1.24079
1.24074
1.24068
1.24061
1.24052
1.24043
1.24033
1.24021
1.24009
1.23995
1.2398
1.23965
1.23948
1.2393
1.23911
1.23891
1.23869
1.23847
1.23823
1.23799
1.23773
1.23746
1.23718
1.23688
1.23658
1.23626
1.23593
1.23559
1.23524
1.23487
1.2345
1.23411
1.23371
1.2333
1.23287
1.23244
1.23199
1.23153
1.23106
1.23058
1.23008
1.22958
1.22906
1.22854
1.228
1.22745
1.22689
1.22633
1.22575
1.22516
1.22457
1.22397
1.22336
1.22274
1.22211
1.22148
1.22084
1.22019
1.21954
1.21888
1.21822
1.21756
1.21689
1.21623
1.21556
1.21488
1.21421
1.21354
1.21287
1.2122
1.21154
1.21088
1.21022
1.20957
1.20892
1.20828
1.20765
1.20702
1.20641
1.2058
1.2052
1.20462
1.20405
1.20349
1.20294
1.20241
1.2019
1.20139
1.20091
1.20044
1.19999
1.19956
1.19914
1.19875
1.19837
1.19801
1.19768
1.19736
1.19707
1.19679
1.19654
1.1963
1.19609
1.1959
1.19574
1.19559
1.19546
1.19536
1.19528
1.19522
1.19518
1.19516
1.19516
1.19518
1.19522
1.19528
1.19536
1.19546
1.19557
1.19571
1.19586
1.19603
1.19622
1.19642
1.19663
1.19687
1.19711
1.19737
1.19764
1.19793
1.19822
1.19853
1.19885
1.19918
1.19952
1.19986
1.20022
1.20058
1.20095
1.20133
1.20171
1.20209
1.20249
1.20288
1.20328
1.20368
1.20409
1.20449
1.2049
1.20531
1.20572
1.20613
1.20654
1.20694
1.20735
1.20775
1.20816
1.20856
1.20895
1.20935
1.20974
1.21012
1.2105
1.21088
1.21125
1.21162
1.21198
1.21234
1.21269
1.21303
1.21337
1.2137
1.21403
1.21435
1.21466
1.21497
1.21527
1.21556
1.21585
1.21613
1.2164
1.21666
1.21692
1.21717
1.21741
1.21765
1.21788
1.2181
1.21831
1.21852
1.21872
1.21891
1.2191
1.21927
1.21945
1.21961
1.21977
1.21992
1.22007
1.22021
1.22034
1.22046
1.22058
1.2207
1.22081
1.22091
1.22101
1.2211
1.22118
1.22126
1.22134
1.22141
1.22147
1.22153
1.22159
1.22164
1.22169
1.22173
1.22177
1.2218
1.22183
1.22186
1.22188
1.2219
1.22192
1.22193
1.22194
1.22195
1.22195
1.22196
1.22196
1.22195
1.22195
1.22194
1.22193
1.22192
1.22191
1.2219
1.22188
1.22187
1.22185
1.22184
1.22182
1.2218
1.22178
1.22176
1.22174
1.22172
1.22169
1.22167
1.22165
1.22163
1.22161
1.22159
1.22157
1.22155
1.22152
1.2215
1.22149
1.22147
1.22145
1.22143
1.22141
1.22139
1.22138
1.22136
1.22134
1.22133
1.22131
1.2213
1.22129
1.22127
1.22126
1.22125
1.22123
1.22122
1.22121
1.2212
1.22118
1.22117
1.22116
1.22115
1.22113
1.22112
1.2211
1.22109
1.22107
1.22106
1.22104
1.22102
1.221
1.22098
1.22096
1.22094
1.22091
1.22089
1.22086
1.22083
1.2208
1.22076
1.22073
1.22069
1.22065
1.2206
1.22056
1.22051
1.22046
1.2204
1.22034
1.22028
1.22022
1.22015
1.22008
1.22
1.21993
1.21984
1.21976
1.21967
1.21958
1.21948
1.21938
1.21927
1.21916
1.21905
1.21893
1.21881
1.21868
1.21855
1.21841
1.21827
1.21813
1.21798
1.21783
1.21767
1.2175
1.21734
1.21716
1.21699
1.21681
1.21662
1.21643
1.21623
1.21603
1.21583
1.21562
1.21541
1.21519
1.21497
1.21474
1.21451
1.21427
1.21404
1.21379
1.21354
1.21329
1.21304
1.21277
1.21251
1.21224
1.21197
1.2117
1.21142
1.21113
1.21085
1.21056
1.21027
1.20997
1.20967
1.20937
1.20906
1.20876
1.20845
1.20813
1.20782
1.2075
1.20718
1.20686
1.20653
1.2062
1.20587
1.20554
1.20521
1.20488
1.20454
1.2042
1.20387
1.20353
1.20318
1.20284
1.2025
1.20216
1.20181
1.20147
1.20112
1.20078
1.20043
1.20008
1.19974
1.19939
1.19905
1.1987
1.19835
1.19801
1.19766
1.19732
1.19698
1.19663
1.19629
1.19595
1.19561
1.19527
1.19493
1.1946
1.19426
1.19393
1.1936
1.19327
1.19294
1.19261
1.19228
1.19196
1.19164
1.19132
1.191
1.19069
1.19038
1.19007
1.18976
1.18946
1.18916
1.18886
1.18857
1.18827
1.18799
1.1877
1.18742
1.18714
1.18687
1.1866
1.18633
1.18607
1.18581
1.18556
1.18531
1.18507
1.18483
1.18459
1.18437
1.18414
1.18392
1.18371
1.18351
1.18331
1.18311
1.18292
1.18274
1.18257
1.1824
1.18224
1.18208
1.18194
1.1818
1.18166
1.18154
1.18142
1.18131
1.18121
1.18112
1.18103
1.18096
1.18089
1.18083
1.18077
1.18073
1.1807
1.18067
1.18065
1.18064
1.18064
1.18065
1.18067
1.18069
1.18073
1.18077
1.18082
1.18088
1.18095
1.18103
1.18111
1.1812
1.18131
1.18141
1.18153
1.18165
1.18178
1.18192
1.18207
1.18222
1.18238
1.18254
1.18271
1.18289
1.18307
1.18326
1.18345
1.18365
1.18385
1.18405
1.18426
1.18448
1.1847
1.18492
1.18514
1.18537
1.1856
1.18583
1.18606
1.1863
1.18654
1.18677
1.18701
1.18725
1.18749
1.18773
1.18797
1.18821
1.18845
1.18868
1.18892
1.18915
1.18939
1.18962
1.18985
1.19007
1.1903
1.19052
1.19074
1.19095
1.19116
1.19137
1.19158
1.19178
1.19198
1.19217
1.19237
1.19255
1.19273
1.19291
1.19308
1.19325
1.19342
1.19358
1.19373
1.19388
1.19402
1.19416
1.1943
1.19443
1.19455
1.19467
1.19479
1.1949
1.195
1.1951
1.19519
1.19528
1.19537
1.19545
1.19552
1.19559
1.19565
1.19571
1.19576
1.19581
1.19586
1.1959
1.19593
1.19596
1.19599
1.19601
1.19602
1.19604
1.19604
1.19605
1.19605
1.19604
1.19603
1.19602
1.196
1.19598
1.19596
1.19593
1.1959
1.19586
1.19582
1.19578
1.19574
1.19569
1.19564
1.19558
1.19553
1.19547
1.19541
1.19534
1.19527
1.1952
1.19513
1.19506
1.19498
1.1949
1.19482
1.19474
1.19465
1.19457
1.19448
1.19439
1.1943
1.19421
1.19412
1.19402
1.19393
1.19383
1.19373
1.19363
1.19353
1.19343
1.19333
1.19323
1.19312
1.19302
1.19292
1.19281
1.19271
1.1926
1.1925
1.19239
1.19228
1.19218
1.19207
1.19196
1.19186
1.19175
1.19164
1.19153
1.19143
1.19132
1.19121
1.1911
1.191
1.19089
1.19078
1.19068
1.19057
1.19047
1.19036
1.19025
1.19015
1.19004
1.18994
1.18984
1.18973
1.18963
1.18952
1.18942
1.18932
1.18922
1.18912
1.18902
1.18891
1.18881
1.18872
1.18862
1.18852
1.18842
1.18832
1.18823
1.18813
1.18804
1.18795
1.18785
1.18776
1.18767
1.18758
1.18749
1.1874
1.18732
1.18723
1.18715
1.18706
1.18698
1.1869
1.18682
1.18675
1.18667
1.1866
1.18653
1.18646
1.18639
1.18632
1.18626
1.1862
1.18614
1.18608
1.18602
1.18597
1.18592
1.18587
1.18583
1.18579
1.18575
1.18571
1.18568
1.18564
1.18562
1.18559
1.18557
1.18555
1.18554
1.18552
1.18552
1.18551
1.18551
1.18551
1.18552
1.18552
1.18554
1.18555
1.18557
1.18559
1.18562
1.18565
1.18568
1.18572
1.18576
1.1858
1.18585
1.1859
1.18595
1.18601
1.18607
1.18613
1.1862
1.18627
1.18634
1.18642
1.18649
1.18658
1.18666
1.18675
1.18683
1.18692
1.18702
1.18711
1.18721
1.18731
1.18741
1.18751
1.18762
1.18772
1.18783
1.18794
1.18805
1.18816
1.18827
1.18838
1.18849
1.1886
1.18872
1.18883
1.18894
1.18906
1.18917
1.18928
1.18939
1.18951
1.18962
1.18973
1.18984
1.18994
1.19005
1.19016
1.19026
1.19036
1.19047
1.19057
1.19066
1.19076
1.19085
1.19095
1.19104
1.19113
1.19121
1.1913
1.19138
1.19146
1.19153
1.19161
1.19168
1.19175
1.19181
1.19187
1.19194
1.19199
1.19205
1.1921
1.19215
1.1922
1.19224
1.19228
1.19232
1.19235
1.19238
1.19241
1.19244
1.19246
1.19248
1.19249
1.19251
1.19252
1.19253
1.19253
1.19253
1.19253
1.19253
1.19252
1.19251
1.1925
1.19249
1.19247
1.19245
1.19243
1.19241
1.19238
1.19235
1.19232
1.19229
1.19225
1.19221
1.19217
1.19213
1.19209
1.19204
1.192
1.19195
1.1919
1.19185
1.19179
1.19174
1.19168
1.19163
1.19157
1.19151
1.19145
1.19139
1.19133
1.19127
1.1912
1.19114
1.19108
1.19102
1.19095
1.19089
1.19083
1.19076
1.1907
1.19064
1.19058
1.19052
1.19045
1.19039
1.19034
1.19028
1.19022
1.19016
1.19011
1.19006
1.19
1.18995
1.1899
1.18986
1.18981
1.18977
1.18972
1.18968
1.18964
1.18961
1.18957
1.18954
1.18951
1.18948
1.18946
1.18944
1.18941
1.1894
1.18938
1.18937
1.18936
1.18935
1.18934
1.18934
1.18934
1.18934
1.18935
1.18936
1.18937
1.18938
1.1894
1.18941
1.18943
1.18946
1.18948
1.18951
1.18954
1.18958
1.18961
1.18965
1.18969
1.18974
1.18978
1.18983
1.18988
1.18993
1.18998
1.19004
1.1901
1.19015
1.19022
1.19028
1.19034
1.19041
1.19047
1.19054
1.19061
1.19068
1.19075
1.19082
1.1909
1.19097
1.19105
1.19112
1.1912
1.19127
1.19135
1.19142
1.1915
1.19157
1.19165
1.19172
1.1918
1.19187
1.19195
1.19202
1.19209
1.19216
1.19223
1.1923
1.19237
1.19244
1.1925
1.19257
1.19263
1.19269
1.19275
1.1928
1.19286
1.19291
1.19296
1.19301
1.19305
1.1931
1.19314
1.19318
1.19321
1.19325
1.19328
1.19331
1.19333
1.19335
1.19337
1.19339
1.1934
1.19341
1.19342
1.19342
1.19342
1.19342
1.19341
1.1934
1.19338
1.19337
1.19335
1.19332
1.19329
1.19326
1.19323
1.19319
1.19314
1.1931
1.19305
1.19299
1.19293
1.19287
1.19281
1.19274
1.19267
1.19259
1.19251
1.19243
1.19234
1.19225
1.19216
1.19206
1.19196
1.19186
1.19175
1.19165
1.19153
1.19142
1.1913
1.19118
1.19106
1.19093
1.1908
1.19067
1.19054
1.19041
1.19027
1.19014
1.19
1.18986
1.18971
1.18957
1.18943
1.18929
1.18914
1.189
1.18885
1.18871
1.18856
1.18842
1.18828
1.18814
1.188
1.18786
1.18772
1.18758
1.18745
1.18732
1.18719
1.18706
1.18694
1.18682
1.1867
1.18659
1.18648
1.18637
1.18627
1.18617
1.18608
1.18599
1.1859
1.18582
1.18575
1.18568
1.18561
1.18555
1.1855
1.18545
1.1854
1.18537
1.18533
1.18531
1.18528
1.18527
1.18526
1.18525
1.18526
1.18526
1.18528
1.18529
1.18532
1.18535
1.18538
1.18542
1.18547
1.18552
1.18558
1.18564
1.1857
1.18577
1.18585
1.18593
1.18602
1.18611
1.1862
1.1863
1.1864
1.18651
1.18662
1.18673
1.18685
1.18697
1.18709
1.18722
1.18735
1.18748
1.18762
1.18776
1.1879
1.18805
1.18819
1.18834
1.1885
1.18865
1.18881
1.18897
1.18913
1.1893
1.18946
1.18963
1.1898
1.18997
1.19015
1.19032
1.1905
1.19068
1.19086
1.19105
1.19123
1.19142
1.19161
1.1918
1.19199
1.19219
1.19239
1.19258
1.19278
1.19298
1.19319
1.19339
1.1936
1.19381
1.19402
1.19423
1.19444
1.19465
1.19487
1.19508
1.1953
1.19552
1.19574
1.19596
1.19618
1.19641
1.19663
1.19686
1.19708
1.19731
1.19754
1.19777
1.198
1.19823
1.19846
1.19869
1.19892
1.19915
1.19938
1.19961
1.19984
1.20007
1.2003
1.20053
1.20076
1.20099
1.20122
1.20144
1.20167
1.20189
1.20212
1.20234
1.20256
1.20278
1.203
1.20322
1.20343
1.20365
1.20386
1.20407
1.20428
1.20448
1.20468
1.20489
1.20508
1.20528
1.20547
1.20566
1.20585
1.20603
1.20622
1.2064
1.20657
1.20674
1.20691
1.20708
1.20724
1.2074
1.20755
1.2077
1.20785
1.208
1.20814
1.20827
1.2084
1.20853
1.20865
1.20877
1.20889
1.209
1.2091
1.2092
1.2093
1.20939
1.20948
1.20956
1.20964
1.20971
1.20978
1.20984
1.2099
1.20995
1.21
1.21004
1.21008
1.21011
1.21014
1.21016
1.21017
1.21018
1.21019
1.21019
1.21018
1.21016
1.21015
1.21012
1.21009
1.21005
1.21001
1.20996
1.20991
1.20985
1.20978
1.20971
1.20963
1.20954
1.20945
1.20935
1.20925
1.20914
1.20903
1.20891
1.20878
1.20865
1.20851
1.20836
1.20821
1.20806
1.2079
1.20773
1.20756
1.20738
1.2072
1.20702
1.20682
1.20663
1.20643
1.20622
1.20602
1.2058
1.20559
1.20537
1.20515
1.20492
1.2047
1.20447
1.20424
1.204
1.20377
1.20354
1.2033
1.20307
1.20283
1.2026
1.20237
1.20214
1.20191
1.20168
1.20146
