1.20001
1.20005
1.20008
1.20013
1.20017
1.20023
1.20029
1.20035
1.20042
1.2005
1.20058
1.20066
1.20075
1.20085
1.20095
1.20105
1.20115
1.20127
1.20138
1.2015
1.20162
1.20174
1.20187
1.202
1.20213
1.20226
1.2024
1.20254
1.20268
1.20282
1.20296
1.2031
1.20325
1.2034
1.20354
1.20369
1.20384
1.20398
1.20413
1.20428
1.20442
1.20457
1.20471
1.20486
1.205
1.20514
1.20528
1.20542
1.20555
1.20569
1.20582
1.20595
1.20608
1.2062
1.20632
1.20644
1.20656
1.20667
1.20678
1.20689
1.20699
1.20709
1.20719
1.20728
1.20737
1.20746
1.20754
1.20761
1.20769
1.20776
1.20782
1.20788
1.20794
1.20799
1.20803
1.20808
1.20811
1.20815
1.20818
1.2082
1.20822
1.20823
1.20824
1.20825
1.20825
1.20824
1.20823
1.20822
1.2082
1.20817
1.20814
1.20811
1.20807
1.20803
1.20798
1.20793
1.20787
1.20781
1.20774
1.20767
1.20759
1.20751
1.20743
1.20734
1.20724
1.20714
1.20704
1.20693
1.20682
1.2067
1.20658
1.20646
1.20633
1.2062
1.20606
1.20592
1.20578
1.20563
1.20548
1.20533
1.20517
1.205
1.20484
1.20467
1.2045
1.20432
1.20415
1.20397
1.20378
1.2036
1.20341
1.20321
1.20302
1.20282
1.20262
1.20242
1.20222
1.20201
1.20181
1.2016
1.20139
1.20117
1.20096
1.20075
1.20053
1.20031
1.20009
1.19987
1.19965
1.19943
1.19921
1.19899
1.19876
1.19854
1.19832
1.19809
1.19787
1.19765
1.19743
1.1972
1.19698
1.19676
1.19654
1.19632
1.1961
1.19588
1.19567
1.19545
1.19524
1.19503
1.19482
1.19461
1.1944
1.1942
1.194
1.1938
1.1936
1.1934
1.19321
1.19302
1.19283
1.19265
1.19246
1.19228
1.19211
1.19194
1.19177
1.1916
1.19144
1.19128
1.19112
1.19097
1.19082
1.19067
1.19053
1.1904
1.19026
1.19013
1.19001
1.18989
1.18977
1.18966
1.18955
1.18944
1.18934
1.18924
1.18915
1.18906
1.18898
1.1889
1.18883
1.18876
1.18869
1.18863
1.18857
1.18852
1.18847
1.18842
1.18838
1.18834
1.18831
1.18828
1.18826
1.18824
1.18822
1.18821
1.1882
1.18819
1.18819
1.18819
1.1882
1.18821
1.18822
1.18824
1.18826
1.18828
1.18831
1.18834
1.18837
1.18841
1.18845
1.18849
1.18853
1.18858
1.18863
1.18868
1.18873
1.18879
1.18885
1.18891
1.18897
1.18903
1.1891
1.18917
1.18924
1.18931
1.18938
1.18946
1.18953
1.18961
1.18968
1.18976
1.18984
1.18992
1.19
1.19008
1.19017
1.19025
1.19033
1.19041
1.1905
1.19058
1.19066
1.19075
1.19083
1.19091
1.191
1.19108
1.19116
1.19125
1.19133
1.19141
1.19149
1.19157
1.19165
1.19172
1.1918
1.19188
1.19195
1.19203
1.1921
1.19217
1.19224
1.19231
1.19238
1.19245
1.19252
1.19258
1.19264
1.19271
1.19277
1.19283
1.19288
1.19294
1.19299
1.19305
1.1931
1.19315
1.1932
1.19324
1.19329
1.19333
1.19337
1.19341
1.19345
1.19349
1.19352
1.19356
1.19359
1.19362
1.19365
1.19367
1.1937
1.19372
1.19374
1.19376
1.19378
1.1938
1.19381
1.19383
1.19384
1.19385
1.19386
1.19386
1.19387
1.19387
1.19387
1.19388
1.19387
1.19387
1.19387
1.19386
1.19385
1.19385
1.19384
1.19382
1.19381
1.1938
1.19378
1.19376
1.19375
1.19373
1.19371
1.19368
1.19366
1.19364
1.19361
1.19358
1.19356
1.19353
1.1935
1.19347
1.19343
1.1934
1.19337
1.19333
1.19329
1.19326
1.19322
1.19318
1.19314
1.1931
1.19306
1.19302
1.19298
1.19293
1.19289
1.19284
1.1928
1.19275
1.19271
1.19266
1.19261
1.19256
1.19252
1.19247
1.19242
1.19237
1.19232
1.19227
1.19222
1.19217
1.19212
1.19207
1.19201
1.19196
1.19191
1.19186
1.19181
1.19175
1.1917
1.19165
1.1916
1.19155
1.19149
1.19144
1.19139
1.19134
1.19129
1.19123
1.19118
1.19113
1.19108
1.19103
1.19098
1.19093
1.19088
1.19083
1.19078
1.19073
1.19068
1.19063
1.19059
1.19054
1.19049
1.19044
1.1904
1.19035
1.19031
1.19026
1.19022
1.19017
1.19013
1.19009
1.19004
1.19
1.18996
1.18992
1.18988
1.18984
1.1898
1.18976
1.18972
1.18969
1.18965
1.18961
1.18958
1.18954
1.18951
1.18947
1.18944
1.18941
1.18937
1.18934
1.18931
1.18928
1.18925
1.18922
1.18919
1.18916
1.18913
1.18911
1.18908
1.18905
1.18903
1.189
1.18897
1.18895
1.18892
1.1889
1.18888
1.18885
1.18883
1.18881
1.18878
1.18876
1.18874
1.18872
1.1887
1.18867
1.18865
1.18863
1.18861
1.18859
1.18857
1.18855
1.18853
1.18851
1.18849
1.18847
1.18845
1.18843
1.18841
1.18838
1.18836
1.18834
1.18832
1.1883
1.18828
1.18826
1.18824
1.18821
1.18819
1.18817
1.18815
1.18812
1.1881
1.18807
1.18805
1.18802
1.188
1.18797
1.18795
1.18792
1.18789
1.18787
1.18784
1.18781
1.18778
1.18775
1.18772
1.18769
1.18766
1.18763
1.18759
1.18756
1.18753
1.18749
1.18746
1.18742
1.18739
1.18735
1.18731
1.18728
1.18724
1.1872
1.18716
1.18712
1.18708
1.18704
1.187
1.18696
1.18691
1.18687
1.18683
1.18678
1.18674
1.1867
1.18665
1.18661
1.18656
1.18652
1.18647
1.18643
1.18638
1.18633
1.18629
1.18624
1.1862
1.18615
1.18611
1.18606
1.18601
1.18597
1.18592
1.18588
1.18583
1.18579
1.18575
1.1857
1.18566
1.18562
1.18558
1.18554
1.1855
1.18546
1.18542
1.18538
1.18535
1.18531
1.18528
1.18524
1.18521
1.18518
1.18515
1.18512
1.18509
1.18507
1.18504
1.18502
1.185
1.18498
1.18496
1.18494
1.18493
1.18491
1.1849
1.18489
1.18488
1.18488
1.18487
1.18487
1.18487
1.18487
1.18487
1.18488
1.18488
1.18489
1.1849
1.18492
1.18493
1.18495
1.18497
1.18499
1.18501
1.18504
1.18507
1.1851
1.18513
1.18516
1.1852
1.18524
1.18528
1.18532
1.18536
1.18541
1.18546
1.18551
1.18556
1.18561
1.18567
1.18573
1.18579
1.18585
1.18591
1.18597
1.18604
1.18611
1.18617
1.18624
1.18632
1.18639
1.18646
1.18654
1.18661
1.18669
1.18677
1.18685
1.18693
1.18701
1.18709
1.18718
1.18726
1.18734
1.18743
1.18751
1.1876
1.18768
1.18777
1.18785
1.18794
1.18802
1.18811
1.18819
1.18828
1.18836
1.18844
1.18853
1.18861
1.18869
1.18877
1.18885
1.18893
1.189
1.18908
1.18915
1.18923
1.1893
1.18937
1.18944
1.1895
1.18957
1.18963
1.18969
1.18974
1.1898
1.18985
1.1899
1.18995
1.19
1.19004
1.19008
1.19012
1.19015
1.19018
1.19021
1.19023
1.19025
1.19027
1.19028
1.19029
1.1903
1.1903
1.1903
1.19029
1.19029
1.19027
1.19025
1.19023
1.19021
1.19018
1.19014
1.1901
1.19006
1.19001
1.18996
1.1899
1.18984
1.18977
1.1897
1.18963
1.18955
1.18946
1.18937
1.18928
1.18918
1.18907
1.18897
1.18885
1.18874
1.18861
1.18849
1.18835
1.18822
1.18808
1.18793
1.18779
1.18763
1.18748
1.18731
1.18715
1.18698
1.18681
1.18663
1.18645
1.18627
1.18609
1.1859
1.18571
1.18551
1.18532
1.18512
1.18492
1.18471
1.18451
1.1843
1.18409
1.18388
1.18367
1.18346
1.18325
1.18304
1.18283
1.18261
1.1824
1.18219
1.18197
1.18176
1.18155
1.18134
1.18113
1.18093
1.18072
1.18052
1.18031
1.18011
1.17992
1.17972
1.17953
1.17934
1.17915
1.17896
1.17878
1.1786
1.17843
1.17825
1.17808
1.17792
1.17775
1.17759
1.17744
1.17728
1.17713
1.17699
1.17684
1.1767
1.17656
1.17643
1.1763
1.17617
1.17605
1.17593
1.17581
1.17569
1.17558
1.17546
1.17536
1.17525
1.17514
1.17504
1.17494
1.17484
1.17474
1.17465
1.17455
1.17446
1.17436
1.17427
1.17418
1.17409
1.174
1.1739
1.17381
1.17372
1.17363
1.17354
1.17344
1.17335
1.17326
1.17316
1.17306
1.17296
1.17286
1.17276
1.17266
1.17255
1.17244
1.17233
1.17222
1.17211
1.17199
1.17187
1.17175
1.17163
1.1715
1.17137
1.17124
1.1711
1.17097
1.17083
1.17068
1.17054
1.17039
1.17024
1.17009
1.16993
1.16977
1.16961
1.16945
1.16929
1.16912
1.16895
1.16878
1.16861
1.16844
1.16827
1.1681
1.16792
1.16775
1.16758
1.16741
1.16724
1.16707
1.1669
1.16673
1.16657
1.16641
1.16625
1.1661
1.16595
1.1658
1.16566
1.16553
1.1654
1.16528
1.16516
1.16505
1.16495
1.16485
1.16477
1.16469
1.16462
1.16457
1.16452
1.16448
1.16445
1.16444
1.16443
1.16444
1.16445
1.16449
1.16453
1.16458
1.16465
1.16473
1.16482
1.16493
1.16505
1.16518
1.16533
1.16549
1.16566
1.16585
1.16605
1.16626
1.16649
1.16672
1.16697
1.16724
1.16751
1.1678
1.1681
1.16841
1.16874
1.16907
1.16942
1.16977
1.17014
1.17051
1.1709
1.17129
1.1717
1.17211
1.17253
1.17296
1.1734
1.17384
1.17429
1.17475
1.17521
1.17568
1.17616
1.17664
1.17712
1.17761
1.17811
1.1786
1.17911
1.17961
1.18012
1.18063
1.18114
1.18166
1.18217
1.18269
1.18321
1.18373
1.18425
1.18477
1.18529
1.18581
1.18633
1.18685
1.18737
1.18789
1.18841
1.18892
1.18944
1.18995
1.19046
1.19096
1.19147
1.19197
1.19247
1.19297
1.19346
1.19395
1.19444
1.19492
1.1954
1.19587
1.19635
1.19681
1.19728
1.19773
1.19819
1.19864
1.19908
1.19952
1.19996
1.20039
1.20081
1.20123
1.20165
1.20205
1.20246
1.20286
1.20325
1.20363
1.20402
1.20439
1.20476
1.20512
1.20548
1.20583
1.20618
1.20652
1.20685
1.20718
1.2075
1.20781
1.20812
1.20842
1.20871
1.209
1.20928
1.20955
1.20982
1.21008
1.21033
1.21057
1.21081
1.21104
1.21126
1.21148
1.21169
1.21189
1.21208
1.21226
1.21244
1.21261
1.21277
1.21292
1.21306
1.2132
1.21332
1.21344
1.21355
1.21365
1.21374
1.21382
1.21389
1.21395
1.214
1.21404
1.21407
1.21409
1.2141
1.2141
1.21409
1.21407
1.21404
1.21399
1.21394
1.21387
1.21379
1.2137
1.21359
1.21348
1.21335
1.21321
1.21305
1.21289
1.21271
1.21251
1.21231
1.21209
1.21186
1.21161
1.21135
1.21107
1.21079
1.21049
1.21017
1.20984
1.2095
1.20914
1.20878
1.20839
1.208
1.20759
1.20717
1.20674
1.20629
1.20584
1.20537
1.20489
1.20441
1.20391
1.20341
1.20289
1.20237
1.20184
1.20131
1.20077
1.20023
1.19969
1.19914
1.19859
1.19804
1.1975
1.19695
1.19641
1.19588
1.19535
1.19483
1.19431
1.19381
1.19332
1.19284
1.19238
1.19193
1.1915
1.19109
1.1907
1.19033
1.18998
1.18965
1.18935
1.18908
1.18883
1.1886
1.18841
1.18824
1.1881
1.18799
1.18791
1.18787
1.18785
1.18786
1.1879
1.18797
1.18807
1.1882
1.18836
1.18855
1.18876
1.18901
1.18927
1.18957
1.18988
1.19022
1.19058
1.19097
1.19137
1.19179
1.19222
1.19267
1.19314
1.19361
1.1941
1.1946
1.19511
1.19562
1.19614
1.19667
1.19719
1.19772
1.19825
1.19878
1.19931
1.19983
1.20035
1.20087
1.20138
1.20188
1.20238
1.20286
1.20334
1.20381
1.20426
1.20471
1.20514
1.20557
1.20597
1.20637
1.20675
1.20712
1.20747
1.20781
1.20813
1.20844
1.20873
1.20901
1.20927
1.20951
1.20974
1.20996
1.21015
1.21034
1.2105
1.21065
1.21078
1.2109
1.211
1.21109
1.21116
1.21121
1.21125
1.21127
1.21128
1.21128
1.21126
1.21122
1.21117
1.21111
1.21103
1.21094
1.21083
1.21071
1.21058
1.21044
1.21028
1.21012
1.20994
1.20974
1.20954
1.20933
1.2091
1.20887
1.20862
1.20837
1.20811
1.20783
1.20755
1.20726
1.20697
1.20666
1.20635
1.20603
1.2057
1.20537
1.20504
1.20469
1.20435
1.20399
1.20364
1.20328
1.20291
1.20255
1.20218
1.2018
1.20143
1.20105
1.20068
1.2003
1.19992
1.19954
1.19916
1.19878
1.1984
1.19802
1.19764
1.19727
1.19689
1.19652
1.19615
1.19578
1.19541
1.19505
1.19469
1.19433
1.19397
1.19362
1.19327
1.19293
1.19259
1.19225
1.19192
1.19159
1.19126
1.19094
1.19063
1.19032
1.19001
1.18971
1.18941
1.18912
1.18883
1.18855
1.18828
1.18801
1.18774
1.18748
1.18723
1.18698
1.18674
1.1865
1.18627
1.18605
1.18583
1.18561
1.18541
1.18521
1.18501
1.18482
1.18464
1.18447
1.1843
1.18414
1.18398
1.18383
1.18368
1.18355
1.18342
1.18329
1.18317
1.18306
1.18295
1.18285
1.18275
1.18266
1.18257
1.18249
1.18241
1.18234
1.18227
1.1822
1.18214
1.18208
1.18203
1.18198
1.18193
1.18188
1.18183
1.18179
1.18175
1.1817
1.18166
1.18162
1.18158
1.18154
1.18149
1.18145
1.1814
1.18136
1.18131
1.18126
1.18121
1.18116
1.1811
1.18104
1.18098
1.18092
1.18085
1.18079
1.18072
1.18065
1.18057
1.1805
1.18042
1.18034
1.18027
1.18019
1.18011
1.18003
1.17995
1.17987
1.1798
1.17972
1.17965
1.17958
1.17952
1.17945
1.1794
1.17934
1.1793
1.17926
1.17922
1.1792
1.17918
1.17917
1.17917
1.17918
1.17919
1.17922
1.17926
1.17931
1.17936
1.17943
1.17952
1.17961
1.17971
1.17983
1.17996
1.1801
1.18025
1.18041
1.18058
1.18077
1.18096
1.18117
1.18138
1.18161
1.18184
1.18208
1.18233
1.18258
1.18285
1.18312
1.18339
1.18367
1.18395
1.18423
1.18452
1.18481
1.1851
1.18539
1.18568
1.18597
1.18626
1.18654
1.18682
1.1871
1.18738
1.18765
1.18791
1.18817
1.18842
1.18867
1.18891
1.18914
1.18937
1.18959
1.1898
1.19
1.1902
1.19038
1.19056
1.19074
1.1909
1.19106
1.19121
1.19136
1.1915
1.19163
1.19175
1.19187
1.19199
1.19209
1.1922
1.1923
1.19239
1.19249
1.19258
1.19266
1.19275
1.19283
1.19291
1.19299
1.19306
1.19314
1.19322
1.1933
1.19337
1.19345
1.19353
1.19361
1.19369
1.19377
1.19385
1.19394
1.19402
1.19411
1.1942
1.19429
1.19438
1.19447
1.19456
1.19466
1.19475
1.19485
1.19495
1.19504
1.19514
1.19524
1.19533
1.19543
1.19552
1.19562
1.19571
1.1958
1.19588
1.19597
1.19605
1.19612
1.1962
1.19627
1.19633
1.19639
1.19645
1.1965
1.19654
1.19658
1.19661
1.19664
1.19666
1.19668
1.19668
1.19668
1.19668
1.19667
1.19665
1.19662
1.19659
1.19655
1.1965
1.19645
1.19639
1.19633
1.19626
1.19618
1.19609
1.19601
1.19591
1.19581
1.19571
1.19561
1.19549
1.19538
1.19526
1.19515
1.19502
1.1949
1.19478
1.19465
1.19453
1.19441
1.19428
1.19416
1.19404
1.19392
1.19381
1.1937
1.19359
1.19349
1.1934
1.1933
1.19322
1.19314
1.19307
1.193
1.19294
1.1929
1.19285
1.19282
1.1928
1.19278
1.19278
1.19279
1.1928
1.19283
1.19286
1.19291
1.19296
1.19303
1.19311
1.19319
1.19329
1.1934
1.19351
1.19364
1.19378
1.19393
1.19408
1.19425
1.19442
1.19461
1.1948
1.195
1.1952
1.19542
1.19564
1.19587
1.1961
1.19634
1.19659
1.19684
1.19709
1.19735
1.19762
1.19789
1.19816
1.19843
1.19871
1.19899
1.19927
1.19955
1.19983
1.20011
1.2004
1.20068
1.20096
1.20124
1.20153
1.20181
1.20209
1.20236
1.20264
1.20291
1.20318
1.20345
1.20372
1.20398
1.20424
1.2045
1.20476
1.20501
1.20526
1.2055
1.20574
1.20598
1.20621
1.20644
1.20667
1.20689
1.20711
1.20733
1.20754
1.20774
1.20795
1.20815
1.20834
1.20854
1.20873
1.20891
1.20909
1.20927
1.20944
1.20961
1.20978
1.20995
1.21011
1.21026
1.21042
1.21057
1.21072
1.21086
1.21101
1.21115
1.21128
1.21142
1.21155
1.21168
1.21181
1.21193
1.21205
1.21217
1.21229
1.2124
1.21252
1.21263
1.21274
1.21285
1.21295
1.21306
1.21316
1.21326
1.21336
1.21345
1.21355
1.21364
1.21374
1.21383
1.21392
1.21401
1.2141
1.21418
1.21427
1.21435
1.21443
1.21452
1.2146
1.21468
1.21475
1.21483
1.21491
1.21498
1.21506
1.21513
1.2152
1.21527
1.21535
1.21542
1.21548
1.21555
1.21562
1.21569
1.21575
1.21582
1.21588
1.21594
1.216
1.21606
1.21612
1.21618
1.21624
1.2163
1.21636
1.21641
1.21647
1.21652
1.21658
1.21663
1.21668
1.21673
1.21678
1.21683
1.21688
1.21693
1.21697
1.21702
1.21707
1.21711
1.21715
1.2172
1.21724
1.21728
1.21732
1.21736
1.2174
1.21744
1.21747
1.21751
1.21755
1.21758
1.21761
1.21765
1.21768
1.21771
1.21774
1.21777
1.2178
1.21783
1.21786
1.21789
1.21792
1.21794
1.21797
1.218
1.21802
1.21805
1.21807
1.21809
1.21812
1.21814
1.21816
1.21818
1.2182
1.21822
1.21824
1.21826
1.21828
1.2183
1.21832
1.21833
1.21835
1.21837
1.21839
1.2184
1.21842
1.21843
1.21845
1.21847
1.21848
1.2185
1.21851
1.21853
1.21854
1.21855
1.21857
1.21858
1.2186
1.21861
1.21862
1.21864
1.21865
1.21866
1.21868
1.21869
1.21871
1.21872
1.21873
1.21874
1.21876
1.21877
1.21878
1.2188
1.21881
1.21882
1.21884
1.21885
1.21886
1.21888
1.21889
1.21891
1.21892
1.21893
1.21895
1.21896
1.21897
1.21899
1.219
1.21902
1.21903
1.21904
1.21906
1.21907
1.21909
1.2191
1.21912
1.21913
1.21914
1.21916
1.21917
1.21919
1.2192
1.21922
1.21923
1.21925
1.21926
1.21927
1.21929
1.2193
1.21932
1.21933
1.21934
1.21936
1.21937
1.21939
1.2194
1.21941
1.21942
1.21944
1.21945
1.21946
1.21947
1.21949
1.2195
1.21951
1.21952
1.21953
1.21954
1.21955
1.21956
1.21957
1.21958
1.21959
1.2196
1.21961
1.21961
1.21962
1.21963
1.21963
1.21964
1.21964
1.21965
1.21965
1.21965
1.21965
1.21966
1.21966
1.21966
1.21965
1.21965
1.21965
1.21965
1.21964
1.21964
1.21963
1.21962
1.21961
1.2196
1.21959
1.21958
1.21956
1.21955
1.21953
1.21951
1.21949
1.21947
1.21945
1.21942
1.2194
1.21937
1.21934
1.21931
1.21927
1.21923
1.21919
1.21915
1.2191
1.21906
1.21901
1.21895
1.21889
1.21883
1.21877
1.2187
1.21863
1.21855
1.21847
1.21839
1.2183
1.21821
1.21811
1.218
1.21789
1.21778
1.21766
1.21753
1.21739
1.21725
1.2171
1.21694
1.21678
1.2166
1.21642
1.21623
1.21603
1.21582
1.2156
1.21537
1.21512
1.21487
1.2146
1.21432
1.21403
1.21372
1.2134
1.21306
1.21271
1.21235
1.21196
1.21156
1.21115
1.21071
1.21026
1.20979
1.20929
1.20878
1.20825
1.2077
1.20712
1.20653
1.20591
1.20527
1.20461
1.20392
1.20322
1.20249
1.20173
1.20096
1.20016
1.19934
1.1985
1.19763
1.19675
1.19584
1.19492
1.19397
1.19301
1.19204
1.19105
1.19004
1.18903
1.18801
1.18698
1.18594
1.18491
1.18387
1.18284
1.18181
1.18079
1.17978
1.17879
1.17782
1.17687
1.17594
1.17505
1.17419
1.17336
1.17257
1.17183
1.17113
1.17048
1.16988
1.16934
1.16885
1.16843
1.16807
1.16777
1.16754
1.16737
1.16727
1.16724
1.16728
1.16738
1.16756
1.1678
1.1681
1.16847
1.1689
1.16939
1.16994
1.17055
1.1712
1.17191
1.17266
1.17346
1.17429
1.17516
1.17606
1.17699
1.17795
1.17892
1.17992
1.18093
1.18195
1.18298
1.18402
1.18505
1.18609
1.18712
1.18815
1.18916
1.19017
1.19117
1.19215
1.19311
1.19406
1.19498
1.19589
1.19678
1.19764
1.19848
1.1993
1.20009
1.20086
1.2016
1.20232
1.20302
1.20368
1.20433
1.20495
1.20554
1.20611
1.20665
1.20718
1.20767
1.20815
1.2086
1.20903
1.20944
1.20983
1.2102
1.21055
1.21088
1.21119
1.21148
1.21176
1.21201
1.21226
1.21249
1.2127
1.2129
1.21308
1.21325
1.21341
1.21356
1.21369
1.21382
1.21393
1.21403
1.21413
1.21422
1.21429
1.21436
1.21442
1.21448
1.21453
1.21457
1.2146
1.21463
1.21466
1.21468
1.2147
1.21471
1.21472
1.21473
1.21473
1.21473
1.21473
1.21472
1.21472
1.21471
1.2147
1.21469
1.21468
1.21467
1.21466
1.21465
1.21463
1.21462
1.21461
1.2146
1.21459
1.21459
1.21458
1.21457
1.21457
1.21457
1.21456
1.21456
1.21457
1.21457
1.21458
1.21458
1.21459
1.21461
1.21462
1.21464
1.21466
1.21468
1.2147
1.21473
1.21476
1.21479
1.21482
1.21485
1.21489
1.21493
1.21497
1.21502
1.21507
1.21511
1.21517
1.21522
1.21527
1.21533
1.21539
1.21545
1.21551
1.21558
1.21564
1.21571
1.21578
1.21585
1.21592
1.216
1.21607
1.21615
1.21623
1.2163
1.21638
1.21646
1.21654
1.21663
1.21671
1.21679
1.21688
1.21696
1.21705
1.21713
1.21722
1.21731
1.21739
1.21748
1.21757
1.21766
1.21775
1.21783
1.21792
1.21801
1.2181
1.21819
1.21828
1.21837
1.21846
1.21855
1.21864
1.21873
1.21882
1.21891
1.219
1.21909
1.21918
1.21928
1.21937
1.21946
1.21955
1.21964
1.21973
1.21983
1.21992
1.22001
1.22011
1.2202
1.22029
1.22039
1.22048
1.22058
1.22067
1.22077
1.22086
1.22096
1.22106
1.22115
1.22125
1.22135
1.22145
1.22154
1.22164
1.22174
1.22184
1.22194
1.22204
1.22213
1.22223
1.22233
1.22243
1.22253
1.22263
1.22273
1.22283
1.22292
1.22302
1.22312
1.22322
1.22331
1.22341
1.2235
1.2236
1.22369
1.22378
1.22388
1.22397
1.22406
1.22414
1.22423
1.22432
1.2244
1.22449
1.22457
1.22465
1.22473
1.2248
1.22488
1.22495
1.22502
1.22509
1.22516
1.22522
1.22528
1.22534
1.2254
1.22545
1.22551
1.22556
1.2256
1.22565
1.22569
1.22573
1.22576
1.2258
1.22583
1.22585
1.22588
1.2259
1.22592
1.22594
1.22595
1.22596
1.22597
1.22597
1.22598
1.22597
1.22597
1.22597
1.22596
1.22595
1.22593
1.22592
1.2259
1.22588
1.22586
1.22583
1.22581
1.22578
1.22575
1.22572
1.22568
1.22565
1.22561
1.22558
1.22554
1.2255
1.22546
1.22543
1.22539
1.22535
1.22531
1.22527
1.22523
1.22519
1.22515
1.22511
1.22508
1.22504
1.22501
1.22497
1.22494
1.22491
1.22488
1.22485
1.22483
1.22481
1.22479
1.22477
1.22475
1.22474
1.22473
1.22472
1.22471
1.22471
1.22471
1.22471
1.22471
1.22472
1.22473
1.22474
1.22476
1.22477
1.22479
1.22482
1.22484
1.22487
1.2249
1.22493
1.22496
1.225
1.22504
1.22508
1.22512
1.22516
1.2252
1.22524
1.22529
1.22533
1.22538
1.22543
1.22547
1.22552
1.22556
1.22561
1.22565
1.2257
1.22574
1.22578
1.22582
1.22586
1.22589
1.22593
1.22596
1.22599
1.22601
1.22603
1.22606
1.22607
1.22609
1.2261
1.2261
1.22611
1.22611
1.2261
1.22609
1.22608
1.22606
1.22604
1.22602
1.22599
1.22596
1.22592
1.22588
1.22583
1.22578
1.22573
1.22567
1.2256
1.22554
1.22547
1.22539
1.22532
1.22524
1.22515
1.22507
1.22498
1.22489
1.22479
1.22469
1.2246
1.2245
1.22439
1.22429
1.22419
1.22408
1.22398
1.22387
1.22377
1.22366
1.22356
1.22346
1.22336
1.22326
1.22316
1.22306
1.22297
1.22288
1.2228
1.22271
1.22263
1.22256
1.22248
1.22242
1.22235
1.2223
1.22224
1.2222
1.22216
1.22212
1.22209
1.22206
1.22204
1.22203
1.22203
1.22203
1.22203
1.22204
1.22206
1.22209
1.22212
1.22216
1.2222
1.22225
1.22231
1.22237
1.22244
1.22252
1.2226
1.22268
1.22277
1.22287
1.22297
1.22308
1.22319
1.2233
1.22342
1.22354
1.22367
1.2238
1.22394
1.22407
1.22421
1.22436
1.2245
1.22465
1.2248
1.22495
1.2251
1.22526
1.22541
1.22556
1.22572
1.22588
1.22603
1.22619
1.22635
1.2265
1.22666
1.22681
1.22696
1.22712
1.22727
1.22742
1.22757
1.22771
1.22786
1.228
1.22815
1.22829
1.22843
1.22856
1.2287
1.22883
1.22896
1.22909
1.22921
1.22934
1.22946
1.22958
1.2297
1.22981
1.22993
1.23004
1.23015
1.23026
1.23037
1.23047
1.23057
1.23068
1.23078
1.23087
1.23097
1.23107
1.23116
1.23126
1.23135
1.23144
1.23153
1.23162
1.23171
1.2318
1.23189
1.23198
1.23207
1.23216
1.23225
1.23234
1.23243
1.23252
1.23261
1.2327
1.23279
1.23288
1.23297
1.23306
1.23316
1.23325
1.23335
1.23345
1.23355
1.23365
1.23375
1.23385
1.23395
1.23406
1.23417
1.23428
1.23438
1.2345
1.23461
1.23472
1.23484
1.23496
1.23508
1.2352
1.23532
1.23544
1.23557
1.23569
1.23582
1.23595
1.23608
1.23621
1.23634
1.23648
1.23661
1.23675
1.23688
1.23702
1.23715
1.23729
1.23743
1.23757
1.2377
1.23784
1.23798
1.23812
1.23825
1.23839
1.23853
1.23866
1.2388
1.23893
1.23906
1.23919
1.23932
1.23944
1.23957
1.23969
1.23981
1.23993
1.24005
1.24016
1.24027
1.24038
1.24048
1.24058
1.24068
1.24077
1.24086
1.24095
1.24103
1.24111
1.24118
1.24125
1.24131
1.24137
1.24142
1.24147
1.24151
1.24155
1.24158
1.2416
1.24162
1.24164
1.24164
1.24164
1.24164
1.24163
1.24161
1.24158
1.24155
1.24151
1.24146
1.24141
1.24134
1.24127
1.2412
1.24111
1.24102
1.24092
1.24081
1.2407
1.24057
1.24044
1.2403
1.24015
1.24
1.23983
1.23966
1.23948
1.23929
1.2391
1.23889
1.23868
1.23846
1.23823
1.23799
1.23775
1.2375
1.23724
1.23697
1.2367
1.23642
1.23613
1.23583
1.23553
1.23522
1.23491
1.23459
1.23426
1.23393
1.23359
1.23324
1.23289
1.23254
1.23218
1.23182
1.23145
1.23108
1.23071
1.23033
1.22995
1.22957
1.22918
1.22879
1.22841
1.22802
1.22763
1.22724
1.22685
1.22646
1.22608
1.22569
1.22531
1.22492
1.22455
1.22417
1.2238
1.22343
1.22307
1.22271
1.22236
1.22201
1.22167
1.22133
1.22101
1.22069
1.22038
1.22007
1.21978
1.2195
1.21922
1.21896
1.2187
1.21846
1.21822
1.218
1.21779
1.2176
1.21741
1.21724
1.21708
1.21694
1.21681
1.21669
1.21658
1.21649
1.21642
1.21636
1.21631
1.21628
1.21626
1.21626
1.21627
1.2163
1.21634
1.2164
1.21647
1.21656
1.21666
1.21678
1.21691
1.21706
1.21722
1.21739
1.21758
1.21778
1.218
1.21822
1.21847
1.21872
1.21899
1.21927
1.21956
1.21986
1.22017
1.22049
1.22083
1.22117
1.22152
1.22189
1.22226
1.22264
1.22302
1.22342
1.22382
1.22423
1.22464
1.22506
1.22548
1.22591
1.22634
1.22678
1.22722
1.22766
1.22811
1.22856
1.229
1.22945
1.2299
1.23035
1.2308
1.23125
1.2317
1.23215
1.23259
1.23303
1.23347
1.23391
1.23434
1.23476
1.23519
1.23561
1.23602
1.23643
1.23683
1.23722
1.23761
1.23799
1.23837
1.23874
1.2391
1.23945
1.23979
1.24012
1.24045
1.24076
1.24107
1.24137
1.24165
1.24193
1.2422
1.24245
1.2427
1.24293
1.24315
1.24336
1.24356
1.24375
1.24393
1.24409
1.24424
1.24438
1.24451
1.24463
1.24473
1.24482
1.2449
1.24496
1.24502
1.24506
1.24508
1.2451
1.2451
1.24509
1.24507
1.24503
1.24498
1.24492
1.24485
1.24477
1.24467
1.24456
1.24444
1.24431
1.24416
1.24401
1.24384
1.24366
1.24347
1.24327
1.24306
1.24285
1.24262
1.24238
1.24213
1.24187
1.24161
1.24133
1.24105
1.24076
1.24046
1.24016
1.23985
1.23953
1.23921
1.23889
1.23855
1.23822
1.23788
1.23754
1.23719
1.23684
1.23649
1.23614
1.23579
1.23543
1.23508
1.23473
1.23437
1.23402
1.23367
1.23333
1.23298
1.23264
1.2323
1.23197
1.23164
1.23131
1.23099
1.23068
1.23037
1.23007
1.22977
1.22949
1.2292
1.22893
1.22867
1.22841
1.22816
1.22792
1.22768
1.22746
1.22725
1.22704
1.22684
1.22666
1.22648
1.22631
1.22616
1.22601
1.22587
1.22574
1.22562
1.22551
1.22541
1.22532
1.22524
1.22517
1.22511
1.22506
1.22502
1.22498
1.22496
1.22495
1.22494
1.22494
1.22496
1.22498
1.225
1.22504
1.22509
1.22514
1.2252
1.22527
1.22535
1.22543
1.22553
1.22562
1.22573
1.22584
1.22596
1.22609
1.22622
1.22636
1.22651
1.22666
1.22682
1.22698
1.22715
1.22733
1.22751
1.22769
1.22788
1.22808
1.22828
1.22848
1.22869
1.2289
1.22912
1.22934
1.22956
1.22979
1.23002
1.23025
1.23049
1.23073
1.23097
1.23121
1.23146
1.2317
1.23195
1.2322
1.23245
1.23271
1.23296
1.23321
1.23347
1.23372
1.23397
1.23423
1.23448
1.23473
1.23499
1.23524
1.23549
1.23573
1.23598
1.23622
1.23647
1.23671
1.23694
1.23718
1.23741
1.23764
1.23786
1.23809
1.23831
1.23852
1.23873
1.23894
1.23914
1.23934
1.23954
1.23973
1.23991
1.24009
1.24027
1.24044
1.2406
1.24076
1.24092
1.24107
1.24121
1.24135
1.24148
1.24161
1.24173
1.24185
1.24196
1.24206
1.24216
1.24225
1.24233
1.24241
1.24249
1.24255
1.24261
1.24267
1.24272
1.24276
1.24279
1.24282
1.24285
1.24287
1.24288
1.24288
1.24288
1.24287
1.24286
1.24284
1.24282
1.24279
1.24275
1.24271
1.24266
1.2426
1.24254
1.24248
1.24241
1.24233
1.24225
1.24216
1.24207
1.24197
1.24186
1.24176
1.24164
1.24152
1.2414
1.24127
1.24114
1.241
1.24086
1.24072
1.24057
1.24041
1.24025
1.24009
1.23993
1.23976
1.23958
1.23941
1.23923
1.23905
1.23886
1.23867
1.23848
1.23828
1.23809
1.23789
1.23769
1.23748
1.23728
1.23707
1.23686
1.23665
1.23644
1.23623
1.23602
1.2358
1.23559
1.23537
1.23516
1.23494
1.23473
1.23451
1.2343
1.23409
1.23387
1.23366
1.23345
1.23324
1.23304
1.23283
1.23263
1.23243
1.23223
1.23204
1.23184
1.23166
1.23147
1.23129
1.23111
1.23094
1.23077
1.2306
1.23044
1.23029
1.23013
1.22999
1.22985
1.22971
1.22958
1.22946
1.22934
1.22923
1.22913
1.22903
1.22894
1.22885
1.22877
1.2287
1.22864
1.22858
1.22853
1.22849
1.22845
1.22843
1.22841
1.2284
1.22839
1.2284
1.22841
1.22843
1.22845
1.22849
1.22853
1.22858
1.22863
1.2287
1.22877
1.22885
1.22894
1.22903
1.22913
1.22924
1.22936
1.22948
1.22961
1.22975
1.22989
1.23004
1.23019
1.23035
1.23051
1.23069
1.23086
1.23104
1.23123
1.23142
1.23162
1.23182
1.23202
1.23223
1.23244
1.23265
1.23287
1.23309
1.23332
1.23354
1.23377
1.234
1.23423
1.23447
1.2347
1.23494
1.23517
1.23541
1.23565
1.23589
1.23613
1.23636
1.2366
1.23684
1.23707
1.23731
1.23754
1.23777
1.238
1.23823
1.23845
1.23868
1.2389
1.23912
1.23933
1.23955
1.23975
1.23996
1.24016
1.24036
1.24056
1.24075
1.24094
1.24112
1.2413
1.24148
1.24165
1.24181
1.24198
1.24213
1.24228
1.24243
1.24257
1.24271
1.24284
1.24296
1.24308
1.2432
1.24331
1.24341
1.24351
1.2436
1.24369
1.24377
1.24384
1.24391
1.24398
1.24403
1.24408
1.24413
1.24417
1.2442
1.24422
1.24424
1.24426
1.24426
1.24426
1.24426
1.24425
1.24423
1.2442
1.24417
1.24414
1.24409
1.24404
1.24399
1.24393
1.24386
1.24378
1.2437
1.24361
1.24352
1.24342
1.24332
1.2432
1.24308
1.24296
1.24283
1.24269
1.24255
1.2424
1.24225
1.24209
1.24192
1.24175
1.24158
1.24139
1.24121
1.24101
1.24081
1.24061
1.2404
1.24019
1.23997
1.23974
1.23951
1.23928
1.23904
1.2388
1.23855
1.2383
1.23804
1.23778
1.23752
1.23725
1.23698
1.2367
1.23643
1.23614
1.23586
1.23557
1.23528
1.23498
1.23469
1.23439
1.23409
1.23378
1.23348
1.23317
1.23286
1.23255
1.23224
1.23193
1.23162
1.2313
1.23099
1.23067
1.23036
1.23005
1.22973
1.22942
1.2291
1.22879
1.22848
1.22817
1.22786
1.22756
1.22725
1.22695
1.22665
1.22635
1.22606
1.22576
1.22547
1.22519
1.22491
1.22463
1.22435
1.22408
1.22381
1.22355
1.22329
1.22304
1.22279
1.22254
1.2223
1.22207
1.22184
1.22161
1.2214
1.22118
1.22098
1.22077
1.22058
1.22039
1.2202
1.22003
1.21985
1.21969
1.21953
1.21938
1.21923
1.21909
1.21895
1.21882
1.2187
1.21858
1.21847
1.21837
1.21827
1.21818
1.21809
1.21801
1.21793
1.21786
1.2178
1.21774
1.21769
1.21764
1.21759
1.21755
1.21752
1.21749
1.21747
1.21745
1.21743
1.21742
1.21741
1.2174
1.2174
1.2174
1.21741
1.21742
1.21743
1.21744
1.21746
1.21748
1.2175
1.21752
1.21754
1.21757
1.21759
1.21762
1.21765
1.21768
1.21771
1.21774
1.21778
1.21781
1.21784
1.21787
1.21791
1.21794
1.21797
1.218
1.21803
1.21806
1.21809
1.21811
1.21814
1.21817
1.21819
1.21821
1.21823
1.21825
1.21827
1.21829
1.2183
1.21832
1.21833
1.21834
1.21835
1.21835
1.21836
1.21836
1.21836
1.21836
1.21836
1.21836
1.21836
1.21835
1.21834
1.21834
1.21833
1.21832
1.21831
1.21829
1.21828
1.21827
1.21826
1.21824
1.21823
1.21821
1.2182
1.21818
1.21817
1.21816
1.21814
1.21813
1.21812
1.21811
1.21809
1.21809
1.21808
1.21807
1.21806
1.21806
1.21806
1.21806
1.21806
1.21806
1.21806
1.21807
1.21808
1.21808
1.2181
1.21811
1.21813
1.21814
1.21816
1.21818
1.21821
1.21823
1.21826
1.21829
1.21831
1.21835
1.21838
1.21841
1.21845
1.21848
1.21852
1.21856
1.2186
1.21864
1.21868
1.21872
1.21875
1.21879
1.21883
1.21887
1.21891
1.21894
1.21898
1.21901
1.21905
1.21908
1.2191
1.21913
1.21916
1.21918
1.2192
1.21921
1.21923
1.21924
1.21924
1.21925
1.21925
1.21925
1.21924
1.21923
1.21922
1.2192
1.21918
1.21916
1.21913
1.2191
1.21907
1.21903
1.21899
1.21894
1.2189
1.21885
1.2188
1.21874
1.21869
1.21863
1.21857
1.21851
1.21845
1.21839
1.21832
1.21826
1.2182
1.21814
1.21808
1.21803
1.21797
1.21792
1.21787
1.21782
1.21778
1.21775
1.21771
1.21769
1.21767
1.21765
1.21765
1.21765
1.21766
1.21767
1.2177
1.21773
1.21777
1.21782
1.21789
1.21796
1.21804
1.21814
1.21824
1.21836
1.21848
1.21862
1.21877
1.21893
1.2191
1.21928
1.21948
1.21968
1.2199
1.22013
1.22036
1.22061
1.22087
1.22114
1.22142
1.2217
1.222
1.2223
1.22261
1.22293
1.22326
1.22359
1.22393
1.22427
1.22462
1.22498
1.22534
1.2257
1.22606
1.22643
1.2268
1.22717
1.22754
1.22791
1.22828
1.22866
1.22903
1.22939
1.22976
1.23012
1.23049
1.23084
1.2312
1.23155
1.2319
1.23224
1.23257
1.23291
1.23323
1.23355
1.23387
1.23417
1.23447
1.23477
1.23506
1.23534
1.23561
1.23588
1.23613
1.23639
1.23663
1.23687
1.23709
1.23731
1.23753
1.23773
1.23793
1.23812
1.2383
1.23848
1.23865
1.23881
1.23896
1.23911
1.23925
1.23938
1.2395
1.23962
1.23973
1.23984
1.23994
1.24003
1.24012
1.2402
1.24027
1.24034
1.24041
1.24047
1.24052
1.24057
1.24062
1.24066
1.2407
1.24073
1.24076
1.24078
1.2408
1.24082
1.24084
1.24085
1.24086
1.24086
1.24087
1.24087
1.24087
1.24087
1.24086
1.24086
1.24085
1.24084
1.24083
1.24082
1.24081
1.2408
1.24079
1.24077
1.24076
1.24074
1.24073
1.24071
1.2407
1.24068
1.24067
1.24066
1.24064
1.24063
1.24061
1.2406
1.24059
1.24057
1.24056
1.24055
1.24054
1.24052
1.24051
1.2405
1.24049
1.24048
1.24047
1.24046
1.24044
1.24043
1.24042
1.24041
1.24039
1.24038
1.24037
1.24035
1.24033
1.24031
1.24029
1.24027
1.24025
1.24022
1.24019
1.24016
1.24013
1.24009
1.24005
1.24001
1.23996
1.23991
1.23986
1.2398
1.23973
1.23966
1.23959
1.23951
1.23943
1.23933
1.23924
1.23913
1.23902
1.2389
1.23878
1.23864
1.2385
1.23835
1.2382
1.23803
1.23785
1.23767
1.23747
1.23727
1.23705
1.23682
1.23659
1.23634
1.23608
1.23581
1.23553
1.23523
1.23493
1.23461
1.23428
1.23393
1.23358
1.23321
1.23282
1.23243
1.23202
1.2316
1.23116
1.23071
1.23025
1.22977
1.22928
1.22878
1.22826
1.22773
1.22719
1.22664
1.22607
1.2255
1.22491
1.22431
1.2237
1.22308
1.22245
1.22181
1.22117
1.22052
1.21986
1.21919
1.21852
1.21785
1.21718
1.2165
1.21582
1.21515
1.21447
1.2138
1.21313
1.21247
1.21182
1.21118
1.21054
1.20992
1.20931
1.20872
1.20814
1.20758
1.20704
1.20652
1.20603
1.20555
1.20511
1.20469
1.2043
1.20393
1.2036
1.2033
1.20303
1.2028
1.2026
1.20243
1.2023
1.20221
1.20215
1.20214
1.20215
1.20221
1.2023
1.20243
1.20259
1.20279
1.20303
1.2033
1.2036
1.20394
1.2043
1.2047
1.20513
1.20558
1.20607
1.20657
1.2071
1.20766
1.20823
1.20882
1.20943
1.21006
1.2107
1.21135
1.21202
1.21269
1.21337
1.21406
1.21475
1.21545
1.21615
1.21684
1.21754
1.21823
1.21893
1.21961
1.22029
1.22096
1.22163
1.22229
1.22293
1.22357
1.22419
1.2248
1.2254
1.22599
1.22656
1.22711
1.22765
1.22818
1.22868
1.22917
1.22965
1.23011
1.23054
1.23096
1.23137
1.23175
1.23212
1.23246
1.23279
1.2331
1.23339
1.23366
1.23392
1.23415
1.23436
1.23456
1.23473
1.23489
1.23503
1.23515
1.23525
1.23533
1.23539
1.23543
1.23545
1.23546
1.23545
1.23541
1.23536
1.23529
1.23521
1.2351
1.23498
1.23484
1.23468
1.2345
1.23431
1.2341
1.23387
1.23363
1.23337
1.2331
1.23281
1.2325
1.23218
1.23184
1.23149
1.23113
1.23076
1.23037
1.22997
1.22955
1.22913
1.2287
1.22825
1.2278
1.22734
1.22687
1.2264
1.22591
1.22543
1.22494
1.22444
1.22395
1.22345
1.22295
1.22245
1.22196
1.22146
1.22097
1.22049
1.22001
1.21954
1.21907
1.21861
1.21817
1.21773
1.21731
1.21689
1.2165
1.21611
1.21574
1.21539
1.21506
1.21474
1.21444
1.21416
1.2139
1.21365
1.21343
1.21323
1.21305
1.21289
1.21274
1.21262
1.21252
1.21244
1.21239
1.21235
1.21233
1.21232
1.21234
1.21238
1.21243
1.2125
1.21258
1.21268
1.2128
1.21293
1.21307
1.21322
1.21339
1.21356
1.21375
1.21394
1.21414
1.21435
1.21456
1.21478
1.215
1.21522
1.21545
1.21568
1.21591
1.21614
1.21638
1.21661
1.21683
1.21706
1.21729
1.21751
1.21773
1.21794
1.21815
1.21836
1.21856
1.21876
1.21895
1.21914
1.21932
1.2195
1.21967
1.21984
1.22
1.22016
1.22031
1.22045
1.22059
1.22073
1.22086
1.22099
1.22111
1.22123
1.22134
1.22145
1.22156
1.22166
1.22176
1.22186
1.22195
1.22204
1.22213
1.22222
1.2223
1.22239
1.22247
1.22255
1.22263
1.22271
1.22278
1.22286
1.22294
1.22302
1.22309
1.22317
1.22325
1.22332
1.2234
1.22348
1.22355
1.22363
1.22371
1.22379
1.22387
1.22395
1.22403
1.22411
1.22419
1.22427
1.22436
1.22444
1.22452
1.2246
1.22469
1.22477
1.22486
1.22494
1.22502
1.22511
1.22519
1.22528
1.22536
1.22544
1.22552
1.22561
1.22569
1.22577
1.22585
1.22593
1.22601
1.22608
1.22616
1.22624
1.22631
1.22638
1.22646
1.22653
1.2266
1.22667
1.22673
1.2268
1.22687
1.22693
1.22699
1.22705
1.22711
1.22717
1.22723
1.22729
1.22734
1.2274
1.22745
1.2275
1.22755
1.2276
1.22765
1.2277
1.22774
1.22779
1.22783
1.22787
1.22792
1.22796
1.228
1.22804
1.22808
1.22811
1.22815
1.22819
1.22823
1.22826
1.2283
1.22833
1.22837
1.2284
1.22843
1.22847
1.2285
1.22853
1.22857
1.2286
1.22863
1.22866
1.22869
1.22873
1.22876
1.22879
1.22882
1.22885
1.22889
1.22892
1.22895
1.22898
1.22902
1.22905
1.22908
1.22912
1.22915
1.22919
1.22923
1.22926
1.2293
1.22934
1.22938
1.22941
1.22945
1.2295
1.22954
1.22958
1.22962
1.22967
1.22972
1.22976
1.22981
1.22986
1.22991
1.22996
1.23002
1.23007
1.23013
1.23019
1.23024
1.2303
1.23037
1.23043
1.2305
1.23056
1.23063
1.2307
1.23077
1.23085
1.23092
1.231
1.23108
1.23116
1.23125
1.23133
1.23142
1.23151
1.2316
1.23169
1.23178
1.23188
1.23198
1.23208
1.23218
1.23228
1.23239
1.23249
1.2326
1.23271
1.23282
1.23294
1.23305
1.23317
1.23329
1.23341
1.23353
1.23365
1.23378
1.2339
1.23403
1.23416
1.23429
1.23442
1.23456
1.23469
1.23483
1.23497
1.2351
1.23524
1.23538
1.23553
1.23567
1.23581
1.23596
1.23611
1.23625
1.2364
1.23655
1.2367
1.23685
1.23701
1.23716
1.23732
1.23747
1.23763
1.23779
1.23795
1.23811
1.23827
1.23843
1.23859
1.23876
1.23892
1.23909
1.23926
1.23943
1.2396
1.23977
1.23994
1.24011
1.24029
1.24046
1.24064
1.24082
1.241
1.24118
1.24136
1.24155
1.24173
1.24192
1.24211
1.2423
1.24249
1.24268
1.24287
1.24307
1.24326
1.24346
1.24366
1.24386
1.24406
1.24427
1.24447
1.24468
1.24488
1.24509
1.2453
1.24551
1.24572
1.24594
1.24615
1.24636
1.24658
1.2468
1.24701
1.24723
1.24745
1.24767
1.24789
1.24811
1.24833
1.24855
1.24878
1.249
1.24922
1.24944
1.24966
1.24989
1.25011
1.25033
1.25055
1.25077
1.25099
1.25121
1.25143
1.25165
1.25186
1.25208
1.25229
1.25251
1.25272
1.25293
1.25314
1.25334
1.25355
1.25375
1.25396
1.25416
1.25436
1.25455
1.25475
1.25494
1.25513
1.25531
1.2555
1.25568
1.25586
1.25604
1.25621
1.25638
1.25655
1.25672
1.25688
1.25704
1.2572
1.25735
1.2575
1.25765
1.25779
1.25794
1.25807
1.25821
1.25834
1.25847
1.25859
1.25871
1.25883
1.25894
1.25905
1.25916
1.25926
1.25936
1.25946
1.25955
1.25964
1.25973
1.25981
1.25989
1.25996
1.26003
1.2601
1.26017
1.26023
1.26028
1.26034
1.26039
1.26043
1.26048
1.26051
1.26055
1.26058
1.26061
1.26063
1.26066
1.26067
1.26069
1.2607
1.2607
1.26071
1.26071
1.2607
1.2607
1.26069
1.26067
1.26065
1.26063
1.26061
1.26058
1.26055
1.26051
1.26047
1.26043
1.26038
1.26033
1.26028
1.26022
1.26016
1.26009
1.26002
1.25995
1.25987
1.25979
1.25971
1.25962
1.25953
1.25943
1.25933
1.25923
1.25912
1.25901
1.25889
1.25877
1.25865
1.25852
1.25838
1.25824
1.2581
1.25795
1.2578
1.25764
1.25748
1.25731
1.25713
1.25695
1.25677
1.25658
1.25638
1.25618
1.25597
1.25576
1.25554
1.25531
1.25508
1.25484
1.25459
1.25434
1.25408
1.25381
1.25353
1.25325
1.25296
1.25266
1.25235
1.25203
1.25171
1.25138
1.25103
1.25068
1.25032
1.24995
1.24957
1.24918
1.24878
1.24836
1.24794
1.24751
1.24706
1.24661
1.24614
1.24567
1.24518
1.24467
1.24416
1.24363
1.2431
1.24254
1.24198
1.2414
1.24081
1.24021
1.23959
1.23897
1.23832
1.23767
1.237
1.23631
1.23562
1.23491
1.23419
1.23345
1.2327
1.23194
1.23116
1.23037
1.22957
1.22876
1.22794
1.2271
1.22625
1.22539
1.22453
1.22365
1.22276
1.22186
1.22096
1.22004
1.21912
1.2182
1.21726
1.21633
1.21539
1.21444
1.2135
1.21255
1.2116
1.21065
1.20971
1.20876
1.20783
1.20689
1.20596
1.20504
1.20413
1.20323
1.20233
1.20145
1.20059
1.19973
1.1989
1.19808
1.19727
1.19649
1.19572
1.19498
1.19426
1.19356
1.19288
1.19223
1.19161
1.19101
1.19044
1.18989
1.18938
1.18889
1.18843
1.188
1.18761
1.18724
1.1869
1.1866
1.18632
1.18607
1.18586
1.18568
1.18553
1.1854
1.18531
1.18525
1.18522
1.18521
1.18524
1.18529
1.18537
1.18548
1.18562
1.18578
1.18597
1.18618
1.18642
1.18668
1.18696
1.18727
1.1876
1.18795
1.18832
1.18872
1.18913
1.18956
1.19001
1.19048
1.19096
1.19146
1.19198
1.19252
1.19307
1.19363
1.19421
1.1948
1.19541
1.19602
1.19665
1.1973
1.19795
1.19861
1.19929
1.19997
1.20067
1.20137
1.20208
1.2028
1.20353
1.20426
1.205
1.20575
1.2065
1.20726
1.20802
1.20879
1.20956
1.21034
1.21112
1.2119
1.21268
1.21347
1.21425
1.21504
1.21583
1.21662
1.2174
1.21819
1.21897
1.21976
1.22054
1.22131
1.22209
1.22286
1.22363
1.22439
1.22515
1.2259
1.22665
1.22739
1.22813
1.22886
1.22958
1.23029
1.231
1.2317
1.23239
1.23308
1.23375
1.23442
1.23508
1.23573
1.23637
1.237
1.23762
1.23823
1.23883
1.23941
1.23999
1.24056
1.24112
1.24167
1.24221
1.24273
1.24325
1.24375
1.24424
1.24473
1.2452
1.24566
1.24611
1.24655
1.24697
1.24739
1.2478
1.24819
1.24857
1.24895
1.24931
1.24966
1.25
1.25033
1.25065
1.25096
1.25126
1.25155
1.25183
1.2521
1.25236
1.25261
1.25285
1.25308
1.2533
1.25351
1.25372
1.25391
1.25409
1.25427
1.25444
1.2546
1.25475
1.25489
1.25502
1.25515
1.25526
1.25537
1.25548
1.25557
1.25566
1.25573
1.25581
1.25587
1.25593
1.25598
1.25602
1.25605
1.25608
1.2561
1.25612
1.25612
1.25612
1.25612
1.25611
1.25609
1.25606
1.25603
1.25599
1.25595
1.25589
1.25584
1.25577
1.2557
1.25562
1.25554
1.25545
1.25535
1.25525
1.25514
1.25502
1.2549
1.25477
1.25463
1.25449
1.25434
1.25418
1.25402
1.25385
1.25367
1.25349
1.25329
1.2531
1.25289
1.25268
1.25246
1.25223
1.25199
1.25175
1.2515
1.25124
1.25097
1.2507
1.25042
1.25013
1.24983
1.24952
1.24921
1.24889
1.24856
1.24822
1.24787
1.24752
1.24715
1.24678
1.2464
1.24602
1.24562
1.24521
1.2448
1.24438
1.24395
1.24351
1.24307
1.24261
1.24215
1.24168
1.24121
1.24072
1.24023
1.23973
1.23922
1.23871
1.23819
1.23766
1.23713
1.23659
1.23604
1.23549
1.23493
1.23437
1.2338
1.23322
1.23264
1.23206
1.23147
1.23088
1.23028
1.22968
1.22908
1.22847
1.22786
1.22725
1.22664
1.22603
1.22541
1.22479
1.22417
1.22355
1.22293
1.22232
1.2217
1.22108
1.22046
1.21985
1.21923
1.21862
1.21802
1.21741
1.21681
1.21621
1.21561
1.21502
1.21444
1.21386
1.21328
1.21271
1.21215
1.21159
1.21104
1.2105
1.20996
1.20944
1.20892
1.2084
1.2079
1.20741
1.20692
1.20645
1.20598
1.20552
1.20508
1.20464
1.20422
1.2038
1.2034
1.20301
1.20263
1.20226
1.2019
1.20155
1.20122
1.20089
1.20058
1.20028
1.19999
1.19971
1.19945
1.1992
1.19896
1.19873
1.19851
1.1983
1.19811
1.19793
1.19776
1.1976
1.19746
1.19733
1.1972
1.1971
1.197
1.19691
1.19684
1.19678
1.19673
1.1967
1.19668
1.19667
1.19667
1.19668
1.19671
1.19675
1.1968
1.19687
1.19695
1.19704
1.19715
1.19727
1.1974
1.19754
1.1977
1.19787
1.19805
1.19825
1.19846
1.19868
1.19891
1.19915
1.19941
1.19968
1.19996
1.20025
1.20055
1.20087
1.20119
1.20152
1.20186
1.20221
1.20257
1.20293
1.20331
1.20369
1.20407
1.20447
1.20486
1.20527
1.20567
1.20608
1.20649
1.20691
1.20733
1.20774
1.20816
1.20858
1.209
1.20942
1.20983
1.21025
1.21066
1.21107
1.21147
1.21187
1.21227
1.21266
1.21305
1.21343
1.21381
1.21418
1.21454
1.2149
1.21524
1.21559
1.21592
1.21625
1.21656
1.21687
1.21718
1.21747
1.21776
1.21803
1.2183
1.21856
1.21881
1.21906
1.21929
1.21952
1.21974
1.21995
1.22015
1.22034
1.22053
1.2207
1.22087
1.22104
1.22119
1.22134
1.22148
1.22161
1.22174
1.22186
1.22197
1.22208
1.22218
1.22228
1.22237
1.22245
1.22253
1.2226
1.22267
1.22274
1.2228
1.22285
1.2229
1.22295
1.22299
1.22303
1.22307
1.2231
1.22314
1.22316
1.22319
1.22321
1.22323
1.22325
1.22326
1.22327
1.22329
1.2233
1.2233
1.22331
1.22331
1.22332
1.22332
1.22332
1.22332
1.22332
1.22331
1.22331
1.22331
1.2233
1.2233
1.22329
1.22328
1.22327
1.22327
1.22326
1.22325
1.22324
1.22323
1.22322
1.22321
1.22319
1.22318
1.22317
1.22316
1.22314
1.22313
1.22312
1.2231
1.22309
1.22307
1.22305
1.22304
1.22302
1.223
1.22298
1.22296
1.22294
1.22292
1.2229
1.22288
1.22285
1.22283
1.2228
1.22277
1.22275
1.22272
1.22269
1.22265
1.22262
1.22259
1.22255
1.22251
1.22247
1.22243
1.22239
1.22234
1.2223
1.22225
1.2222
1.22215
1.22209
1.22203
1.22197
1.22191
1.22185
1.22178
1.22171
1.22164
1.22156
1.22148
1.2214
1.22132
1.22123
1.22114
1.22105
1.22095
1.22085
1.22075
1.22064
1.22053
1.22041
1.22029
1.22017
1.22004
1.21991
1.21978
1.21964
1.21949
1.21934
1.21919
1.21903
1.21887
1.2187
1.21853
1.21836
1.21818
1.21799
1.2178
1.2176
1.2174
1.21719
1.21698
1.21676
1.21654
1.21631
1.21607
1.21583
1.21559
1.21534
1.21508
1.21482
1.21455
1.21427
1.21399
1.21371
1.21342
1.21312
1.21282
1.21251
1.21219
1.21188
1.21155
1.21122
1.21089
1.21055
1.2102
1.20985
1.2095
1.20914
1.20878
1.20841
1.20804
1.20767
1.20729
1.20691
1.20653
1.20615
1.20576
1.20537
1.20498
1.20459
1.2042
1.20381
1.20342
1.20303
1.20264
1.20225
1.20187
1.20149
1.20111
1.20073
1.20036
1.19999
1.19963
1.19928
1.19893
1.19859
1.19825
1.19792
1.1976
1.19729
1.19699
1.1967
1.19642
1.19616
1.1959
1.19565
1.19542
1.1952
1.19499
1.1948
1.19462
1.19445
1.1943
1.19417
1.19405
1.19394
1.19385
1.19378
1.19372
1.19367
1.19365
1.19363
1.19364
1.19366
1.19369
1.19374
1.19381
1.19389
1.19398
1.19409
1.19422
1.19436
1.19451
1.19467
1.19485
1.19504
1.19524
1.19546
1.19568
1.19592
1.19617
1.19642
1.19669
1.19696
1.19724
1.19753
1.19783
1.19814
1.19845
1.19876
1.19908
1.19941
1.19974
1.20007
1.20041
1.20075
1.2011
1.20144
1.20179
1.20214
1.20248
1.20283
1.20318
1.20353
1.20388
1.20423
1.20458
1.20493
1.20527
1.20562
1.20596
1.2063
1.20664
1.20698
1.20731
1.20765
1.20798
1.2083
1.20863
1.20895
1.20927
1.20959
1.20991
1.21022
1.21054
1.21085
1.21115
1.21146
1.21176
1.21206
1.21236
1.21266
1.21296
1.21325
1.21355
1.21384
1.21413
1.21442
1.21471
1.215
1.21528
1.21557
1.21586
1.21615
1.21643
1.21672
1.217
1.21729
1.21758
1.21786
1.21815
1.21843
1.21872
1.21901
1.2193
1.21958
1.21987
1.22016
1.22045
1.22074
1.22103
1.22132
1.22161
1.2219
1.22219
1.22248
1.22277
1.22306
1.22334
1.22363
1.22392
1.22421
1.22449
1.22478
1.22507
1.22535
1.22563
1.22591
1.22619
1.22647
1.22674
1.22702
1.22729
1.22756
1.22782
1.22809
1.22835
1.22861
1.22886
1.22912
1.22936
1.22961
1.22985
1.23009
1.23032
1.23056
1.23078
1.231
1.23122
1.23144
1.23165
1.23185
1.23205
1.23225
1.23244
1.23262
1.2328
1.23298
1.23315
1.23332
1.23348
1.23363
1.23378
1.23393
1.23407
1.2342
1.23433
1.23446
1.23458
1.23469
1.2348
1.2349
1.235
1.2351
1.23518
1.23527
1.23534
1.23542
1.23548
1.23555
1.2356
1.23565
1.2357
1.23574
1.23578
1.23581
1.23584
1.23586
1.23588
1.2359
1.2359
1.23591
1.23591
1.2359
1.23589
1.23588
1.23586
1.23584
1.23582
1.23579
1.23575
1.23571
1.23567
1.23563
1.23558
1.23552
1.23546
1.2354
1.23534
1.23527
1.2352
1.23512
1.23505
1.23496
1.23488
1.23479
1.2347
1.2346
1.23451
1.23441
1.2343
1.2342
1.23409
1.23397
1.23386
1.23374
1.23362
1.2335
1.23337
1.23324
1.23311
1.23297
1.23284
1.2327
1.23256
1.23241
1.23226
1.23211
1.23196
1.23181
1.23165
1.23149
1.23133
1.23117
1.231
1.23083
1.23066
1.23049
1.23032
1.23014
1.22996
1.22978
1.22959
1.22941
1.22922
1.22903
1.22884
1.22864
1.22844
1.22824
1.22804
1.22784
1.22763
1.22743
1.22721
1.227
1.22679
1.22657
1.22635
1.22613
1.22591
1.22568
1.22545
1.22522
1.22499
1.22476
1.22452
1.22428
1.22404
1.2238
1.22355
1.22331
1.22306
1.22281
1.22256
1.2223
1.22205
1.22179
1.22153
1.22127
1.221
1.22074
1.22047
1.2202
1.21993
1.21966
1.21939
1.21911
1.21884
1.21856
1.21829
1.21801
1.21773
1.21745
1.21717
1.21689
1.21661
1.21633
1.21605
1.21577
1.21549
1.21521
1.21493
1.21465
1.21438
1.2141
1.21383
1.21355
1.21328
1.21301
1.21275
1.21248
1.21222
1.21196
1.2117
1.21144
1.21119
1.21095
1.2107
1.21046
1.21023
1.20999
1.20977
1.20954
1.20933
1.20911
1.20891
1.2087
1.20851
1.20832
1.20813
1.20795
1.20778
1.20762
1.20746
1.2073
1.20716
1.20702
1.20688
1.20676
1.20664
1.20653
1.20643
1.20633
1.20624
1.20616
1.20608
1.20601
1.20595
1.2059
1.20585
1.20581
1.20578
1.20575
1.20573
1.20572
1.20571
1.20571
1.20572
1.20573
1.20575
1.20577
1.2058
1.20583
1.20587
1.20591
1.20596
1.20601
1.20606
1.20612
1.20618
1.20624
1.20631
1.20638
1.20645
1.20652
1.20659
1.20667
1.20674
1.20681
1.20689
1.20696
1.20704
1.20711
1.20718
1.20725
1.20732
1.20738
1.20744
1.2075
1.20756
1.20761
1.20766
1.20771
1.20775
1.20778
1.20781
1.20784
1.20786
1.20788
1.20789
1.20789
1.20789
1.20789
1.20787
1.20785
1.20783
1.2078
1.20776
1.20772
1.20767
1.20762
1.20756
1.2075
1.20742
1.20735
1.20727
1.20718
1.20709
1.207
1.2069
1.2068
1.2067
1.20659
1.20648
1.20637
1.20626
1.20614
1.20603
1.20591
1.2058
1.20569
1.20558
1.20547
1.20536
1.20526
1.20516
1.20507
1.20498
1.20489
1.20481
1.20474
1.20468
1.20462
1.20457
1.20453
1.2045
1.20447
1.20446
1.20446
1.20446
1.20448
1.20451
1.20455
1.2046
1.20466
1.20473
1.20481
1.20491
1.20501
1.20513
1.20526
1.2054
1.20555
1.20571
1.20588
1.20606
1.20625
1.20645
1.20666
1.20688
1.20711
1.20734
1.20758
1.20783
1.20808
1.20834
1.2086
1.20887
1.20914
1.20942
1.2097
1.20998
1.21026
1.21054
1.21083
1.21112
1.2114
1.21169
1.21197
1.21225
1.21253
1.21281
1.21309
1.21336
1.21363
1.2139
1.21416
1.21442
1.21467
1.21492
1.21516
1.2154
1.21563
1.21586
1.21608
1.21629
1.2165
1.2167
1.2169
1.21709
1.21727
1.21745
1.21762
1.21779
1.21795
1.2181
1.21825
1.21839
1.21852
1.21865
1.21877
1.21888
1.21899
1.21909
1.21919
1.21928
1.21937
1.21945
1.21952
1.21959
1.21965
1.2197
1.21975
1.2198
1.21984
1.21987
1.2199
1.21992
1.21993
1.21994
1.21995
1.21994
1.21994
1.21992
1.2199
1.21988
1.21985
1.21981
1.21977
1.21972
1.21966
1.2196
1.21953
1.21945
1.21937
1.21928
1.21918
1.21907
1.21896
1.21884
1.21872
1.21858
1.21844
1.21829
1.21813
1.21796
1.21778
1.2176
1.2174
1.2172
1.21699
1.21676
1.21653
1.21629
1.21604
1.21578
1.21551
1.21523
1.21494
1.21464
1.21433
1.21401
1.21368
1.21334
1.21298
1.21262
1.21225
1.21186
1.21147
1.21107
1.21065
1.21022
1.20979
1.20934
1.20888
1.20842
1.20794
1.20745
1.20696
1.20645
1.20594
1.20542
1.20488
1.20434
1.20379
1.20324
1.20267
1.2021
1.20152
1.20094
1.20035
1.19975
1.19915
1.19854
1.19793
1.19732
1.1967
1.19608
1.19546
1.19484
1.19421
1.19359
1.19296
1.19234
1.19172
1.1911
1.19049
1.18988
1.18927
1.18867
1.18808
1.18749
1.18691
1.18634
1.18578
1.18523
1.18469
1.18416
1.18364
1.18314
1.18265
1.18217
1.18171
1.18127
1.18084
1.18043
1.18004
1.17966
1.17931
1.17897
1.17866
1.17836
1.17809
1.17784
1.17761
1.1774
1.17722
1.17706
1.17692
1.1768
1.17671
1.17664
1.1766
1.17657
1.17657
1.1766
1.17665
1.17672
1.17681
1.17692
1.17706
1.17722
1.17739
1.17759
1.17781
1.17805
1.1783
1.17858
1.17887
1.17918
1.1795
1.17984
1.18019
1.18056
1.18094
1.18133
1.18173
1.18214
1.18256
1.18299
1.18342
1.18386
1.18431
1.18476
1.18522
1.18568
1.18614
1.1866
1.18706
1.18752
1.18798
1.18844
1.18889
1.18935
1.18979
1.19023
1.19067
1.1911
1.19152
1.19194
1.19235
1.19274
1.19313
1.19352
1.19389
1.19425
1.1946
1.19494
1.19526
1.19558
1.19589
1.19618
1.19646
1.19673
1.19698
1.19723
1.19746
1.19768
1.19788
1.19808
1.19826
1.19842
1.19858
1.19872
1.19885
1.19897
1.19907
1.19917
1.19925
1.19932
1.19937
1.19942
1.19945
1.19948
1.19949
1.19949
1.19949
1.19947
1.19944
1.1994
1.19935
1.1993
1.19923
1.19916
1.19907
1.19898
1.19888
1.19878
1.19866
1.19854
1.19842
1.19828
1.19814
1.198
1.19785
1.19769
1.19753
1.19736
1.19719
1.19702
1.19684
1.19666
1.19648
1.19629
1.1961
1.19591
1.19572
1.19552
1.19533
1.19513
1.19493
1.19473
1.19454
1.19434
1.19414
1.19395
1.19375
1.19356
1.19337
1.19318
1.193
1.19282
1.19264
1.19246
1.19229
1.19213
1.19197
1.19181
1.19167
1.19152
1.19139
1.19126
1.19113
1.19102
1.19091
1.19082
1.19073
1.19065
1.19057
1.19051
1.19046
1.19042
1.19039
1.19037
1.19036
1.19037
1.19038
1.19041
1.19045
1.1905
1.19057
1.19064
1.19074
1.19084
1.19096
1.19109
1.19123
1.19138
1.19155
1.19174
1.19193
1.19214
1.19236
1.1926
1.19285
1.19311
1.19338
1.19367
1.19396
1.19427
1.19459
1.19492
1.19526
1.19561
1.19597
1.19635
1.19673
1.19711
1.19751
1.19792
1.19833
1.19875
1.19917
1.1996
1.20004
1.20048
1.20093
1.20137
1.20183
1.20228
1.20274
1.2032
1.20366
1.20413
1.20459
1.20505
1.20551
1.20597
1.20643
1.20689
1.20735
1.2078
1.20825
1.2087
1.20914
1.20958
1.21002
1.21045
1.21087
1.21129
1.2117
1.21211
1.21251
1.21291
1.2133
1.21368
1.21405
1.21442
1.21478
1.21513
1.21548
1.21581
1.21614
1.21646
1.21678
1.21708
1.21738
1.21766
1.21794
1.21821
1.21848
1.21873
1.21898
1.21921
1.21944
1.21966
1.21987
1.22007
1.22027
1.22045
1.22063
1.2208
1.22096
1.22111
1.22125
1.22139
1.22151
1.22163
1.22174
1.22184
1.22194
1.22202
1.2221
1.22217
1.22224
1.22229
1.22234
1.22238
1.22241
1.22244
1.22246
1.22247
1.22247
1.22247
1.22246
1.22245
1.22242
1.22239
1.22236
1.22232
1.22227
1.22221
1.22215
1.22208
1.22201
1.22193
1.22185
1.22176
1.22166
1.22156
1.22145
1.22134
1.22122
1.2211
1.22097
1.22084
1.2207
1.22056
1.22041
1.22026
1.2201
1.21994
1.21978
1.21961
1.21943
1.21926
1.21908
1.21889
1.2187
1.21851
1.21832
1.21812
1.21792
1.21772
1.21751
1.2173
1.21709
1.21687
1.21666
1.21644
1.21622
1.216
1.21577
1.21555
1.21532
1.21509
1.21486
1.21463
1.2144
1.21417
1.21394
1.21371
1.21347
1.21324
1.21301
1.21278
1.21255
1.21232
1.21209
1.21186
1.21163
1.2114
1.21118
1.21096
1.21074
1.21052
1.2103
1.21009
1.20988
1.20967
1.20946
1.20926
1.20906
1.20886
1.20867
1.20848
1.20829
1.20811
1.20793
1.20775
1.20758
1.20741
1.20725
1.20709
1.20694
1.20679
1.20664
1.2065
1.20636
1.20623
1.2061
1.20598
1.20586
1.20575
1.20564
1.20554
1.20544
1.20535
1.20526
1.20517
1.20509
1.20502
1.20495
1.20488
1.20482
1.20476
1.20471
1.20466
1.20461
1.20457
1.20454
1.2045
1.20447
1.20445
1.20443
1.20441
1.2044
1.20439
1.20438
1.20437
1.20437
1.20437
1.20438
1.20439
1.2044
1.20441
1.20442
1.20444
1.20446
1.20448
1.20451
1.20453
1.20456
1.20459
1.20462
1.20465
1.20468
1.20472
1.20476
1.20479
1.20483
1.20487
1.20491
1.20495
1.205
1.20504
1.20508
1.20513
1.20517
1.20521
1.20526
1.20531
1.20535
1.2054
1.20545
1.20549
1.20554
1.20559
1.20564
1.20568
1.20573
1.20578
1.20583
1.20588
1.20593
1.20597
1.20602
1.20607
1.20612
1.20617
1.20622
1.20627
1.20632
1.20638
1.20643
1.20648
1.20653
1.20659
1.20664
1.20669
1.20675
1.20681
1.20686
1.20692
1.20698
1.20704
1.20711
1.20717
1.20723
1.2073
1.20737
1.20743
1.20751
1.20758
1.20765
1.20773
1.20781
1.20789
1.20797
1.20805
1.20814
1.20823
1.20832
1.20841
1.2085
1.2086
1.2087
1.20881
1.20891
1.20902
1.20913
1.20924
1.20936
1.20948
1.2096
1.20972
1.20984
1.20997
1.2101
1.21024
1.21037
1.21051
1.21065
1.21079
1.21094
1.21109
1.21123
1.21139
1.21154
1.21169
1.21185
1.21201
1.21216
1.21232
1.21248
1.21265
1.21281
1.21297
1.21314
1.2133
1.21346
1.21363
1.21379
1.21396
1.21412
1.21428
1.21444
1.2146
1.21476
1.21492
1.21507
1.21523
1.21538
1.21553
1.21567
1.21582
1.21596
1.21609
1.21623
1.21636
1.21648
1.2166
1.21672
1.21683
1.21694
1.21704
1.21714
1.21723
1.21732
1.2174
1.21747
1.21754
1.2176
1.21765
1.2177
1.21774
1.21777
1.21779
1.21781
1.21782
1.21781
1.2178
1.21779
1.21776
1.21772
1.21767
1.21762
1.21755
1.21747
1.21739
1.21729
1.21718
1.21706
1.21693
1.21679
1.21663
1.21646
1.21629
1.2161
1.21589
1.21568
1.21545
1.21521
1.21495
1.21469
1.21441
1.21411
1.21381
1.21348
1.21315
1.2128
1.21244
1.21206
1.21167
1.21127
1.21085
1.21042
1.20998
1.20952
1.20905
1.20857
1.20807
1.20756
1.20704
1.20651
1.20597
1.20541
1.20484
1.20427
1.20368
1.20309
1.20248
1.20187
1.20125
1.20063
1.2
1.19937
1.19873
1.19809
1.19745
1.19681
1.19617
1.19553
1.1949
1.19427
1.19365
1.19303
1.19242
1.19183
1.19124
1.19067
1.19011
1.18957
1.18905
1.18854
1.18806
1.18759
1.18715
1.18674
1.18635
1.18598
1.18565
1.18534
1.18506
1.18482
1.1846
1.18442
1.18427
1.18415
1.18407
1.18402
1.18401
1.18403
1.18408
1.18417
1.18429
1.18444
1.18463
1.18485
1.1851
1.18538
1.18569
1.18603
1.1864
1.18679
1.18721
1.18766
1.18812
1.18861
1.18912
1.18964
1.19019
1.19074
1.19132
1.1919
1.1925
1.19311
1.19373
1.19435
1.19498
1.19561
1.19625
1.19689
1.19753
1.19817
1.19881
1.19945
1.20008
1.20072
1.20134
1.20196
1.20257
1.20318
1.20378
1.20437
1.20495
1.20552
1.20609
1.20664
1.20718
1.20771
1.20823
1.20874
1.20923
1.20972
1.21019
1.21065
1.2111
1.21153
1.21196
1.21237
1.21277
1.21316
1.21354
1.2139
1.21425
1.2146
1.21493
1.21524
1.21555
1.21585
1.21614
1.21641
1.21668
1.21693
1.21718
1.21741
1.21764
1.21786
1.21806
1.21826
1.21845
1.21863
1.21881
1.21897
1.21913
1.21928
1.21942
1.21956
1.21968
1.21981
1.21992
1.22003
1.22013
1.22023
1.22032
1.2204
1.22048
1.22055
1.22062
1.22068
1.22074
1.2208
1.22085
1.22089
1.22093
1.22097
1.221
1.22103
1.22106
1.22108
1.2211
1.22111
1.22112
1.22113
1.22114
1.22114
1.22114
1.22114
1.22113
1.22112
1.22111
1.2211
1.22108
1.22107
1.22105
1.22103
1.221
1.22098
1.22095
1.22092
1.22089
1.22086
1.22083
1.22079
1.22076
1.22072
1.22068
1.22064
1.2206
1.22055
1.22051
1.22046
1.22041
1.22037
1.22032
1.22027
1.22021
1.22016
1.22011
1.22005
1.22
1.21994
1.21988
1.21982
1.21976
1.2197
1.21964
1.21957
1.21951
1.21944
1.21938
1.21931
1.21924
1.21917
1.2191
1.21903
1.21896
1.21888
1.21881
1.21873
1.21865
1.21857
1.21849
1.21841
1.21833
1.21825
1.21816
1.21808
1.21799
1.2179
1.21781
1.21772
1.21763
1.21754
1.21744
1.21735
1.21725
1.21715
1.21706
1.21696
1.21685
1.21675
1.21665
1.21654
1.21644
1.21633
1.21622
1.21611
1.216
1.21589
1.21578
1.21567
1.21556
1.21544
1.21533
1.21521
1.2151
1.21498
1.21487
1.21475
1.21463
1.21451
1.2144
1.21428
1.21416
1.21405
1.21393
1.21381
1.2137
1.21358
1.21347
1.21335
1.21324
1.21313
1.21302
1.21291
1.2128
1.2127
1.21259
1.21249
1.21239
1.21229
1.21219
1.2121
1.212
1.21191
1.21183
1.21174
1.21166
1.21158
1.21151
1.21144
1.21137
1.2113
1.21124
1.21118
1.21113
1.21108
1.21103
1.21099
1.21095
1.21091
1.21088
1.21086
1.21084
1.21082
1.21081
1.2108
1.21079
1.21079
1.2108
1.21081
1.21082
1.21084
1.21086
1.21089
1.21092
1.21096
1.211
1.21104
1.21109
1.21114
1.2112
1.21126
1.21133
1.21139
1.21147
1.21154
1.21162
1.2117
1.21179
1.21188
1.21197
1.21207
1.21216
1.21226
1.21237
1.21247
1.21258
1.21268
1.21279
1.21291
1.21302
1.21313
1.21325
1.21336
1.21348
1.21359
1.21371
1.21382
1.21394
1.21405
1.21417
1.21428
1.21439
1.2145
1.21461
1.21472
1.21483
1.21493
1.21503
1.21513
1.21523
1.21532
1.21541
1.2155
1.21558
1.21566
1.21574
1.21581
1.21588
1.21595
1.21601
1.21607
1.21612
1.21616
1.21621
1.21625
1.21628
1.21631
1.21633
1.21635
1.21636
1.21637
1.21637
1.21637
1.21636
1.21634
1.21632
1.2163
1.21627
1.21623
1.21619
1.21614
1.21609
1.21603
1.21596
1.2159
1.21582
1.21574
1.21566
1.21557
1.21547
1.21537
1.21527
1.21516
1.21504
1.21493
1.2148
1.21468
1.21455
1.21441
1.21427
1.21413
1.21399
1.21384
1.21369
1.21353
1.21338
1.21322
1.21306
1.21289
1.21273
1.21256
1.2124
1.21223
1.21206
1.21189
1.21172
1.21155
1.21138
1.21121
1.21104
1.21087
1.2107
1.21054
1.21037
1.21021
1.21005
1.20989
1.20973
1.20958
1.20942
1.20927
1.20913
1.20899
1.20885
1.20871
1.20858
1.20845
1.20833
1.20821
1.2081
1.20799
1.20788
1.20778
1.20769
1.2076
1.20751
1.20743
1.20735
1.20728
1.20722
1.20716
1.2071
1.20705
1.20701
1.20697
1.20693
1.2069
1.20688
1.20686
1.20685
1.20684
1.20683
1.20683
1.20684
1.20684
1.20686
1.20687
1.2069
1.20692
1.20695
1.20698
1.20702
1.20706
1.2071
1.20714
1.20719
1.20724
1.2073
1.20735
1.20741
1.20747
1.20753
1.2076
1.20766
1.20773
1.20779
1.20786
1.20793
1.208
1.20807
1.20814
1.20821
1.20828
1.20835
1.20842
1.20849
1.20856
1.20863
1.2087
1.20876
1.20883
1.2089
1.20896
1.20902
1.20908
1.20914
1.2092
1.20926
1.20932
1.20937
1.20942
1.20948
1.20952
1.20957
1.20962
1.20966
1.20971
1.20975
1.20979
1.20982
1.20986
1.2099
1.20993
1.20996
1.20999
1.21002
1.21005
1.21007
1.2101
1.21012
1.21014
1.21017
1.21019
1.21021
1.21023
1.21024
1.21026
1.21028
1.2103
1.21031
1.21033
1.21034
1.21036
1.21037
1.21039
1.2104
1.21042
1.21044
1.21045
1.21047
1.21048
1.2105
1.21052
1.21054
1.21055
1.21057
1.21059
1.21061
1.21064
1.21066
1.21068
1.2107
1.21073
1.21075
1.21078
1.2108
1.21083
1.21086
1.21089
1.21091
1.21094
1.21097
1.211
1.21103
1.21107
1.2111
1.21113
1.21116
1.21119
1.21122
1.21125
1.21128
1.21131
1.21134
1.21137
1.2114
1.21142
1.21145
1.21147
1.21149
1.21151
1.21153
1.21155
1.21156
1.21158
1.21159
1.21159
1.2116
1.2116
1.2116
1.21159
1.21158
1.21157
1.21156
1.21154
1.21151
1.21148
1.21145
1.21142
1.21137
1.21133
1.21127
1.21122
1.21116
1.21109
1.21102
1.21094
1.21085
1.21076
1.21066
1.21056
1.21045
1.21034
1.21022
1.21009
1.20996
1.20982
1.20967
1.20952
1.20936
1.20919
1.20902
1.20884
1.20866
1.20847
1.20827
1.20807
1.20786
1.20765
1.20743
1.2072
1.20697
1.20673
1.20649
1.20625
1.206
1.20574
1.20548
1.20522
1.20495
1.20468
1.20441
1.20413
1.20385
1.20357
1.20329
1.20301
1.20272
1.20244
1.20215
1.20186
1.20158
1.20129
1.20101
1.20073
1.20045
1.20018
1.1999
1.19963
1.19937
1.19911
1.19885
1.1986
1.19836
1.19812
1.19789
1.19766
1.19745
1.19724
1.19704
1.19685
1.19667
1.19649
1.19633
1.19618
1.19604
1.19591
1.1958
1.19569
1.1956
1.19551
1.19544
1.19539
1.19534
1.19531
1.1953
1.19529
1.1953
1.19532
1.19536
1.19541
1.19547
1.19555
1.19564
1.19574
1.19585
1.19598
1.19612
1.19628
1.19644
1.19662
1.19681
1.19701
1.19723
1.19745
1.19769
1.19793
1.19819
1.19845
1.19872
1.19901
1.1993
1.1996
1.1999
1.20021
1.20053
1.20086
1.20119
1.20153
1.20187
1.20222
1.20257
1.20292
1.20328
1.20364
1.204
1.20436
1.20473
1.20509
1.20546
1.20582
1.20619
1.20655
1.20692
1.20728
1.20764
1.208
1.20836
1.20871
1.20906
1.20941
1.20975
1.21009
1.21043
1.21076
1.21108
1.2114
1.21172
1.21203
1.21234
1.21264
1.21293
1.21322
1.2135
1.21378
1.21404
1.21431
1.21456
1.21481
1.21505
1.21529
1.21552
1.21574
1.21595
1.21616
1.21636
1.21655
1.21674
1.21691
1.21709
1.21725
1.21741
1.21755
1.2177
1.21783
1.21796
1.21808
1.21819
1.2183
1.21839
1.21849
1.21857
1.21865
1.21872
1.21879
1.21884
1.2189
1.21894
1.21898
1.21901
1.21904
1.21906
1.21908
1.21908
1.21909
1.21908
1.21908
1.21906
1.21904
1.21902
1.21899
1.21896
1.21892
1.21888
1.21883
1.21878
1.21872
1.21866
1.21859
1.21853
1.21845
1.21838
1.2183
1.21822
1.21813
1.21804
1.21795
1.21786
1.21776
1.21766
1.21756
1.21746
1.21736
1.21725
1.21714
1.21703
1.21692
1.21681
1.21669
1.21658
1.21646
1.21634
1.21623
1.21611
1.21599
1.21587
1.21576
1.21564
1.21552
1.2154
1.21529
1.21517
1.21506
1.21494
1.21483
1.21472
1.2146
1.21449
1.21439
1.21428
1.21417
1.21407
1.21397
1.21387
1.21377
1.21367
1.21358
1.21349
1.2134
1.21331
1.21323
1.21315
1.21307
1.21299
1.21292
1.21285
1.21278
1.21272
1.21265
1.2126
1.21254
1.21249
1.21244
1.21239
1.21235
1.21231
1.21227
1.21223
1.2122
1.21217
1.21215
1.21213
1.21211
1.21209
1.21208
1.21207
1.21206
1.21205
1.21205
1.21205
1.21205
1.21206
1.21207
1.21208
1.21209
1.2121
1.21212
1.21213
1.21215
1.21217
1.2122
1.21222
1.21224
1.21227
1.2123
1.21232
1.21235
1.21238
1.21241
1.21244
1.21247
1.2125
1.21253
1.21255
1.21258
1.21261
1.21264
1.21266
1.21268
1.21271
1.21273
1.21275
1.21276
1.21278
1.21279
1.2128
1.21281
1.21282
1.21282
1.21282
1.21282
1.21282
1.21281
1.2128
1.21278
1.21276
1.21274
1.21272
1.21269
1.21265
1.21262
1.21257
1.21253
1.21248
1.21243
1.21237
1.2123
1.21224
1.21217
1.21209
1.21201
1.21192
1.21184
1.21174
1.21164
1.21154
1.21143
1.21132
1.2112
1.21108
1.21096
1.21083
1.21069
1.21056
1.21041
1.21027
1.21012
1.20996
1.2098
1.20964
1.20947
1.2093
1.20913
1.20895
1.20877
1.20859
1.2084
1.20821
1.20802
1.20782
1.20762
1.20742
1.20722
1.20701
1.2068
1.20659
1.20638
1.20617
1.20595
1.20574
1.20552
1.2053
1.20508
1.20486
1.20464
1.20441
1.20419
1.20397
1.20374
1.20352
1.2033
1.20307
1.20285
1.20263
1.20241
1.20218
1.20196
1.20174
1.20152
1.20131
1.20109
1.20087
1.20066
1.20045
1.20023
1.20002
1.19981
1.1996
1.1994
1.19919
1.19899
1.19878
1.19858
1.19838
1.19818
1.19798
1.19779
1.19759
1.1974
1.1972
1.19701
1.19681
1.19662
1.19643
1.19624
1.19604
1.19585
1.19566
1.19546
1.19527
1.19508
1.19488
1.19468
1.19449
1.19429
1.19409
1.19389
1.19368
1.19348
1.19327
1.19306
1.19284
1.19263
1.19241
1.19219
1.19197
1.19174
1.19151
1.19128
1.19104
1.1908
1.19056
1.19031
1.19006
1.18981
1.18956
1.1893
1.18903
1.18877
1.1885
1.18823
1.18796
1.18768
1.1874
1.18712
1.18684
1.18655
1.18627
1.18598
1.18569
1.1854
1.18511
1.18482
1.18453
1.18425
1.18396
1.18367
1.18339
1.18311
1.18283
1.18255
1.18228
1.18201
1.18175
1.18149
1.18124
1.18099
1.18075
1.18051
1.18029
1.18007
1.17985
1.17965
1.17945
1.17926
1.17909
1.17892
1.17876
1.17861
1.17847
1.17834
1.17822
1.17812
1.17802
1.17794
1.17786
1.1778
1.17775
1.17771
1.17769
1.17767
1.17767
1.17768
1.17769
1.17772
1.17777
1.17782
1.17788
1.17795
1.17804
1.17813
1.17824
1.17835
1.17847
1.17861
1.17875
1.1789
1.17905
1.17922
1.17939
1.17957
1.17976
1.17996
1.18016
1.18036
1.18058
1.18079
1.18102
1.18124
1.18148
1.18171
1.18195
1.18219
1.18244
1.18269
1.18294
1.18319
1.18344
1.1837
1.18396
1.18422
1.18447
1.18473
1.18499
1.18525
1.18552
1.18578
1.18603
1.18629
1.18655
1.18681
1.18706
1.18732
1.18757
1.18782
1.18807
1.18832
1.18856
1.1888
1.18904
1.18928
1.18951
1.18975
1.18998
1.1902
1.19043
1.19065
1.19086
1.19108
1.19129
1.19149
1.1917
1.1919
1.19209
1.19229
1.19248
1.19266
1.19284
1.19302
1.19319
1.19336
1.19353
1.19369
1.19385
1.194
1.19415
1.1943
1.19444
1.19458
1.19471
1.19484
1.19497
1.19509
1.19521
1.19532
1.19543
1.19554
1.19564
1.19574
1.19584
1.19593
1.19601
1.1961
1.19617
1.19625
1.19632
1.19639
1.19645
1.19651
1.19657
1.19663
1.19668
1.19672
1.19677
1.19681
1.19685
1.19688
1.19691
1.19694
1.19697
1.19699
1.19701
1.19703
1.19704
1.19706
1.19707
1.19708
1.19708
1.19709
1.19709
1.19709
1.19709
1.19709
1.19709
1.19708
1.19707
1.19707
1.19706
1.19705
1.19704
1.19703
1.19701
1.197
1.19699
1.19698
1.19697
1.19695
1.19694
1.19693
1.19692
1.19691
1.1969
1.19689
1.19688
1.19687
1.19686
1.19686
1.19685
1.19685
1.19685
1.19685
1.19685
1.19686
1.19686
1.19687
1.19688
1.19689
1.1969
1.19692
1.19693
1.19695
1.19697
1.197
1.19702
1.19705
1.19708
1.19711
1.19715
1.19718
1.19722
1.19726
1.1973
1.19734
1.19739
1.19743
1.19748
1.19753
1.19758
1.19763
1.19768
1.19774
1.19779
1.19784
1.1979
1.19795
1.19801
1.19806
1.19812
1.19818
1.19823
1.19828
1.19834
1.19839
1.19844
1.19849
1.19854
1.19859
1.19863
1.19868
1.19872
1.19876
1.1988
1.19883
1.19886
1.19889
1.19892
1.19895
1.19897
1.19898
1.199
1.19901
1.19902
1.19902
1.19903
1.19902
1.19902
1.19901
1.199
1.19898
1.19896
1.19894
1.19891
1.19888
1.19884
1.1988
1.19876
1.19872
1.19867
1.19861
1.19856
1.1985
1.19843
1.19837
1.1983
1.19823
1.19815
1.19807
1.19799
1.19791
1.19782
1.19774
1.19765
1.19755
1.19746
1.19736
1.19727
1.19717
1.19707
1.19696
1.19686
1.19676
1.19665
1.19655
1.19644
1.19634
1.19623
1.19613
1.19602
1.19592
1.19581
1.19571
1.1956
1.1955
1.1954
1.1953
1.1952
1.1951
1.19501
1.19491
1.19482
1.19473
1.19464
1.19455
1.19447
1.19439
1.19431
1.19423
1.19415
1.19408
1.19401
1.19394
1.19388
1.19381
1.19375
1.19369
1.19364
1.19359
1.19354
1.19349
1.19345
1.19341
1.19337
1.19333
1.1933
1.19327
1.19324
1.19321
1.19319
1.19317
1.19315
1.19314
1.19312
1.19311
1.1931
1.1931
1.19309
1.19309
1.19309
1.19309
1.19309
1.1931
1.1931
1.19311
1.19312
1.19313
1.19314
1.19316
1.19317
1.19319
1.19321
1.19323
1.19325
1.19327
1.19329
1.19331
1.19333
1.19336
1.19338
1.1934
1.19343
1.19345
1.19348
1.19351
1.19353
1.19356
1.19359
1.19361
1.19364
1.19367
1.19369
1.19372
1.19375
1.19377
1.1938
1.19382
1.19385
1.19387
1.1939
1.19392
1.19394
1.19397
1.19399
1.19401
1.19403
1.19405
1.19407
1.19409
1.19411
1.19413
1.19414
1.19416
1.19417
1.19419
1.1942
1.19421
1.19422
1.19424
1.19425
1.19425
1.19426
1.19427
1.19428
1.19428
1.19429
1.19429
1.19429
1.1943
1.1943
1.1943
1.1943
1.19429
1.19429
1.19429
1.19428
1.19428
1.19427
1.19426
1.19426
1.19425
1.19424
1.19423
1.19422
1.19421
1.19419
1.19418
1.19417
1.19415
1.19414
1.19412
1.19411
1.19409
1.19407
1.19406
1.19404
1.19402
1.194
1.19398
1.19396
1.19394
1.19393
1.19391
1.19389
1.19387
1.19385
1.19383
1.19381
1.19379
1.19377
1.19375
1.19373
1.19371
1.19369
1.19367
1.19365
1.19363
1.19362
1.1936
1.19358
1.19357
1.19355
1.19354
1.19353
1.19351
1.1935
1.19349
1.19348
1.19347
1.19346
1.19346
1.19345
1.19345
1.19344
1.19344
1.19344
1.19344
1.19344
1.19345
1.19345
1.19346
1.19346
1.19347
1.19348
1.19349
1.19351
1.19352
1.19354
1.19356
1.19358
1.1936
1.19362
1.19364
1.19367
1.1937
1.19373
1.19376
1.19379
1.19383
1.19387
1.19391
1.19395
1.19399
1.19403
1.19408
1.19412
1.19417
1.19422
1.19427
1.19433
1.19438
1.19444
1.1945
1.19456
1.19462
1.19468
1.19475
1.19481
1.19488
1.19495
1.19502
1.19509
1.19516
1.19523
1.19531
1.19538
1.19546
1.19554
1.19562
1.19569
1.19577
1.19586
1.19594
1.19602
1.1961
1.19618
1.19627
1.19635
1.19643
1.19652
1.1966
1.19668
1.19677
1.19685
1.19694
1.19702
1.1971
1.19719
1.19727
1.19735
1.19743
1.19751
1.19759
1.19767
1.19775
1.19783
1.1979
1.19798
1.19805
1.19812
1.19819
1.19826
1.19833
1.19839
1.19846
1.19852
1.19858
1.19864
1.19869
1.19874
1.19879
1.19884
1.19889
1.19893
1.19897
1.19901
1.19904
1.19907
1.1991
1.19913
1.19915
1.19917
1.19918
1.19919
1.1992
1.1992
1.1992
1.1992
1.19919
1.19917
1.19915
1.19913
1.1991
1.19907
1.19903
1.19899
1.19895
1.19889
1.19884
1.19877
1.1987
1.19863
1.19855
1.19846
1.19837
1.19827
1.19817
1.19806
1.19794
1.19782
1.19768
1.19755
1.1974
1.19725
1.1971
1.19693
1.19676
1.19658
1.1964
1.1962
1.196
1.1958
1.19558
1.19536
1.19513
1.1949
1.19465
1.1944
1.19414
1.19388
1.19361
1.19333
1.19304
1.19275
1.19245
1.19214
1.19183
1.19151
1.19119
1.19086
1.19052
1.19018
1.18983
1.18948
1.18913
1.18877
1.1884
1.18804
1.18767
1.1873
1.18692
1.18655
1.18617
1.18579
1.18541
1.18504
1.18466
1.18428
1.18391
1.18354
1.18317
1.18281
1.18245
1.1821
1.18175
1.1814
1.18107
1.18074
1.18042
1.18011
1.17981
1.17952
1.17924
1.17897
1.17871
1.17846
1.17823
1.17801
1.17781
1.17761
1.17744
1.17727
1.17713
1.177
1.17688
1.17678
1.1767
1.17663
1.17658
1.17654
1.17653
1.17652
1.17654
1.17657
1.17662
1.17668
1.17676
1.17685
1.17696
1.17708
1.17722
1.17738
1.17754
1.17772
1.17791
1.17811
1.17833
1.17855
1.17879
1.17904
1.17929
1.17955
1.17983
1.1801
1.18039
1.18068
1.18098
1.18128
1.18159
1.1819
1.18221
1.18253
1.18285
1.18317
1.18349
1.18381
1.18413
1.18445
1.18477
1.18509
1.18541
1.18572
1.18603
1.18634
1.18664
1.18695
1.18724
1.18754
1.18782
1.18811
1.18839
1.18866
1.18893
1.18919
1.18944
1.18969
1.18994
1.19017
1.19041
1.19063
1.19085
1.19106
1.19127
1.19146
1.19166
1.19184
1.19202
1.19219
1.19236
1.19251
1.19267
1.19281
1.19295
1.19308
1.19321
1.19333
1.19344
1.19354
1.19365
1.19374
1.19383
1.19391
1.19399
1.19406
1.19413
1.19419
1.19424
1.19429
1.19434
1.19437
1.19441
1.19444
1.19447
1.19449
1.1945
1.19452
1.19452
1.19453
1.19453
1.19452
1.19452
1.19451
1.19449
1.19447
1.19445
1.19443
1.1944
1.19437
1.19434
1.19431
1.19427
1.19423
1.19419
1.19414
1.1941
1.19405
1.194
1.19394
1.19389
1.19383
1.19378
1.19372
1.19366
1.1936
1.19353
1.19347
1.1934
1.19334
1.19327
1.1932
1.19313
1.19306
1.19299
1.19292
1.19284
1.19277
1.19269
1.19262
1.19254
1.19246
1.19239
1.19231
1.19223
1.19215
1.19207
1.19199
1.1919
1.19182
1.19174
1.19165
1.19156
1.19148
1.19139
1.1913
1.19121
1.19112
1.19103
1.19093
1.19084
1.19074
1.19065
1.19055
1.19045
1.19035
1.19025
1.19014
1.19004
1.18993
1.18982
1.18971
1.1896
1.18949
1.18938
1.18926
1.18914
1.18902
1.1889
1.18878
1.18865
1.18853
1.1884
1.18827
1.18813
1.188
1.18787
1.18773
1.18759
1.18745
1.18731
1.18716
1.18702
1.18687
1.18673
1.18658
1.18643
1.18628
1.18613
1.18597
1.18582
1.18567
1.18551
1.18536
1.1852
1.18505
1.18489
1.18474
1.18459
1.18443
1.18428
1.18413
1.18397
1.18382
1.18367
1.18353
1.18338
1.18324
1.18309
1.18295
1.18281
1.18268
1.18255
1.18241
1.18229
1.18216
1.18204
1.18192
1.18181
1.18169
1.18159
1.18148
1.18138
1.18128
1.18119
1.1811
1.18102
1.18094
1.18086
1.18079
1.18072
1.18066
1.1806
1.18055
1.1805
1.18045
1.18041
1.18037
1.18034
1.18031
1.18028
1.18026
1.18025
1.18024
1.18023
1.18022
1.18022
1.18022
1.18023
1.18024
1.18025
1.18027
1.18029
1.18031
1.18033
1.18036
1.18039
1.18042
1.18045
1.18049
1.18052
1.18056
1.1806
1.18064
1.18069
1.18073
1.18078
1.18082
1.18087
1.18092
1.18097
1.18102
1.18106
1.18111
1.18116
1.18121
1.18126
1.18131
1.18136
1.18141
1.18146
1.18151
1.18156
1.18161
1.18166
1.18171
1.18176
1.18181
1.18186
1.1819
1.18195
1.182
1.18205
1.18209
1.18214
1.18219
1.18224
1.18229
1.18233
1.18238
1.18243
1.18248
1.18253
1.18258
1.18263
1.18269
1.18274
1.1828
1.18285
1.18291
1.18297
1.18303
1.18309
1.18316
1.18322
1.18329
1.18336
1.18344
1.18351
1.18359
1.18367
1.18375
1.18384
1.18393
1.18402
1.18411
1.18421
1.18431
1.18441
1.18452
1.18463
1.18475
1.18486
1.18498
1.18511
1.18523
1.18537
1.1855
1.18564
1.18578
1.18592
1.18607
1.18622
1.18637
1.18653
1.18669
1.18685
1.18701
1.18718
1.18735
1.18752
1.18769
1.18787
1.18805
1.18823
1.18841
1.18859
1.18878
1.18896
1.18915
1.18933
1.18952
1.18971
1.1899
1.19008
1.19027
1.19046
1.19064
1.19083
1.19101
1.1912
1.19138
1.19156
1.19174
1.19192
1.19209
1.19226
1.19243
1.1926
1.19276
1.19292
1.19308
1.19323
1.19338
1.19353
1.19368
1.19382
1.19395
1.19408
1.19421
1.19433
1.19445
1.19456
1.19467
1.19478
1.19488
1.19497
1.19506
1.19515
1.19523
1.1953
1.19537
1.19544
1.1955
1.19555
1.1956
1.19565
1.19569
1.19572
1.19575
1.19578
1.1958
1.19581
1.19582
1.19583
1.19583
1.19583
1.19582
1.19581
1.19579
1.19577
1.19574
1.19572
1.19568
1.19565
1.19561
1.19557
1.19552
1.19547
1.19542
1.19536
1.1953
1.19524
1.19518
1.19512
1.19505
1.19498
1.19491
1.19484
1.19476
1.19469
1.19461
1.19454
1.19446
1.19438
1.1943
1.19423
1.19415
1.19407
1.19399
1.19391
1.19384
1.19376
1.19369
1.19361
1.19354
1.19347
1.1934
1.19334
1.19327
1.19321
1.19315
1.19309
1.19303
1.19298
1.19293
1.19288
1.19284
1.1928
1.19276
1.19272
1.19269
1.19266
1.19264
1.19261
1.1926
1.19258
1.19257
1.19256
1.19256
1.19256
1.19257
1.19257
1.19258
1.1926
1.19262
1.19264
1.19267
1.1927
1.19273
1.19277
1.19281
1.19286
1.19291
1.19296
1.19301
1.19307
1.19314
1.1932
1.19327
1.19334
1.19342
1.19349
1.19357
1.19366
1.19374
1.19383
1.19392
1.19402
1.19411
1.19421
1.19431
1.19441
1.19452
1.19462
1.19473
1.19484
1.19495
1.19507
1.19518
1.1953
1.19541
1.19553
1.19565
1.19577
1.19589
1.19601
1.19614
1.19626
1.19639
1.19651
1.19664
1.19676
1.19689
1.19702
1.19714
1.19727
1.1974
1.19753
1.19765
1.19778
1.19791
1.19804
1.19817
1.19829
1.19842
1.19855
1.19867
1.1988
1.19893
1.19905
1.19918
1.1993
1.19943
1.19955
1.19968
1.1998
1.19993
1.20005
1.20017
1.20029
1.20041
1.20053
1.20065
1.20077
1.20089
1.20101
1.20112
1.20124
1.20136
1.20147
1.20159
1.2017
1.20181
1.20192
1.20204
1.20215
1.20226
1.20237
1.20247
1.20258
1.20269
1.20279
1.2029
1.203
1.2031
1.20321
1.20331
1.20341
1.20351
1.2036
1.2037
1.2038
1.20389
1.20398
1.20408
1.20417
1.20426
1.20435
1.20443
1.20452
1.2046
1.20469
1.20477
1.20485
1.20493
1.20501
1.20508
1.20515
1.20523
1.2053
1.20537
1.20543
1.2055
1.20556
1.20562
1.20568
1.20574
1.20579
1.20584
1.20589
1.20594
1.20598
1.20603
1.20607
1.2061
1.20614
1.20617
1.20619
1.20622
1.20624
1.20626
1.20627
1.20629
1.20629
1.2063
1.2063
1.2063
1.20629
1.20628
1.20626
1.20624
1.20622
1.20619
1.20616
1.20612
1.20608
1.20603
1.20598
1.20592
1.20585
1.20579
1.20571
1.20563
1.20555
1.20546
1.20536
1.20526
1.20515
1.20503
1.20491
1.20478
1.20464
1.2045
1.20435
1.20419
1.20403
1.20386
1.20368
1.2035
1.2033
1.2031
1.20289
1.20268
1.20245
1.20222
1.20198
1.20173
1.20148
1.20121
1.20094
1.20066
1.20037
1.20007
1.19977
1.19946
1.19914
1.19881
1.19847
1.19812
1.19777
1.19741
1.19704
1.19666
1.19628
1.19589
1.19549
1.19509
1.19468
1.19426
1.19383
1.1934
1.19297
1.19253
1.19208
1.19163
1.19117
1.19071
1.19025
1.18978
1.18931
1.18884
1.18837
1.18789
1.18742
1.18694
1.18646
1.18599
1.18551
1.18504
1.18457
1.1841
1.18363
1.18317
1.18271
1.18226
1.18182
1.18138
1.18095
1.18052
1.18011
1.1797
1.1793
1.17891
1.17854
1.17817
1.17782
1.17748
1.17715
1.17684
1.17654
1.17626
1.17599
1.17574
1.1755
1.17528
1.17508
1.17489
1.17473
1.17458
1.17445
1.17433
1.17424
1.17417
1.17411
1.17408
1.17406
1.17407
1.17409
1.17413
1.1742
1.17428
1.17438
1.1745
1.17464
1.1748
1.17498
1.17517
1.17539
1.17562
1.17587
1.17614
1.17642
1.17672
1.17703
1.17736
1.17771
1.17807
1.17844
1.17882
1.17922
1.17963
1.18005
1.18048
1.18092
1.18137
1.18183
1.1823
1.18278
1.18326
1.18375
1.18424
1.18474
1.18524
1.18574
1.18625
1.18676
1.18727
1.18778
1.1883
1.18881
1.18932
1.18983
1.19034
1.19084
1.19134
1.19184
1.19234
1.19282
1.19331
1.19379
1.19426
1.19472
1.19518
1.19563
1.19607
1.1965
1.19693
1.19734
1.19775
1.19815
1.19853
1.19891
1.19927
1.19963
1.19997
1.2003
1.20062
1.20093
1.20122
1.2015
1.20177
1.20203
1.20227
1.20251
1.20272
1.20293
1.20312
1.2033
1.20346
1.20361
1.20375
1.20388
1.20398
1.20408
1.20416
1.20423
1.20428
1.20433
1.20435
1.20436
1.20436
1.20435
1.20432
1.20428
1.20422
1.20415
1.20407
1.20398
1.20387
1.20375
1.20362
1.20347
1.20331
1.20314
1.20296
1.20276
1.20256
1.20234
1.20211
1.20188
1.20163
1.20137
1.2011
1.20082
1.20054
1.20024
1.19994
1.19962
1.1993
1.19898
1.19864
1.1983
1.19796
1.1976
1.19725
1.19689
1.19652
1.19615
1.19578
1.19541
1.19503
1.19465
1.19427
1.19389
1.19351
1.19313
1.19275
1.19237
1.192
1.19162
1.19125
1.19088
1.19052
1.19015
1.1898
1.18944
1.1891
1.18875
1.18842
1.18809
1.18776
1.18745
1.18713
1.18683
1.18653
1.18624
1.18596
1.18569
1.18542
1.18516
1.18491
1.18467
1.18443
1.1842
1.18398
1.18377
1.18356
1.18336
1.18317
1.18299
1.18281
1.18264
1.18247
1.18231
1.18216
1.18202
1.18187
1.18174
1.18161
1.18148
1.18136
1.18124
1.18113
1.18102
1.18091
1.18081
1.18071
1.18061
1.18052
1.18043
1.18034
1.18025
1.18017
1.18009
1.18001
1.17994
1.17986
1.17979
1.17972
1.17966
1.17959
1.17953
1.17947
1.17942
1.17937
1.17932
1.17927
1.17923
1.1792
1.17917
1.17914
1.17912
1.1791
1.17909
1.17908
1.17908
1.17909
1.17911
1.17913
1.17916
1.1792
1.17924
1.1793
1.17936
1.17943
1.17952
1.17961
1.17971
1.17983
1.17995
1.18009
1.18024
1.1804
1.18056
1.18075
1.18094
1.18114
1.18136
1.18159
1.18183
1.18208
1.18235
1.18262
1.18291
1.18321
1.18352
1.18384
1.18417
1.18451
1.18486
1.18522
1.18559
1.18597
1.18636
1.18676
1.18717
1.18758
1.188
1.18843
1.18887
1.18931
1.18975
1.1902
1.19066
1.19112
1.19158
1.19205
1.19251
1.19298
1.19346
1.19393
1.19441
1.19488
1.19536
1.19583
1.1963
1.19678
1.19725
1.19772
1.19818
1.19864
1.1991
1.19956
1.20001
1.20046
1.2009
1.20134
1.20177
1.2022
1.20262
1.20304
1.20345
1.20386
1.20425
1.20464
1.20503
1.20541
1.20578
1.20614
1.20649
1.20684
1.20718
1.20752
1.20784
1.20816
1.20847
1.20877
1.20906
1.20935
1.20962
1.20989
1.21015
1.21041
1.21065
1.21089
1.21112
1.21134
1.21155
1.21175
1.21195
1.21214
1.21232
1.21249
1.21266
1.21281
1.21296
1.21311
1.21324
1.21337
1.21349
1.2136
1.2137
1.2138
1.21389
1.21398
1.21405
1.21413
1.21419
1.21425
1.2143
1.21434
1.21438
1.21441
1.21443
1.21445
1.21447
1.21447
1.21448
1.21447
1.21446
1.21445
1.21443
1.2144
1.21437
1.21434
1.2143
1.21425
1.2142
1.21415
1.21409
1.21403
1.21396
1.21389
1.21381
1.21373
1.21365
1.21356
1.21347
1.21338
1.21328
1.21318
1.21307
1.21297
1.21286
1.21274
1.21263
1.21251
1.21238
1.21226
1.21213
1.212
1.21187
1.21174
1.2116
1.21147
1.21133
1.21118
1.21104
1.2109
1.21075
1.2106
1.21045
1.2103
1.21015
1.20999
1.20984
1.20968
1.20952
1.20936
1.2092
1.20904
1.20888
1.20872
1.20855
1.20839
1.20822
1.20806
1.20789
1.20772
1.20756
1.20739
1.20722
1.20705
1.20688
1.20671
1.20654
1.20637
1.2062
1.20603
1.20586
1.20569
1.20552
1.20534
1.20517
1.205
1.20483
1.20466
1.20449
1.20432
1.20415
1.20397
1.2038
1.20363
1.20346
1.20329
1.20313
1.20296
1.20279
1.20262
1.20246
1.20229
1.20213
1.20196
1.2018
1.20164
1.20148
1.20132
1.20116
1.201
1.20084
1.20069
1.20054
1.20039
1.20024
1.20009
1.19994
1.1998
1.19966
1.19952
1.19938
1.19925
1.19912
1.19899
1.19886
1.19874
1.19862
1.19851
1.19839
1.19828
1.19818
1.19807
1.19798
1.19788
1.19779
1.1977
1.19762
1.19754
1.19747
1.1974
1.19733
1.19727
1.19722
1.19716
1.19712
1.19708
1.19704
1.19701
1.19698
1.19696
1.19695
1.19693
1.19693
1.19693
1.19693
1.19694
1.19696
1.19698
1.19701
1.19704
1.19707
1.19711
1.19716
1.19721
1.19727
1.19733
1.1974
1.19747
1.19755
1.19763
1.19772
1.19781
1.1979
1.198
1.19811
1.19822
1.19833
1.19845
1.19857
1.1987
1.19883
1.19897
1.1991
1.19925
1.19939
1.19954
1.1997
1.19986
1.20002
1.20018
1.20035
1.20052
1.2007
1.20088
1.20106
1.20124
1.20143
1.20162
1.20182
1.20202
1.20222
1.20242
1.20263
1.20284
1.20305
1.20327
1.20348
1.2037
1.20393
1.20415
1.20438
1.20461
1.20485
1.20508
1.20532
1.20556
1.2058
1.20605
1.20629
1.20654
1.20679
1.20705
1.2073
1.20755
1.20781
1.20807
1.20833
1.20859
1.20885
1.20911
1.20938
1.20964
1.2099
1.21017
1.21043
1.2107
1.21096
1.21123
1.21149
1.21175
1.21201
1.21227
1.21253
1.21279
1.21305
1.2133
1.21355
1.2138
1.21405
1.21429
1.21453
1.21477
1.21501
1.21524
1.21547
1.21569
1.21591
1.21613
1.21634
1.21655
1.21675
1.21695
1.21714
1.21733
1.21752
1.21769
1.21786
1.21803
1.21819
1.21834
1.21849
1.21863
1.21877
1.2189
1.21902
1.21914
1.21925
1.21935
1.21945
1.21954
1.21962
1.21969
1.21976
1.21983
1.21988
1.21993
1.21997
1.22001
1.22004
1.22006
1.22008
1.22009
1.22009
1.22009
1.22008
1.22006
1.22004
1.22001
1.21998
1.21994
1.2199
1.21985
1.2198
1.21974
1.21967
1.21961
1.21954
1.21946
1.21938
1.2193
1.21921
1.21912
1.21903
1.21893
1.21883
1.21873
1.21863
1.21853
1.21842
1.21832
1.21821
1.2181
1.21799
1.21788
1.21777
1.21766
1.21755
1.21744
1.21733
1.21722
1.21712
1.21701
1.2169
1.2168
1.2167
1.2166
1.2165
1.21641
1.21631
1.21622
1.21613
1.21604
1.21596
1.21587
1.21579
1.21572
1.21564
1.21557
1.2155
1.21543
1.21536
1.2153
1.21524
1.21518
1.21512
1.21507
1.21501
1.21496
1.21491
1.21486
1.21482
1.21477
1.21473
1.21468
1.21464
1.2146
1.21456
1.21452
1.21448
1.21444
1.2144
1.21436
1.21432
1.21428
1.21424
1.2142
1.21416
1.21411
1.21407
1.21402
1.21398
1.21393
1.21388
1.21383
1.21378
1.21373
1.21367
1.21361
1.21356
1.2135
1.21343
1.21337
1.21331
1.21324
1.21317
1.2131
1.21303
1.21295
1.21288
1.2128
1.21272
1.21264
1.21256
1.21248
1.2124
1.21231
1.21223
1.21214
1.21205
1.21196
1.21188
1.21179
1.2117
1.21161
1.21152
1.21143
1.21135
1.21126
1.21117
1.21108
1.211
1.21091
1.21083
1.21075
1.21067
1.21059
1.21051
1.21043
1.21036
1.21029
1.21022
1.21015
1.21008
1.21002
1.20996
1.2099
1.20984
1.20979
1.20974
1.20969
1.20964
1.2096
1.20956
1.20952
1.20948
1.20945
1.20942
1.20939
1.20937
1.20935
1.20933
1.20931
1.2093
1.20928
1.20928
1.20927
1.20926
1.20926
1.20926
1.20927
1.20927
1.20928
1.20929
1.2093
1.20931
1.20933
1.20934
1.20936
1.20938
1.2094
1.20942
1.20944
1.20947
1.20949
1.20952
1.20955
1.20957
1.2096
1.20963
1.20966
1.20969
1.20972
1.20975
1.20978
1.20981
1.20984
1.20987
1.2099
1.20992
1.20995
1.20998
1.21001
1.21004
1.21006
1.21009
1.21011
1.21013
1.21016
1.21018
1.2102
1.21022
1.21024
1.21025
1.21027
1.21028
1.2103
1.21031
1.21032
1.21033
1.21033
1.21034
1.21034
1.21034
1.21035
1.21034
1.21034
1.21034
1.21033
1.21032
1.21031
1.2103
1.21029
1.21027
1.21026
1.21024
1.21022
1.2102
1.21017
1.21015
1.21012
1.21009
1.21006
1.21002
1.20999
1.20995
1.20991
1.20987
1.20983
1.20979
1.20974
1.2097
1.20965
1.2096
1.20955
1.20949
1.20944
1.20938
1.20932
1.20926
1.2092
1.20914
1.20908
1.20901
1.20894
1.20888
1.20881
1.20874
1.20866
1.20859
1.20852
1.20844
1.20837
1.20829
1.20821
1.20813
1.20805
1.20797
1.20789
1.20781
1.20772
1.20764
1.20756
1.20747
1.20739
1.2073
1.20722
1.20713
1.20704
1.20696
1.20687
1.20678
1.2067
1.20661
1.20652
1.20644
1.20635
1.20627
1.20618
1.2061
1.20601
1.20593
1.20585
1.20577
1.20568
1.2056
1.20552
1.20545
1.20537
1.20529
1.20522
1.20514
1.20507
1.205
1.20493
1.20486
1.20479
1.20472
1.20466
1.2046
1.20453
1.20447
1.20442
1.20436
1.20431
1.20425
1.2042
1.20415
1.20411
1.20406
1.20402
1.20398
1.20394
1.2039
1.20386
1.20383
1.2038
1.20377
1.20374
1.20372
1.20369
1.20367
1.20365
1.20364
1.20362
1.20361
1.2036
1.20359
1.20359
