0.955
0.955
0.955
0.955
0.955
0.955
0.955001
0.955001
0.955001
0.955001
0.955002
0.955002
0.955002
0.955003
0.955003
0.955004
0.955004
0.955005
0.955005
0.955006
0.955007
0.955007
0.955008
0.955009
0.95501
0.95501
0.955011
0.955012
0.955013
0.955014
0.955015
0.955016
0.955017
0.955018
0.955019
0.95502
0.955021
0.955023
0.955024
0.955025
0.955026
0.955028
0.955029
0.955031
0.955032
0.955033
0.955035
0.955036
0.955038
0.95504
0.955041
0.955043
0.955045
0.955046
0.955048
0.95505
0.955052
0.955054
0.955056
0.955057
0.955059
0.955061
0.955063
0.955065
0.955068
0.95507
0.955072
0.955074
0.955076
0.955079
0.955081
0.955083
0.955086
0.955088
0.95509
0.955093
0.955095
0.955098
0.9551
0.955103
0.955106
0.955108
0.955111
0.955114
0.955116
0.955119
0.955122
0.955125
0.955128
0.955131
0.955134
0.955137
0.95514
0.955143
0.955146
0.955149
0.955152
0.955155
0.955159
0.955162
0.955165
0.955169
0.955172
0.955175
0.955179
0.955182
0.955186
0.955189
0.955193
0.955196
0.9552
0.955204
0.955207
0.955211
0.955215
0.955219
0.955223
0.955226
0.95523
0.955234
0.955238
0.955242
0.955246
0.95525
0.955255
0.955259
0.955263
0.955267
0.955271
0.955276
0.95528
0.955284
0.955289
0.955293
0.955298
0.955302
0.955307
0.955311
0.955316
0.955321
0.955325
0.95533
0.955335
0.95534
0.955345
0.955349
0.955354
0.955359
0.955364
0.955369
0.955374
0.955379
0.955385
0.95539
0.955395
0.9554
0.955405
0.955411
0.955416
0.955421
0.955427
0.955432
0.955438
0.955443
0.955449
0.955455
0.95546
0.955466
0.955472
0.955477
0.955483
0.955489
0.955495
0.955501
0.955507
0.955513
0.955519
0.955525
0.955531
0.955537
0.955543
0.95555
0.955556
0.955562
0.955569
0.955575
0.955581
0.955588
0.955594
0.955601
0.955607
0.955614
0.955621
0.955627
0.955634
0.955641
0.955648
0.955655
0.955661
0.955668
0.955675
0.955682
0.955689
0.955697
0.955704
0.955711
0.955718
0.955725
0.955733
0.95574
0.955747
0.955755
0.955762
0.95577
0.955777
0.955785
0.955793
0.9558
0.955808
0.955816
0.955823
0.955831
0.955839
0.955847
0.955855
0.955863
0.955871
0.955879
0.955888
0.955896
0.955904
0.955912
0.955921
0.955929
0.955937
0.955946
0.955954
0.955963
0.955971
0.95598
0.955989
0.955997
0.956006
0.956015
0.956024
0.956033
0.956042
0.956051
0.95606
0.956069
0.956078
0.956087
0.956096
0.956106
0.956115
0.956124
0.956134
0.956143
0.956152
0.956162
0.956172
0.956181
0.956191
0.956201
0.95621
0.95622
0.95623
0.95624
0.95625
0.95626
0.95627
0.95628
0.95629
0.9563
0.956311
0.956321
0.956331
0.956341
0.956352
0.956362
0.956373
0.956383
0.956394
0.956405
0.956416
0.956426
0.956437
0.956448
0.956459
0.95647
0.956481
0.956492
0.956503
0.956514
0.956525
0.956537
0.956548
0.956559
0.956571
0.956582
0.956594
0.956605
0.956617
0.956629
0.95664
0.956652
0.956664
0.956676
0.956688
0.9567
0.956712
0.956724
0.956736
0.956748
0.956761
0.956773
0.956785
0.956798
0.95681
0.956823
0.956835
0.956848
0.95686
0.956873
0.956886
0.956899
0.956912
0.956925
0.956938
0.956951
0.956964
0.956977
0.95699
0.957004
0.957017
0.957031
0.957044
0.957058
0.957071
0.957085
0.957099
0.957112
0.957126
0.95714
0.957154
0.957168
0.957182
0.957196
0.95721
0.957225
0.957239
0.957253
0.957268
0.957282
0.957297
0.957311
0.957326
0.957341
0.957356
0.957371
0.957386
0.957401
0.957416
0.957431
0.957446
0.957461
0.957477
0.957492
0.957507
0.957523
0.957539
0.957554
0.95757
0.957586
0.957602
0.957618
0.957634
0.95765
0.957666
0.957682
0.957698
0.957715
0.957731
0.957747
0.957764
0.957781
0.957797
0.957814
0.957831
0.957848
0.957865
0.957882
0.957899
0.957916
0.957934
0.957951
0.957968
0.957986
0.958003
0.958021
0.958039
0.958057
0.958074
0.958092
0.95811
0.958129
0.958147
0.958165
0.958183
0.958202
0.95822
0.958239
0.958258
0.958276
0.958295
0.958314
0.958333
0.958352
0.958371
0.95839
0.95841
0.958429
0.958449
0.958468
0.958488
0.958508
0.958527
0.958547
0.958567
0.958587
0.958608
0.958628
0.958648
0.958669
0.958689
0.95871
0.958731
0.958751
0.958772
0.958793
0.958814
0.958835
0.958857
0.958878
0.9589
0.958921
0.958943
0.958964
0.958986
0.959008
0.95903
0.959052
0.959075
0.959097
0.959119
0.959142
0.959165
0.959187
0.95921
0.959233
0.959256
0.959279
0.959303
0.959326
0.959349
0.959373
0.959397
0.95942
0.959444
0.959468
0.959492
0.959517
0.959541
0.959565
0.95959
0.959615
0.959639
0.959664
0.959689
0.959715
0.95974
0.959765
0.959791
0.959816
0.959842
0.959868
0.959894
0.95992
0.959946
0.959972
0.959999
0.960025
0.960052
0.960079
0.960106
0.960133
0.96016
0.960188
0.960215
0.960243
0.960271
0.960298
0.960326
0.960355
0.960383
0.960411
0.96044
0.960469
0.960497
0.960526
0.960555
0.960585
0.960614
0.960644
0.960673
0.960703
0.960733
0.960763
0.960794
0.960824
0.960855
0.960886
0.960917
0.960948
0.960979
0.96101
0.961042
0.961073
0.961105
0.961137
0.96117
0.961202
0.961234
0.961267
0.9613
0.961333
0.961366
0.9614
0.961433
0.961467
0.961501
0.961535
0.961569
0.961603
0.961638
0.961673
0.961708
0.961743
0.961778
0.961814
0.96185
0.961886
0.961922
0.961958
0.961994
0.962031
0.962068
0.962105
0.962142
0.96218
0.962218
0.962255
0.962294
0.962332
0.96237
0.962409
0.962448
0.962487
0.962527
0.962566
0.962606
0.962646
0.962686
0.962727
0.962767
0.962808
0.962849
0.962891
0.962932
0.962974
0.963016
0.963059
0.963101
0.963144
0.963187
0.963231
0.963274
0.963318
0.963362
0.963406
0.963451
0.963496
0.963541
0.963586
0.963632
0.963678
0.963724
0.96377
0.963817
0.963864
0.963911
0.963958
0.964006
0.964054
0.964103
0.964151
0.9642
0.96425
0.964299
0.964349
0.964399
0.96445
0.9645
0.964551
0.964603
0.964654
0.964706
0.964759
0.964811
0.964864
0.964917
0.964971
0.965025
0.965079
0.965134
0.965189
0.965244
0.9653
0.965356
0.965412
0.965469
0.965526
0.965583
0.965641
0.965699
0.965757
0.965816
0.965875
0.965935
0.965995
0.966055
0.966116
0.966177
0.966238
0.9663
0.966362
0.966425
0.966488
0.966552
0.966616
0.96668
0.966744
0.96681
0.966875
0.966941
0.967007
0.967074
0.967141
0.967209
0.967277
0.967346
0.967415
0.967484
0.967554
0.967624
0.967695
0.967766
0.967838
0.96791
0.967983
0.968056
0.968129
0.968203
0.968278
0.968353
0.968428
0.968504
0.96858
0.968657
0.968735
0.968813
0.968891
0.96897
0.969049
0.969129
0.96921
0.969291
0.969372
0.969454
0.969536
0.969619
0.969703
0.969787
0.969871
0.969956
0.970042
0.970128
0.970215
0.970302
0.970389
0.970478
0.970566
0.970655
0.970745
0.970836
0.970926
0.971018
0.97111
0.971202
0.971295
0.971388
0.971482
0.971577
0.971672
0.971767
0.971863
0.97196
0.972056
0.972154
0.972252
0.97235
0.972449
0.972549
0.972649
0.972749
0.97285
0.972951
0.973053
0.973155
0.973257
0.97336
0.973463
0.973567
0.973671
0.973776
0.97388
0.973985
0.974091
0.974197
0.974303
0.974409
0.974515
0.974622
0.974729
0.974836
0.974943
0.97505
0.975158
0.975265
0.975373
0.97548
0.975588
0.975695
0.975803
0.97591
0.976017
0.976124
0.976231
0.976337
0.976443
0.976548
0.976653
0.976758
0.976862
0.976965
0.977068
0.97717
0.977271
0.977371
0.977471
0.977569
0.977666
0.977762
0.977856
0.97795
0.978041
0.978131
0.97822
0.978306
0.978391
0.978474
0.978554
0.978633
0.978708
0.978782
0.978852
0.97892
0.978985
0.979047
0.979105
0.97916
0.979211
0.979258
0.979301
0.97934
0.979375
0.979405
0.97943
0.97945
0.979464
0.979473
0.979476
0.979473
0.979464
0.979448
0.979425
0.979395
0.979357
0.979312
0.979258
0.979196
0.979125
0.979046
0.978956
0.978857
0.978748
0.978629
0.978498
0.978356
0.978203
0.978038
0.977861
0.97767
0.977467
0.977251
0.97702
0.976776
0.976517
0.976243
0.975954
0.97565
0.97533
0.974993
0.974641
0.974271
0.973885
0.973482
0.973062
0.972625
0.97217
0.971698
0.971208
0.970701
0.970177
0.969636
0.969078
0.968503
0.967912
0.967306
0.966684
0.966047
0.965396
0.964733
0.964056
0.963369
0.962671
0.961963
0.961248
0.960526
0.959799
0.959068
0.958335
0.957601
0.956869
0.95614
0.955416
0.954699
0.953992
0.953296
0.952614
0.951947
0.951298
0.95067
0.950064
0.949482
0.948927
0.948401
0.947906
0.947444
0.947016
0.946624
0.946271
0.945957
0.945684
0.945452
0.945263
0.945118
0.945017
0.94496
0.944948
0.944981
0.945058
0.945178
0.945342
0.945549
0.945796
0.946084
0.94641
0.946773
0.947171
0.947603
0.948066
0.948558
0.949078
0.949622
0.950188
0.950775
0.951379
0.951998
0.95263
0.953272
0.953922
0.954578
0.955236
0.955896
0.956554
0.957209
0.957858
0.9585
0.959133
0.959755
0.960364
0.960959
0.961539
0.962102
0.962647
0.963174
0.96368
0.964166
0.964631
0.965073
0.965494
0.965891
0.966266
0.966617
0.966945
0.96725
0.967532
0.96779
0.968027
0.968241
0.968433
0.968605
0.968755
0.968886
0.968998
0.969092
0.969168
0.969228
0.969273
0.969303
0.96932
0.969325
0.969318
0.969302
0.969278
0.969246
0.969208
0.969166
0.96912
0.969072
0.969023
0.968975
0.968929
0.968886
0.968848
0.968815
0.968789
0.968772
0.968763
0.968765
0.968779
0.968805
0.968844
0.968898
0.968967
0.969052
0.969154
0.969273
0.96941
0.969565
0.969738
0.969931
0.970143
0.970374
0.970625
0.970895
0.971185
0.971493
0.971821
0.972167
0.972532
0.972914
0.973314
0.97373
0.974163
0.974611
0.975074
0.975551
0.976041
0.976544
0.977058
0.977584
0.978119
0.978663
0.979215
0.979775
0.980341
0.980913
0.981489
0.982069
0.982652
0.983237
0.983823
0.98441
0.984997
0.985582
0.986166
0.986748
0.987326
0.987901
0.988472
0.989038
0.989599
0.990154
0.990703
0.991245
0.99178
0.992307
0.992827
0.993339
0.993843
0.994337
0.994824
0.995301
0.995768
0.996227
0.996676
0.997116
0.997545
0.997966
0.998376
0.998776
0.999167
0.999547
0.999918
1.00028
1.00063
1.00097
1.0013
1.00162
1.00193
1.00224
1.00253
1.00281
1.00308
1.00335
1.0036
1.00385
1.00408
1.00431
1.00453
1.00473
1.00493
1.00512
1.0053
1.00548
1.00564
1.00579
1.00594
1.00608
1.00621
1.00633
1.00644
1.00654
1.00663
1.00672
1.0068
1.00686
1.00692
1.00697
1.00702
1.00705
1.00708
1.00709
1.0071
1.0071
1.00709
1.00707
1.00704
1.00701
1.00696
1.00691
1.00685
1.00677
1.00669
1.0066
1.0065
1.00639
1.00627
1.00614
1.006
1.00586
1.0057
1.00553
1.00535
1.00516
1.00496
1.00476
1.00454
1.00431
1.00407
1.00382
1.00356
1.00329
1.00301
1.00271
1.00241
1.0021
1.00177
1.00144
1.0011
1.00074
1.00037
0.999999
0.999613
0.999216
0.99881
0.998393
0.997967
0.997531
0.997085
0.99663
0.996166
0.995693
0.995212
0.994722
0.994224
0.993719
0.993205
0.992685
0.992158
0.991625
0.991086
0.990541
0.989991
0.989437
0.988878
0.988316
0.987751
0.987183
0.986613
0.986041
0.985469
0.984896
0.984324
0.983752
0.983181
0.982613
0.982047
0.981485
0.980927
0.980373
0.979824
0.979281
0.978745
0.978215
0.977694
0.97718
0.976676
0.97618
0.975695
0.975221
0.974757
0.974305
0.973866
0.973439
0.973025
0.972625
0.972239
0.971867
0.971511
0.971169
0.970844
0.970534
0.970241
0.969965
0.969705
0.969463
0.969238
0.969031
0.968842
0.968671
0.968519
0.968385
0.968269
0.968173
0.968095
0.968036
0.967996
0.967976
0.967974
0.967991
0.968028
0.968084
0.968159
0.968253
0.968366
0.968498
0.968649
0.968819
0.969008
0.969215
0.969441
0.969685
0.969947
0.970228
0.970526
0.970843
0.971176
0.971527
0.971896
0.972281
0.972682
0.9731
0.973535
0.973985
0.97445
0.974931
0.975426
0.975937
0.976461
0.976999
0.977551
0.978116
0.978694
0.979284
0.979885
0.980499
0.981123
0.981758
0.982403
0.983057
0.983721
0.984393
0.985074
0.985762
0.986457
0.987159
0.987868
0.988581
0.9893
0.990023
0.990751
0.991481
0.992215
0.992951
0.993689
0.994429
0.995169
0.99591
0.99665
0.99739
0.998129
0.998866
0.999602
1.00033
1.00106
1.00179
1.00251
1.00323
1.00395
1.00465
1.00536
1.00606
1.00675
1.00743
1.00811
1.00878
1.00945
1.01011
1.01076
1.0114
1.01203
1.01266
1.01328
1.01389
1.01449
1.01508
1.01566
1.01624
1.0168
1.01736
1.0179
1.01844
1.01897
1.01949
1.02
1.0205
1.02099
1.02147
1.02195
1.02241
1.02286
1.02331
1.02375
1.02417
1.02459
1.025
1.0254
1.0258
1.02618
1.02656
1.02692
1.02728
1.02763
1.02798
1.02831
1.02864
1.02896
1.02927
1.02957
1.02987
1.03016
1.03044
1.03072
1.03098
1.03125
1.0315
1.03175
1.03199
1.03222
1.03245
1.03267
1.03289
1.0331
1.0333
1.0335
1.03369
1.03388
1.03406
1.03423
1.0344
1.03457
1.03472
1.03488
1.03502
1.03517
1.0353
1.03543
1.03556
1.03568
1.0358
1.03591
1.03602
1.03612
1.03622
1.03631
1.03639
1.03648
1.03655
1.03662
1.03669
1.03675
1.03681
1.03687
1.03691
1.03696
1.037
1.03703
1.03706
1.03708
1.0371
1.03712
1.03713
1.03713
1.03713
1.03713
1.03712
1.03711
1.03709
1.03707
1.03704
1.037
1.03697
1.03692
1.03688
1.03683
1.03677
1.03671
1.03664
1.03657
1.0365
1.03642
1.03634
1.03625
1.03616
1.03606
1.03596
1.03586
1.03575
1.03563
1.03552
1.0354
1.03527
1.03515
1.03502
1.03488
1.03475
1.03461
1.03447
1.03432
1.03418
1.03403
1.03388
1.03373
1.03357
1.03342
1.03327
1.03311
1.03295
1.0328
1.03264
1.03249
1.03234
1.03218
1.03203
1.03188
1.03174
1.03159
1.03145
1.03131
1.03118
1.03105
1.03092
1.0308
1.03068
1.03057
1.03046
1.03036
1.03027
1.03018
1.0301
1.03002
1.02996
1.0299
1.02985
1.0298
1.02977
1.02974
1.02972
1.02971
1.02971
1.02972
1.02974
1.02977
1.02981
1.02985
1.02991
1.02997
1.03005
1.03013
1.03022
1.03033
1.03044
1.03056
1.03069
1.03083
1.03097
1.03113
1.03129
1.03146
1.03164
1.03183
1.03202
1.03222
1.03243
1.03264
1.03286
1.03309
1.03332
1.03355
1.03379
1.03404
1.03428
1.03454
1.03479
1.03505
1.03531
1.03558
1.03585
1.03612
1.03639
1.03666
1.03693
1.03721
1.03748
1.03776
1.03804
1.03831
1.03859
1.03887
1.03914
1.03942
1.0397
1.03997
1.04024
1.04052
1.04079
1.04106
1.04133
1.0416
1.04186
1.04213
1.04239
1.04266
1.04292
1.04318
1.04344
1.0437
1.04396
1.04421
1.04447
1.04472
1.04497
1.04523
1.04548
1.04573
1.04598
1.04623
1.04648
1.04673
1.04697
1.04722
1.04747
1.04772
1.04796
1.04821
1.04846
1.04871
1.04895
1.0492
1.04945
1.04969
1.04994
1.05019
1.05044
1.05069
1.05093
1.05118
1.05143
1.05168
1.05193
1.05218
1.05243
1.05268
1.05293
1.05318
1.05343
1.05368
1.05393
1.05418
1.05443
1.05468
1.05493
1.05517
1.05542
1.05567
1.05591
1.05616
1.0564
1.05664
1.05689
1.05713
1.05737
1.0576
1.05784
1.05808
1.05831
1.05854
1.05877
1.059
1.05923
1.05945
1.05968
1.0599
1.06012
1.06033
1.06055
1.06076
1.06097
1.06118
1.06139
1.06159
1.0618
1.062
1.06219
1.06239
1.06259
1.06278
1.06297
1.06316
1.06335
1.06353
1.06372
1.0639
1.06408
1.06426
1.06444
1.06462
1.06479
1.06497
1.06514
1.06531
1.06549
1.06566
1.06583
1.066
1.06617
1.06635
1.06652
1.06669
1.06686
1.06703
1.06721
1.06738
1.06755
1.06773
1.06791
1.06808
1.06826
1.06844
1.06863
1.06881
1.06899
1.06918
1.06937
1.06956
1.06975
1.06995
1.07015
1.07035
1.07055
1.07075
1.07096
1.07117
1.07138
1.07159
1.07181
1.07203
1.07225
1.07247
1.0727
1.07293
1.07316
1.0734
1.07363
1.07387
1.07412
1.07436
1.07461
1.07486
1.07511
1.07536
1.07562
1.07588
1.07614
1.0764
1.07667
1.07694
1.0772
1.07747
1.07775
1.07802
1.0783
1.07857
1.07885
1.07913
1.07941
1.07969
1.07998
1.08026
1.08055
1.08083
1.08112
1.08141
1.0817
1.08198
1.08227
1.08256
1.08285
1.08314
1.08343
1.08372
1.08401
1.0843
1.08459
1.08488
1.08517
1.08545
1.08574
1.08603
1.08631
1.0866
1.08688
1.08717
1.08745
1.08773
1.08801
1.08829
1.08857
1.08885
1.08912
1.0894
1.08967
1.08994
1.09021
1.09048
1.09074
1.09101
1.09127
1.09153
1.09179
1.09204
1.0923
1.09255
1.0928
1.09304
1.09329
1.09353
1.09376
1.094
1.09423
1.09446
1.09469
1.09491
1.09513
1.09535
1.09556
1.09577
1.09598
1.09618
1.09638
1.09657
1.09677
1.09695
1.09714
1.09732
1.09749
1.09766
1.09783
1.09799
1.09815
1.0983
1.09845
1.0986
1.09874
1.09887
1.099
1.09913
1.09925
1.09936
1.09947
1.09958
1.09968
1.09977
1.09986
1.09994
1.10002
1.1001
1.10016
1.10023
1.10028
1.10033
1.10038
1.10042
1.10046
1.10048
1.10051
1.10053
1.10054
1.10055
1.10055
1.10054
1.10053
1.10052
1.1005
1.10047
1.10044
1.10041
1.10036
1.10032
1.10027
1.10021
1.10015
1.10008
1.10001
1.09993
1.09985
1.09977
1.09968
1.09959
1.09949
1.09939
1.09928
1.09917
1.09906
1.09894
1.09882
1.0987
1.09857
1.09844
1.09831
1.09817
1.09803
1.09789
1.09775
1.09761
1.09746
1.09732
1.09717
1.09702
1.09687
1.09672
1.09657
1.09641
1.09626
1.09611
1.09596
1.0958
1.09565
1.0955
1.09535
1.0952
1.09505
1.09491
1.09476
1.09462
1.09448
1.09434
1.0942
1.09407
1.09394
1.09381
1.09368
1.09356
1.09344
1.09332
1.09321
1.0931
1.09299
1.09289
1.09279
1.09269
1.0926
1.09251
1.09243
1.09235
1.09227
1.0922
1.09213
1.09207
1.09201
1.09196
1.09191
1.09186
1.09181
1.09178
1.09174
1.09171
1.09168
1.09166
1.09163
1.09162
1.0916
1.09159
1.09159
1.09158
1.09158
1.09158
1.09158
1.09159
1.0916
1.09161
1.09162
1.09163
1.09165
1.09167
1.09169
1.09171
1.09173
1.09175
1.09177
1.09179
1.09182
1.09184
1.09186
1.09188
1.09191
1.09193
1.09195
1.09197
1.09199
1.092
1.09202
1.09203
1.09205
1.09206
1.09206
1.09207
1.09208
1.09208
1.09208
1.09207
1.09207
1.09206
1.09205
1.09203
1.09202
1.092
1.09197
1.09195
1.09192
1.09189
1.09185
1.09181
1.09177
1.09172
1.09168
1.09163
1.09157
1.09151
1.09145
1.09139
1.09133
1.09126
1.09119
1.09111
1.09104
1.09096
1.09088
1.0908
1.09071
1.09063
1.09054
1.09045
1.09036
1.09027
1.09018
1.09009
1.09
1.0899
1.08981
1.08971
1.08962
1.08953
1.08944
1.08935
1.08926
1.08917
1.08908
1.08899
1.08891
1.08883
1.08875
1.08867
1.0886
1.08853
1.08846
1.0884
1.08833
1.08828
1.08822
1.08818
1.08813
1.08809
1.08805
1.08802
1.088
1.08798
1.08796
1.08795
1.08795
1.08795
1.08795
1.08797
1.08799
1.08801
1.08804
1.08808
1.08812
1.08818
1.08823
1.0883
1.08837
1.08844
1.08853
1.08862
1.08872
1.08882
1.08893
1.08905
1.08918
1.08931
1.08945
1.08959
1.08975
1.08991
1.09007
1.09025
1.09043
1.09061
1.09081
1.09101
1.09121
1.09142
1.09164
1.09187
1.0921
1.09234
1.09258
1.09283
1.09309
1.09335
1.09361
1.09389
1.09416
1.09445
1.09473
1.09503
1.09533
1.09563
1.09594
1.09625
1.09656
1.09689
1.09721
1.09754
1.09787
1.09821
1.09855
1.09889
1.09924
1.09959
1.09994
1.1003
1.10066
1.10102
1.10139
1.10175
1.10212
1.10249
1.10287
1.10324
1.10362
1.104
1.10437
1.10476
1.10514
1.10552
1.1059
1.10629
1.10667
1.10706
1.10744
1.10783
1.10821
1.1086
1.10898
1.10937
1.10975
1.11014
1.11052
1.1109
1.11128
1.11166
1.11204
1.11242
1.1128
1.11317
1.11354
1.11391
1.11428
1.11465
1.11502
1.11538
1.11574
1.1161
1.11646
1.11682
1.11717
1.11752
1.11787
1.11821
1.11855
1.11889
1.11923
1.11956
1.11989
1.12022
1.12054
1.12086
1.12118
1.1215
1.12181
1.12211
1.12242
1.12272
1.12301
1.12331
1.1236
1.12388
1.12416
1.12444
1.12472
1.12499
1.12525
1.12552
1.12578
1.12603
1.12628
1.12653
1.12677
1.12701
1.12724
1.12747
1.1277
1.12792
1.12814
1.12835
1.12856
1.12877
1.12897
1.12917
1.12936
1.12955
1.12973
1.12991
1.13009
1.13026
1.13042
1.13059
1.13074
1.1309
1.13105
1.13119
1.13133
1.13147
1.1316
1.13173
1.13185
1.13197
1.13209
1.1322
1.13231
1.13241
1.13251
1.1326
1.13269
1.13278
1.13286
1.13294
1.13302
1.13309
1.13315
1.13321
1.13327
1.13333
1.13338
1.13343
1.13347
1.13351
1.13354
1.13358
1.1336
1.13363
1.13365
1.13367
1.13368
1.1337
1.1337
1.13371
1.13371
1.13371
1.1337
1.13369
1.13368
1.13367
1.13365
1.13363
1.13361
1.13358
1.13355
1.13352
1.13349
1.13345
1.13341
1.13337
1.13333
1.13328
1.13323
1.13318
1.13313
1.13307
1.13301
1.13295
1.13289
1.13283
1.13276
1.13269
1.13262
1.13255
1.13247
1.13239
1.13231
1.13223
1.13215
1.13207
1.13198
1.13189
1.1318
1.13171
1.13161
1.13152
1.13142
1.13132
1.13122
1.13112
1.13101
1.1309
1.13079
1.13068
1.13057
1.13045
1.13034
1.13022
1.13009
1.12997
1.12984
1.12971
1.12958
1.12945
1.12931
1.12917
1.12903
1.12889
1.12874
1.12859
1.12844
1.12828
1.12812
1.12796
1.1278
1.12763
1.12745
1.12728
1.1271
1.12691
1.12673
1.12654
1.12634
1.12614
1.12594
1.12573
1.12552
1.1253
1.12508
1.12486
1.12463
1.12439
1.12415
1.12391
1.12366
1.1234
1.12314
1.12288
1.12261
1.12233
1.12205
1.12177
1.12148
1.12118
1.12088
1.12057
1.12026
1.11994
1.11962
1.1193
1.11897
1.11863
1.11829
1.11795
1.1176
1.11725
1.11689
1.11653
1.11617
1.1158
1.11543
1.11506
1.11469
1.11432
1.11394
1.11356
1.11319
1.11281
1.11243
1.11206
1.11168
1.11131
1.11094
1.11057
1.11021
1.10985
1.10949
1.10914
1.1088
1.10846
1.10814
1.10782
1.1075
1.1072
1.10691
1.10663
1.10636
1.1061
1.10586
1.10562
1.10541
1.1052
1.10502
1.10485
1.10469
1.10455
1.10443
1.10433
1.10424
1.10418
1.10413
1.1041
1.10409
1.1041
1.10413
1.10418
1.10425
1.10434
1.10445
1.10457
1.10472
1.10489
1.10507
1.10528
1.1055
1.10574
1.106
1.10627
1.10656
1.10687
1.10719
1.10753
1.10788
1.10825
1.10862
1.10901
1.10941
1.10983
1.11025
1.11068
1.11112
1.11156
1.11202
1.11247
1.11294
1.11341
1.11388
1.11436
1.11484
1.11532
1.1158
1.11628
1.11676
1.11725
1.11773
1.1182
1.11868
1.11915
1.11962
1.12009
1.12055
1.12101
1.12146
1.12191
1.12235
1.12278
1.12321
1.12363
1.12404
1.12445
1.12485
1.12524
1.12562
1.126
1.12637
1.12672
1.12708
1.12742
1.12775
1.12808
1.12839
1.1287
1.129
1.12929
1.12957
1.12984
1.13011
1.13036
1.13061
1.13085
1.13108
1.1313
1.13151
1.13172
1.13191
1.1321
1.13228
1.13245
1.13261
1.13277
1.13291
1.13305
1.13318
1.13331
1.13342
1.13353
1.13363
1.13373
1.13381
1.13389
1.13397
1.13403
1.13409
1.13414
1.13419
1.13422
1.13425
1.13428
1.1343
1.13431
1.13432
1.13432
1.13431
1.1343
1.13428
1.13425
1.13422
1.13419
1.13414
1.1341
1.13404
1.13398
1.13392
1.13385
1.13377
1.13369
1.13361
1.13352
1.13342
1.13332
1.13321
1.1331
1.13298
1.13286
1.13273
1.1326
1.13246
1.13232
1.13217
1.13202
1.13187
1.1317
1.13154
1.13137
1.13119
1.13101
1.13083
1.13064
1.13045
1.13025
1.13005
1.12984
1.12963
1.12941
1.12919
1.12897
1.12874
1.1285
1.12827
1.12803
1.12778
1.12753
1.12728
1.12702
1.12675
1.12649
1.12622
1.12594
1.12566
1.12538
1.12509
1.1248
1.12451
1.12421
1.12391
1.1236
1.12329
1.12298
1.12266
1.12234
1.12201
1.12168
1.12135
1.12101
1.12067
1.12033
1.11998
1.11963
1.11927
1.11892
1.11856
1.11819
1.11782
1.11745
1.11708
1.1167
1.11632
1.11594
1.11555
1.11516
1.11477
1.11438
1.11398
1.11358
1.11318
1.11278
1.11238
1.11197
1.11156
1.11115
1.11074
1.11033
1.10992
1.10951
1.1091
1.10869
1.10828
1.10787
1.10746
1.10705
1.10664
1.10624
1.10584
1.10544
1.10505
1.10466
1.10427
1.10389
1.10352
1.10315
1.10278
1.10243
1.10208
1.10174
1.10141
1.10108
1.10077
1.10047
1.10018
1.0999
1.09963
1.09937
1.09913
1.0989
1.09869
1.09849
1.0983
1.09813
1.09798
1.09784
1.09772
1.09762
1.09754
1.09747
1.09742
1.0974
1.09739
1.09739
1.09742
1.09747
1.09754
1.09762
1.09773
1.09785
1.09799
1.09815
1.09833
1.09853
1.09875
1.09898
1.09923
1.0995
1.09978
1.10008
1.1004
1.10073
1.10107
1.10143
1.1018
1.10218
1.10258
1.10299
1.1034
1.10383
1.10426
1.10471
1.10516
1.10562
1.10608
1.10655
1.10702
1.1075
1.10799
1.10847
1.10896
1.10945
1.10994
1.11043
1.11092
1.11141
1.1119
1.11239
1.11288
1.11336
1.11384
1.11432
1.1148
1.11527
1.11573
1.11619
1.11665
1.1171
1.11755
1.11799
1.11843
1.11885
1.11928
1.11969
1.12011
1.12051
1.12091
1.1213
1.12168
1.12206
1.12243
1.1228
1.12315
1.12351
1.12385
1.12419
1.12452
1.12485
1.12516
1.12548
1.12578
1.12608
1.12638
1.12666
1.12694
1.12722
1.12749
1.12775
1.12801
1.12827
1.12852
1.12876
1.129
1.12923
1.12946
1.12968
1.1299
1.13011
1.13032
1.13053
1.13073
1.13093
1.13112
1.13131
1.1315
1.13168
1.13186
1.13204
1.13221
1.13238
1.13254
1.13271
1.13287
1.13303
1.13318
1.13333
1.13348
1.13363
1.13378
1.13392
1.13406
1.1342
1.13434
1.13447
1.1346
1.13474
1.13487
1.13499
1.13512
1.13524
1.13537
1.13549
1.13561
1.13573
1.13584
1.13596
1.13608
1.13619
1.1363
1.13641
1.13652
1.13663
1.13674
1.13685
1.13695
1.13706
1.13716
1.13727
1.13737
1.13747
1.13757
1.13767
1.13777
1.13787
1.13797
1.13806
1.13816
1.13825
1.13835
1.13844
1.13854
1.13863
1.13872
1.13881
1.1389
1.13899
1.13908
1.13917
1.13926
1.13935
1.13943
1.13952
1.1396
1.13969
1.13977
1.13985
1.13994
1.14002
1.1401
1.14018
1.14026
1.14034
1.14042
1.1405
1.14058
1.14065
1.14073
1.14081
1.14088
1.14096
1.14103
1.1411
1.14118
1.14125
1.14132
1.14139
1.14146
1.14153
1.1416
1.14167
1.14173
1.1418
1.14187
1.14193
1.142
1.14206
1.14212
1.14219
1.14225
1.14231
1.14237
1.14243
1.14249
1.14255
1.14261
1.14267
1.14273
1.14278
1.14284
1.14289
1.14295
1.143
1.14305
1.14311
1.14316
1.14321
1.14326
1.14331
1.14336
1.14341
1.14346
1.14351
1.14356
1.1436
1.14365
1.14369
1.14374
1.14378
1.14383
1.14387
1.14391
1.14395
1.144
1.14404
1.14408
1.14412
1.14416
1.1442
1.14423
1.14427
1.14431
1.14435
1.14438
1.14442
1.14445
1.14449
1.14452
1.14456
1.14459
1.14463
1.14466
1.14469
1.14472
1.14475
1.14479
1.14482
1.14485
1.14488
1.14491
1.14493
1.14496
1.14499
1.14502
1.14505
1.14507
1.1451
1.14513
1.14515
1.14518
1.1452
1.14523
1.14525
1.14528
1.1453
1.14533
1.14535
1.14537
1.14539
1.14541
1.14544
1.14546
1.14548
1.1455
1.14552
1.14553
1.14555
1.14557
1.14559
1.1456
1.14562
1.14563
1.14565
1.14566
1.14567
1.14569
1.1457
1.14571
1.14571
1.14572
1.14573
1.14573
1.14574
1.14574
1.14574
1.14574
1.14574
1.14574
1.14574
1.14573
1.14572
1.14571
1.1457
1.14569
1.14567
1.14566
1.14564
1.14561
1.14559
1.14556
1.14553
1.1455
1.14546
1.14542
1.14538
1.14534
1.14529
1.14524
1.14518
1.14513
1.14506
1.145
1.14493
1.14485
1.14477
1.14469
1.1446
1.14451
1.14441
1.14431
1.1442
1.14409
1.14398
1.14385
1.14373
1.14359
1.14345
1.14331
1.14316
1.143
1.14283
1.14266
1.14249
1.1423
1.14212
1.14192
1.14172
1.1415
1.14129
1.14106
1.14083
1.14059
1.14034
1.14009
1.13983
1.13956
1.13928
1.13899
1.1387
1.1384
1.13809
1.13777
1.13745
1.13711
1.13677
1.13642
1.13606
1.13569
1.13532
1.13494
1.13454
1.13414
1.13373
1.13332
1.13289
1.13246
1.13201
1.13156
1.13111
1.13064
1.13016
1.12968
1.12919
1.12869
1.12818
1.12766
1.12714
1.12661
1.12607
1.12552
1.12497
1.1244
1.12384
1.12326
1.12267
1.12208
1.12148
1.12088
1.12026
1.11965
1.11902
1.11839
1.11775
1.1171
1.11645
1.1158
1.11514
1.11447
1.1138
1.11312
1.11244
1.11175
1.11106
1.11037
1.10967
1.10897
1.10827
1.10756
1.10685
1.10614
1.10543
1.10472
1.10401
1.1033
1.10259
1.10188
1.10117
1.10046
1.09976
1.09907
1.09837
1.09768
1.097
1.09633
1.09566
1.095
1.09435
1.09371
1.09308
1.09246
1.09186
1.09127
1.09069
1.09013
1.08959
1.08906
1.08855
1.08806
1.08759
1.08714
1.08672
1.08631
1.08593
1.08558
1.08525
1.08494
1.08466
1.08441
1.08419
1.084
1.08384
1.0837
1.0836
1.08353
1.08349
1.08348
1.0835
1.08356
1.08365
1.08377
1.08392
1.08411
1.08432
1.08457
1.08486
1.08517
1.08552
1.0859
1.0863
1.08674
1.08721
1.08771
1.08824
1.08879
1.08938
1.08999
1.09062
1.09128
1.09197
1.09268
1.09341
1.09416
1.09493
1.09573
1.09654
1.09737
1.09822
1.09908
1.09996
1.10085
1.10175
1.10267
1.10359
1.10453
1.10548
1.10643
1.10739
1.10836
1.10933
1.11031
1.11129
1.11227
1.11325
1.11424
1.11522
1.11621
1.11719
1.11817
1.11915
1.12012
1.12109
1.12205
1.12301
1.12397
1.12491
1.12585
1.12678
1.1277
1.12862
1.12952
1.13041
1.1313
1.13217
1.13303
1.13388
1.13472
1.13555
1.13636
1.13716
1.13795
1.13873
1.13949
1.14023
1.14097
1.14169
1.14239
1.14308
1.14376
1.14442
1.14506
1.1457
1.14631
1.14691
1.1475
1.14807
1.14862
1.14916
1.14969
1.1502
1.1507
1.15118
1.15164
1.15209
1.15253
1.15295
1.15335
1.15374
1.15412
1.15448
1.15483
1.15517
1.15549
1.1558
1.15609
1.15637
1.15664
1.1569
1.15714
1.15737
1.15759
1.1578
1.15799
1.15818
1.15835
1.15851
1.15866
1.1588
1.15893
1.15906
1.15917
1.15927
1.15936
1.15944
1.15952
1.15958
1.15964
1.15969
1.15973
1.15977
1.1598
1.15982
1.15983
1.15984
1.15984
1.15983
1.15982
1.1598
1.15978
1.15975
1.15972
1.15968
1.15964
1.15959
1.15953
1.15948
1.15941
1.15935
1.15928
1.1592
1.15913
1.15904
1.15896
1.15887
1.15878
1.15868
1.15858
1.15848
1.15837
1.15826
1.15815
1.15804
1.15792
1.1578
1.15767
1.15755
1.15742
1.15728
1.15715
1.15701
1.15686
1.15672
1.15657
1.15642
1.15627
1.15611
1.15595
1.15578
1.15562
1.15545
1.15528
1.1551
1.15492
1.15474
1.15456
1.15437
1.15418
1.15398
1.15378
1.15358
1.15338
1.15317
1.15296
1.15275
1.15253
1.15231
1.15209
1.15187
1.15164
1.15141
1.15117
1.15094
1.1507
1.15046
1.15021
1.14997
1.14972
1.14947
1.14921
1.14896
1.1487
1.14844
1.14818
1.14792
1.14766
1.1474
1.14713
1.14687
1.1466
1.14634
1.14608
1.14581
1.14555
1.14529
1.14503
1.14477
1.14451
1.14425
1.144
1.14375
1.1435
1.14326
1.14302
1.14278
1.14255
1.14232
1.1421
1.14188
1.14167
1.14146
1.14126
1.14107
1.14089
1.14071
1.14054
1.14038
1.14022
1.14008
1.13994
1.13982
1.1397
1.13959
1.1395
1.13941
1.13934
1.13927
1.13922
1.13918
1.13915
1.13913
1.13912
1.13913
1.13914
1.13917
1.13921
1.13927
1.13933
1.13941
1.1395
1.1396
1.13971
1.13984
1.13998
1.14012
1.14028
1.14045
1.14064
1.14083
1.14103
1.14124
1.14147
1.1417
1.14194
1.14219
1.14245
1.14272
1.14299
1.14327
1.14356
1.14386
1.14416
1.14447
1.14478
1.1451
1.14542
1.14574
1.14607
1.14641
1.14674
1.14708
1.14741
1.14775
1.14809
1.14844
1.14878
1.14912
1.14946
1.1498
1.15013
1.15047
1.1508
1.15113
1.15146
1.15178
1.1521
1.15242
1.15273
1.15304
1.15334
1.15363
1.15393
1.15421
1.15449
1.15476
1.15503
1.15529
1.15555
1.15579
1.15603
1.15627
1.15649
1.15671
1.15692
1.15712
1.15731
1.1575
1.15768
1.15785
1.15801
1.15816
1.15831
1.15844
1.15857
1.15869
1.1588
1.1589
1.15899
1.15908
1.15915
1.15922
1.15927
1.15932
1.15936
1.1594
1.15942
1.15943
1.15944
1.15944
1.15943
1.15941
1.15938
1.15935
1.15931
1.15926
1.1592
1.15913
1.15906
1.15898
1.15889
1.15879
1.15869
1.15858
1.15846
1.15834
1.15821
1.15808
1.15793
1.15779
1.15763
1.15748
1.15731
1.15715
1.15697
1.1568
1.15661
1.15643
1.15624
1.15605
1.15585
1.15566
1.15545
1.15525
1.15505
1.15484
1.15463
1.15442
1.15421
1.154
1.15379
1.15358
1.15337
1.15316
1.15296
1.15275
1.15255
1.15235
1.15215
1.15195
1.15176
1.15157
1.15138
1.1512
1.15102
1.15085
1.15068
1.15052
1.15037
1.15022
1.15007
1.14994
1.1498
1.14968
1.14957
1.14946
1.14936
1.14926
1.14918
1.1491
1.14903
1.14897
1.14892
1.14888
1.14885
1.14883
1.14881
1.14881
1.14881
1.14883
1.14885
1.14888
1.14892
1.14898
1.14904
1.14911
1.14919
1.14928
1.14937
1.14948
1.14959
1.14972
1.14985
1.14999
1.15014
1.1503
1.15046
1.15064
1.15081
1.151
1.1512
1.1514
1.1516
1.15182
1.15204
1.15226
1.15249
1.15272
1.15296
1.15321
1.15346
1.15371
1.15397
1.15422
1.15449
1.15475
1.15502
1.15529
1.15556
1.15583
1.15611
1.15639
1.15666
1.15694
1.15722
1.15749
1.15777
1.15805
1.15832
1.1586
1.15887
1.15915
1.15942
1.15969
1.15996
1.16022
1.16049
1.16075
1.161
1.16126
1.16151
1.16176
1.16201
1.16225
1.16249
1.16273
1.16296
1.16319
1.16342
1.16364
1.16385
1.16407
1.16428
1.16448
1.16468
1.16488
1.16508
1.16526
1.16545
1.16563
1.16581
1.16598
1.16614
1.16631
1.16647
1.16662
1.16677
1.16692
1.16706
1.1672
1.16733
1.16746
1.16759
1.16771
1.16783
1.16794
1.16805
1.16815
1.16826
1.16835
1.16845
1.16854
1.16862
1.16871
1.16878
1.16886
1.16893
1.169
1.16906
1.16912
1.16918
1.16924
1.16929
1.16934
1.16938
1.16942
1.16946
1.16949
1.16953
1.16956
1.16958
1.1696
1.16962
1.16964
1.16965
1.16967
1.16967
1.16968
1.16968
1.16968
1.16968
1.16968
1.16967
1.16966
1.16964
1.16963
1.16961
1.16959
1.16957
1.16954
1.16952
1.16949
1.16945
1.16942
1.16938
1.16934
1.1693
1.16926
1.16921
1.16916
1.16911
1.16906
1.169
1.16895
1.16889
1.16883
1.16877
1.1687
1.16864
1.16857
1.1685
1.16842
1.16835
1.16828
1.1682
1.16812
1.16804
1.16796
1.16787
1.16779
1.1677
1.16762
1.16753
1.16744
1.16734
1.16725
1.16716
1.16706
1.16697
1.16687
1.16677
1.16667
1.16657
1.16647
1.16637
1.16627
1.16617
1.16607
1.16596
1.16586
1.16575
1.16565
1.16555
1.16544
1.16534
1.16523
1.16513
1.16502
1.16492
1.16482
1.16471
1.16461
1.16451
1.1644
1.1643
1.1642
1.1641
1.164
1.1639
1.16381
1.16371
1.16361
1.16352
1.16342
1.16333
1.16324
1.16315
1.16306
1.16297
1.16289
1.1628
1.16272
1.16264
1.16256
1.16248
1.1624
1.16233
1.16225
1.16218
1.16211
1.16204
1.16198
1.16191
1.16185
1.16179
1.16173
1.16167
1.16161
1.16156
1.16151
1.16145
1.16141
1.16136
1.16131
1.16127
1.16122
1.16118
1.16114
1.16111
1.16107
1.16103
1.161
1.16097
1.16094
1.16091
1.16088
1.16085
1.16082
1.1608
1.16078
1.16075
1.16073
1.16071
1.16069
1.16067
1.16065
1.16063
1.16061
1.16059
1.16057
1.16056
1.16054
1.16052
1.1605
1.16049
1.16047
1.16045
1.16043
1.16041
1.1604
1.16038
1.16036
1.16033
1.16031
1.16029
1.16027
1.16024
1.16021
1.16019
1.16016
1.16013
1.1601
1.16006
1.16003
1.15999
1.15995
1.15991
1.15987
1.15983
1.15978
1.15973
1.15968
1.15963
1.15957
1.15952
1.15946
1.1594
1.15933
1.15926
1.15919
1.15912
1.15905
1.15897
1.15889
1.15881
1.15873
1.15864
1.15855
1.15846
1.15837
1.15828
1.15818
1.15808
1.15798
1.15788
1.15777
1.15767
1.15756
1.15745
1.15734
1.15723
1.15712
1.157
1.15689
1.15678
1.15666
1.15655
1.15643
1.15632
1.15621
1.15609
1.15598
1.15587
1.15576
1.15565
1.15555
1.15544
1.15534
1.15524
1.15514
1.15505
1.15496
1.15487
1.15478
1.1547
1.15462
1.15455
1.15448
1.15441
1.15435
1.15429
1.15424
1.15419
1.15414
1.15411
1.15407
1.15405
1.15402
1.15401
1.154
1.15399
1.15399
1.154
1.15401
1.15403
1.15406
1.15409
1.15413
1.15418
1.15423
1.15429
1.15436
1.15443
1.15451
1.1546
1.1547
1.1548
1.15491
1.15503
1.15516
1.1553
1.15544
1.15559
1.15575
1.15592
1.1561
1.15628
1.15648
1.15668
1.15689
1.15712
1.15735
1.15759
1.15784
1.1581
1.15836
1.15864
1.15893
1.15922
1.15953
1.15984
1.16017
1.1605
1.16084
1.1612
1.16156
1.16192
1.1623
1.16269
1.16308
1.16348
1.16389
1.16431
1.16473
1.16517
1.1656
1.16605
1.1665
1.16695
1.16742
1.16788
1.16835
1.16883
1.1693
1.16978
1.17027
1.17075
1.17124
1.17173
1.17222
1.17271
1.1732
1.17368
1.17417
1.17466
1.17514
1.17562
1.1761
1.17657
1.17704
1.1775
1.17796
1.17841
1.17886
1.1793
1.17974
1.18016
1.18058
1.18099
1.18139
1.18178
1.18217
1.18254
1.1829
1.18326
1.1836
1.18393
1.18425
1.18455
1.18485
1.18513
1.1854
1.18566
1.18591
1.18614
1.18636
1.18656
1.18676
1.18693
1.1871
1.18725
1.18738
1.18751
1.18761
1.18771
1.18779
1.18785
1.1879
1.18794
1.18796
1.18796
1.18796
1.18793
1.1879
1.18785
1.18779
1.18771
1.18762
1.18751
1.18739
1.18726
1.18712
1.18696
1.18679
1.18661
1.18642
1.18621
1.186
1.18577
1.18553
1.18528
1.18503
1.18476
1.18448
1.1842
1.18391
1.18361
1.1833
1.18299
1.18267
1.18235
1.18202
1.18169
1.18136
1.18102
1.18068
1.18034
1.18
1.17966
1.17933
1.17899
1.17866
1.17833
1.178
1.17768
1.17736
1.17706
1.17675
1.17646
1.17618
1.1759
1.17563
1.17538
1.17514
1.1749
1.17468
1.17448
1.17429
1.17411
1.17394
1.17379
1.17366
1.17354
1.17344
1.17335
1.17328
1.17323
1.17319
1.17317
1.17317
1.17318
1.17321
1.17325
1.17331
1.17339
1.17348
1.17358
1.17371
1.17384
1.17399
1.17415
1.17433
1.17452
1.17472
1.17493
1.17515
1.17539
1.17563
1.17588
1.17614
1.17641
1.17668
1.17696
1.17725
1.17754
1.17784
1.17814
1.17845
1.17875
1.17906
1.17937
1.17969
1.18
1.18031
1.18063
1.18094
1.18125
1.18156
1.18187
1.18218
1.18248
1.18278
1.18308
1.18337
1.18366
1.18395
1.18423
1.18451
1.18479
1.18505
1.18532
1.18558
1.18584
1.18609
1.18633
1.18657
1.18681
1.18704
1.18726
1.18748
1.1877
1.18791
1.18811
1.18831
1.18851
1.1887
1.18889
1.18907
1.18924
1.18941
1.18958
1.18975
1.1899
1.19006
1.19021
1.19036
1.1905
1.19064
1.19077
1.1909
1.19103
1.19116
1.19128
1.19139
1.19151
1.19162
1.19173
1.19183
1.19193
1.19203
1.19213
1.19222
1.19231
1.1924
1.19248
1.19256
1.19264
1.19272
1.19279
1.19286
1.19293
1.19299
1.19305
1.19311
1.19317
1.19323
1.19328
1.19333
1.19337
1.19342
1.19346
1.19349
1.19353
1.19356
1.19359
1.19362
1.19364
1.19366
1.19368
1.19369
1.1937
1.19371
1.19371
1.19371
1.19371
1.19371
1.1937
1.19368
1.19367
1.19365
1.19362
1.19359
1.19356
1.19353
1.19349
1.19344
1.19339
1.19334
1.19329
1.19323
1.19316
1.19309
1.19302
1.19294
1.19286
1.19277
1.19268
1.19258
1.19248
1.19238
1.19227
1.19215
1.19203
1.19191
1.19178
1.19164
1.1915
1.19136
1.19121
1.19106
1.1909
1.19073
1.19056
1.19039
1.19021
1.19002
1.18983
1.18964
1.18944
1.18923
1.18902
1.18881
1.18858
1.18836
1.18813
1.18789
1.18765
1.18741
1.18716
1.1869
1.18664
1.18637
1.1861
1.18583
1.18555
1.18526
1.18497
1.18468
1.18438
1.18407
1.18376
1.18345
1.18313
1.18281
1.18248
1.18215
1.18182
1.18148
1.18113
1.18078
1.18043
1.18007
1.17971
1.17935
1.17898
1.17861
1.17823
1.17785
1.17747
1.17708
1.17669
1.1763
1.1759
1.1755
1.1751
1.17469
1.17429
1.17387
1.17346
1.17305
1.17263
1.17221
1.17179
1.17137
1.17095
1.17053
1.17011
1.16968
1.16926
1.16884
1.16842
1.168
1.16758
1.16716
1.16675
1.16633
1.16592
1.16552
1.16512
1.16472
1.16433
1.16394
1.16356
1.16319
1.16283
1.16247
1.16212
1.16178
1.16145
1.16113
1.16082
1.16052
1.16024
1.15996
1.1597
1.15946
1.15923
1.15901
1.15881
1.15863
1.15847
1.15832
1.15819
1.15808
1.15798
1.15791
1.15786
1.15783
1.15782
1.15782
1.15785
1.15791
1.15798
1.15807
1.15819
1.15833
1.15848
1.15867
1.15887
1.15909
1.15933
1.1596
1.15988
1.16018
1.16051
1.16085
1.16121
1.16158
1.16198
1.16239
1.16281
1.16325
1.16371
1.16418
1.16466
1.16515
1.16565
1.16616
1.16668
1.16721
1.16775
1.1683
1.16885
1.1694
1.16996
1.17052
1.17108
1.17164
1.17221
1.17277
1.17334
1.1739
1.17446
1.17501
1.17556
1.17611
1.17665
1.17719
1.17772
1.17824
1.17875
1.17926
1.17976
1.18025
1.18073
1.1812
1.18166
1.18211
1.18255
1.18297
1.18339
1.18379
1.18419
1.18457
1.18494
1.1853
1.18564
1.18598
1.1863
1.18661
1.1869
1.18719
1.18746
1.18772
1.18796
1.1882
1.18842
1.18863
1.18883
1.18902
1.18919
1.18936
1.18951
1.18965
1.18978
1.1899
1.19001
1.1901
1.19019
1.19027
1.19033
1.19039
1.19044
1.19048
1.19051
1.19053
1.19054
1.19055
1.19054
1.19053
1.19051
1.19048
1.19045
1.19041
1.19036
1.19031
1.19025
1.19018
1.19011
1.19004
1.18995
1.18987
1.18978
1.18968
1.18958
1.18948
1.18937
1.18926
1.18915
1.18903
1.18891
1.18879
1.18866
1.18853
1.18841
1.18827
1.18814
1.18801
1.18787
1.18774
1.1876
1.18746
1.18732
1.18718
1.18704
1.1869
1.18675
1.18661
1.18647
1.18632
1.18618
1.18604
1.18589
1.18575
1.18561
1.18546
1.18532
1.18518
1.18503
1.18489
1.18474
1.1846
1.18445
1.18431
1.18416
1.18401
1.18386
1.18371
1.18357
1.18341
1.18326
1.18311
1.18295
1.1828
1.18264
1.18247
1.18231
1.18214
1.18198
1.1818
1.18163
1.18145
1.18127
1.18108
1.18089
1.18069
1.18049
1.18029
1.18008
1.17986
1.17964
1.17942
1.17918
1.17894
1.1787
1.17845
1.17819
1.17792
1.17764
1.17736
1.17707
1.17677
1.17647
1.17615
1.17583
1.17549
1.17515
1.1748
1.17444
1.17407
1.1737
1.17331
1.17291
1.17251
1.17209
1.17167
1.17123
1.17079
1.17034
1.16988
1.16942
1.16894
1.16846
1.16797
1.16747
1.16697
1.16646
1.16594
1.16542
1.16489
1.16436
1.16383
1.16329
1.16275
1.16221
1.16167
1.16112
1.16058
1.16004
1.1595
1.15896
1.15843
1.1579
1.15738
1.15686
1.15635
1.15584
1.15535
1.15486
1.15438
1.15391
1.15346
1.15301
1.15258
1.15216
1.15176
1.15137
1.15099
1.15063
1.15028
1.14995
1.14963
1.14934
1.14905
1.14879
1.14854
1.14831
1.14809
1.14789
1.14771
1.14754
1.1474
1.14726
1.14714
1.14704
1.14695
1.14688
1.14682
1.14678
1.14675
1.14673
1.14673
1.14673
1.14675
1.14678
1.14682
1.14687
1.14694
1.14701
1.14709
1.14717
1.14727
1.14737
1.14748
1.1476
1.14773
1.14786
1.14799
1.14813
1.14828
1.14843
1.14859
1.14875
1.14892
1.14909
1.14926
1.14943
1.14962
1.1498
1.14999
1.15018
1.15037
1.15056
1.15076
1.15096
1.15116
1.15137
1.15158
1.15178
1.152
1.15221
1.15242
1.15264
1.15286
1.15307
1.15329
1.15351
1.15373
1.15396
1.15418
1.1544
1.15462
1.15485
1.15507
1.15529
1.15551
1.15573
1.15595
1.15617
1.15639
1.15661
1.15682
1.15703
1.15724
1.15745
1.15766
1.15786
1.15806
1.15826
1.15846
1.15865
1.15884
1.15902
1.1592
1.15938
1.15955
1.15972
1.15989
1.16005
1.16021
1.16036
1.16051
1.16066
1.1608
1.16094
1.16107
1.16119
1.16132
1.16144
1.16155
1.16166
1.16176
1.16186
1.16196
1.16205
1.16214
1.16222
1.1623
1.16237
1.16244
1.16251
1.16257
1.16263
1.16268
1.16273
1.16278
1.16282
1.16286
1.1629
1.16293
1.16296
1.16298
1.16301
1.16303
1.16304
1.16306
1.16307
1.16308
1.16308
1.16308
1.16308
1.16308
1.16308
1.16307
1.16306
1.16305
1.16304
1.16302
1.16301
1.16299
1.16297
1.16294
1.16292
1.16289
1.16287
1.16284
1.16281
1.16277
1.16274
1.1627
1.16267
1.16263
1.16259
1.16255
1.16251
1.16246
1.16242
1.16237
1.16233
1.16228
1.16223
1.16218
1.16213
1.16208
1.16202
1.16197
1.16192
1.16186
1.1618
1.16175
1.16169
1.16163
1.16157
1.16151
1.16145
1.16139
1.16133
1.16127
1.16121
1.16115
1.16109
1.16103
1.16097
1.16091
1.16085
1.16079
1.16073
1.16067
1.16061
1.16056
1.1605
1.16045
1.1604
1.16035
1.1603
1.16025
1.16021
1.16016
1.16012
1.16009
1.16005
1.16002
1.15999
1.15996
1.15994
1.15992
1.15991
1.1599
1.15989
1.15989
1.15989
1.15989
1.1599
1.15992
1.15994
1.15997
1.16
1.16003
1.16007
1.16012
1.16017
1.16023
1.16029
1.16036
1.16044
1.16052
1.1606
1.1607
1.16079
1.1609
1.16101
1.16112
1.16125
1.16137
1.16151
1.16165
1.16179
1.16194
1.1621
1.16226
1.16243
1.1626
1.16277
1.16295
1.16314
1.16333
1.16352
1.16372
1.16392
1.16413
1.16434
1.16455
1.16476
1.16498
1.1652
1.16542
1.16565
1.16588
1.1661
1.16633
1.16657
1.1668
1.16703
1.16726
1.1675
1.16773
1.16796
1.1682
1.16843
1.16866
1.16889
1.16912
1.16935
1.16957
1.1698
1.17002
1.17024
1.17045
1.17067
1.17088
1.17109
1.17129
1.17149
1.17169
1.17188
1.17207
1.17226
1.17244
1.17262
1.17279
1.17296
1.17312
1.17328
1.17343
1.17358
1.17372
1.17386
1.17399
1.17411
1.17423
1.17434
1.17445
1.17455
1.17465
1.17474
1.17482
1.1749
1.17497
1.17503
1.17508
1.17513
1.17518
1.17521
1.17524
1.17526
1.17527
1.17528
1.17528
1.17527
1.17525
1.17523
1.1752
1.17516
1.17511
1.17506
1.17499
1.17492
1.17484
1.17476
1.17466
1.17456
1.17445
1.17433
1.1742
1.17406
1.17391
1.17376
1.1736
1.17343
1.17325
1.17306
1.17286
1.17266
1.17244
1.17222
1.17199
1.17175
1.1715
1.17125
1.17098
1.17071
1.17043
1.17014
1.16985
1.16954
1.16923
1.16891
1.16859
1.16825
1.16792
1.16757
1.16722
1.16686
1.16649
1.16612
1.16575
1.16537
1.16498
1.16459
1.1642
1.1638
1.1634
1.163
1.16259
1.16218
1.16177
1.16136
1.16095
1.16054
1.16013
1.15971
1.1593
1.1589
1.15849
1.15809
1.15769
1.15729
1.15689
1.15651
1.15612
1.15574
1.15537
1.155
1.15464
1.15429
1.15394
1.1536
1.15327
1.15295
1.15263
1.15233
1.15203
1.15174
1.15146
1.15119
1.15093
1.15068
1.15044
1.15021
1.14999
1.14977
1.14957
1.14938
1.14919
1.14902
1.14885
1.14869
1.14854
1.1484
1.14826
1.14813
1.14801
1.1479
1.14779
1.14769
1.14759
1.1475
1.14741
1.14733
1.14725
1.14717
1.1471
1.14703
1.14697
1.1469
1.14684
1.14678
1.14672
1.14666
1.1466
1.14654
1.14648
1.14643
1.14637
1.14631
1.14624
1.14618
1.14612
1.14605
1.14598
1.14592
1.14584
1.14577
1.1457
1.14562
1.14554
1.14546
1.14538
1.1453
1.14521
1.14513
1.14504
1.14495
1.14486
1.14477
1.14467
1.14458
1.14448
1.14439
1.14429
1.14419
1.14409
1.14399
1.1439
1.1438
1.1437
1.1436
1.1435
1.14341
1.14331
1.14322
1.14312
1.14303
1.14293
1.14284
1.14275
1.14266
1.14257
1.14248
1.1424
1.14231
1.14223
1.14214
1.14206
1.14198
1.1419
1.14182
1.14175
1.14167
1.1416
1.14152
1.14145
1.14138
1.1413
1.14123
1.14116
1.1411
1.14103
1.14096
1.14089
1.14083
1.14076
1.14069
1.14063
1.14057
1.1405
1.14044
1.14038
1.14032
1.14026
1.1402
1.14014
1.14009
1.14003
1.13998
1.13993
1.13988
1.13983
1.13979
1.13975
1.13971
1.13968
1.13964
1.13962
1.13959
1.13957
1.13956
1.13955
1.13954
1.13955
1.13955
1.13957
1.13959
1.13962
1.13965
1.1397
1.13975
1.13981
1.13987
1.13995
1.14004
1.14014
1.14024
1.14036
1.14048
1.14062
1.14077
1.14093
1.1411
1.14128
1.14147
1.14167
1.14188
1.14211
1.14235
1.14259
1.14285
1.14312
1.1434
1.14369
1.14399
1.1443
1.14462
1.14495
1.14528
1.14563
1.14599
1.14635
1.14672
1.1471
1.14748
1.14787
1.14827
1.14867
1.14908
1.14948
1.1499
1.15031
1.15073
1.15115
1.15157
1.15199
1.15242
1.15284
1.15326
1.15367
1.15409
1.1545
1.15491
1.15532
1.15572
1.15611
1.1565
1.15689
1.15726
1.15763
1.158
1.15835
1.1587
1.15903
1.15936
1.15967
1.15998
1.16028
1.16056
1.16084
1.1611
1.16135
1.16158
1.16181
1.16202
1.16222
1.16241
1.16258
1.16274
1.16288
1.16301
1.16313
1.16323
1.16332
1.16339
1.16345
1.16349
1.16352
1.16354
1.16354
1.16352
1.16349
1.16345
1.16339
1.16332
1.16323
1.16313
1.16301
1.16288
1.16273
1.16257
1.1624
1.16222
1.16202
1.1618
1.16158
1.16134
1.16108
1.16082
1.16054
1.16025
1.15995
1.15964
1.15932
1.15898
1.15864
1.15828
1.15792
1.15754
1.15715
1.15676
1.15635
1.15594
1.15551
1.15508
1.15464
1.15419
1.15373
1.15327
1.15279
1.15231
1.15182
1.15133
1.15083
1.15032
1.1498
1.14928
1.14875
1.14821
1.14766
1.14711
1.14656
1.14599
1.14542
1.14485
1.14427
1.14368
1.14308
1.14248
1.14187
1.14125
1.14063
1.14
1.13936
1.13872
1.13807
1.13741
1.13675
1.13608
1.1354
1.13472
1.13403
1.13333
1.13263
1.13192
1.13121
1.13049
1.12976
1.12903
1.12829
1.12755
1.12681
1.12606
1.12531
1.12455
1.1238
1.12304
1.12228
1.12153
1.12077
1.12002
1.11927
1.11853
1.11779
1.11706
1.11633
1.11562
1.11491
1.11422
1.11354
1.11287
1.11222
1.11159
1.11097
1.11038
1.10981
1.10925
1.10873
1.10823
1.10775
1.10731
1.1069
1.10651
1.10616
1.10585
1.10556
1.10532
1.10511
1.10494
1.10481
1.10472
1.10467
1.10466
1.10469
1.10477
1.10489
1.10504
1.10525
1.10549
1.10578
1.10611
1.10648
1.10689
1.10734
1.10784
1.10837
1.10894
1.10955
1.11019
1.11087
1.11158
1.11232
1.1131
1.1139
1.11474
1.11559
1.11648
1.11738
1.11831
1.11926
1.12022
1.1212
1.12219
1.1232
1.12422
1.12524
1.12627
1.12731
1.12835
1.12939
1.13043
1.13147
1.13251
1.13355
1.13457
1.13559
1.1366
1.1376
1.13859
1.13957
1.14053
1.14148
1.14241
1.14332
1.14422
1.1451
1.14596
1.14679
1.14761
1.14841
1.14918
1.14993
1.15066
1.15136
1.15204
1.1527
1.15333
1.15394
1.15452
1.15507
1.15561
1.15611
1.15659
1.15704
1.15747
1.15787
1.15825
1.1586
1.15893
1.15923
1.15951
1.15976
1.15998
1.16018
1.16036
1.16052
1.16065
1.16075
1.16084
1.1609
1.16094
1.16096
1.16095
1.16093
1.16088
1.16082
1.16073
1.16063
1.1605
1.16036
1.1602
1.16003
1.15984
1.15963
1.15941
1.15917
1.15892
1.15866
1.15838
1.15809
1.1578
1.15749
1.15717
1.15684
1.1565
1.15616
1.15581
1.15545
1.15509
1.15472
1.15435
1.15398
1.1536
1.15323
1.15285
1.15247
1.15209
1.15171
1.15134
1.15097
1.1506
1.15023
1.14987
1.14951
1.14916
1.14882
1.14848
1.14815
1.14783
1.14751
1.14721
1.14691
1.14662
1.14634
1.14607
1.14581
1.14557
1.14533
1.14511
1.14489
1.14469
1.1445
1.14432
1.14416
1.144
1.14386
1.14374
1.14362
1.14352
1.14343
1.14335
1.14329
1.14324
1.14321
1.14319
1.14318
1.14318
1.1432
1.14323
1.14328
1.14334
1.14341
1.1435
1.1436
1.14371
1.14384
1.14398
1.14413
1.14429
1.14447
1.14466
1.14487
1.14508
1.14531
1.14555
1.1458
1.14607
1.14634
1.14663
1.14692
1.14723
1.14754
1.14787
1.1482
1.14854
1.14889
1.14925
1.14962
1.14999
1.15037
1.15075
1.15114
1.15154
1.15194
1.15234
1.15274
1.15315
1.15356
1.15397
1.15439
1.1548
1.15521
1.15563
1.15604
1.15645
1.15686
1.15727
1.15767
1.15807
1.15847
1.15886
1.15925
1.15963
1.16001
1.16038
1.16074
1.1611
1.16146
1.1618
1.16214
1.16247
1.16279
1.16311
1.16341
1.16371
1.164
1.16428
1.16456
1.16482
1.16507
1.16532
1.16555
1.16578
1.16599
1.1662
1.1664
1.16658
1.16676
1.16693
1.16709
1.16723
1.16737
1.1675
1.16762
1.16773
1.16783
1.16792
1.168
1.16807
1.16813
1.16818
1.16822
1.16825
1.16828
1.16829
1.1683
1.16829
1.16828
1.16826
1.16823
1.16819
1.16814
1.16809
1.16802
1.16795
1.16787
1.16778
1.16769
1.16758
1.16747
1.16735
1.16723
1.16709
1.16695
1.1668
1.16664
1.16648
1.16631
1.16614
1.16595
1.16576
1.16557
1.16537
1.16516
1.16494
1.16472
1.1645
1.16427
1.16403
1.16379
1.16354
1.16329
1.16303
1.16277
1.1625
1.16223
1.16195
1.16167
1.16139
1.1611
1.16081
1.16051
1.16021
1.15991
1.1596
1.15929
1.15898
1.15867
1.15835
1.15803
1.15771
1.15739
1.15707
1.15674
1.15642
1.15609
1.15576
1.15543
1.1551
1.15478
1.15445
1.15412
1.15379
1.15346
1.15314
1.15281
1.15249
1.15217
1.15185
1.15153
1.15121
1.1509
1.15059
1.15029
1.14998
1.14968
1.14939
1.1491
1.14881
1.14853
1.14825
1.14798
1.14771
1.14745
1.1472
1.14695
1.1467
1.14647
1.14624
1.14601
1.1458
1.14559
1.14539
1.1452
1.14501
1.14483
1.14466
1.1445
1.14435
1.14421
1.14407
1.14394
1.14383
1.14372
1.14362
1.14353
1.14345
1.14338
1.14332
1.14327
1.14322
1.14319
1.14317
1.14315
1.14315
1.14315
1.14317
1.14319
1.14322
1.14327
1.14332
1.14338
1.14345
1.14353
1.14362
1.14371
1.14382
1.14393
1.14405
1.14418
1.14432
1.14447
1.14462
1.14478
1.14495
1.14513
1.14531
1.1455
1.1457
1.1459
1.14611
1.14632
1.14655
1.14677
1.147
1.14724
1.14748
1.14773
1.14798
1.14824
1.1485
1.14876
1.14903
1.14931
1.14958
1.14986
1.15014
1.15043
1.15071
1.151
1.1513
1.15159
1.15189
1.15218
1.15248
1.15279
1.15309
1.15339
1.1537
1.154
1.15431
1.15462
1.15493
1.15524
1.15555
1.15586
1.15617
1.15647
1.15678
1.15709
1.1574
1.15771
1.15802
1.15833
1.15864
1.15894
1.15925
1.15955
1.15986
1.16016
1.16046
1.16077
1.16107
1.16137
1.16166
1.16196
1.16226
1.16255
1.16284
1.16314
1.16343
1.16371
1.164
1.16429
1.16457
1.16485
1.16513
1.16541
1.16569
1.16596
1.16624
1.16651
1.16678
1.16705
1.16731
1.16757
1.16784
1.16809
1.16835
1.1686
1.16885
1.1691
1.16935
1.16959
1.16983
1.17007
1.17031
1.17054
1.17077
1.17099
1.17122
1.17144
1.17165
1.17186
1.17207
1.17228
1.17248
1.17268
1.17287
1.17306
1.17324
1.17342
1.1736
1.17377
1.17394
1.1741
1.17426
1.17441
1.17455
1.17469
1.17483
1.17496
1.17508
1.1752
1.17531
1.17541
1.17551
1.1756
1.17568
1.17576
1.17583
1.17589
1.17595
1.17599
1.17603
1.17606
1.17609
1.1761
1.1761
1.1761
1.17608
1.17606
1.17603
1.17598
1.17593
1.17587
1.17579
1.17571
1.17561
1.1755
1.17538
1.17525
1.17511
1.17495
1.17478
1.1746
1.17441
1.1742
1.17397
1.17374
1.17349
1.17322
1.17294
1.17264
1.17233
1.172
1.17166
1.17129
1.17092
1.17052
1.17011
1.16968
1.16923
1.16876
1.16828
1.16777
1.16725
1.1667
1.16614
1.16555
1.16495
1.16432
1.16368
1.16301
1.16232
1.16161
1.16088
1.16013
1.15935
1.15855
1.15773
1.15689
1.15603
1.15514
1.15424
1.15331
1.15236
1.15138
1.15039
1.14938
1.14834
1.14729
1.14622
1.14512
1.14401
1.14289
1.14174
1.14058
1.13941
1.13822
1.13702
1.13581
1.13458
1.13335
1.13211
1.13087
1.12962
1.12837
1.12711
1.12586
1.12461
1.12337
1.12213
1.1209
1.11968
1.11848
1.11729
1.11612
1.11497
1.11384
1.11274
1.11166
1.11062
1.1096
1.10862
1.10768
1.10677
1.10591
1.10509
1.10431
1.10358
1.1029
1.10228
1.1017
1.10118
1.10071
1.1003
1.09995
1.09965
1.09942
1.09925
1.09914
1.09909
1.0991
1.09917
1.0993
1.0995
1.09976
1.10008
1.10045
1.10089
1.10138
1.10193
1.10254
1.1032
1.10391
1.10467
1.10549
1.10634
1.10725
1.10819
1.10918
1.11021
1.11127
1.11237
1.11349
1.11465
1.11583
1.11704
1.11827
1.11952
1.12079
1.12207
1.12337
1.12467
1.12599
1.12731
1.12863
1.12996
1.13129
1.13262
1.13394
1.13526
1.13657
1.13787
1.13916
1.14045
1.14172
1.14297
1.14422
1.14544
1.14665
1.14785
1.14902
1.15018
1.15131
1.15243
1.15353
1.1546
1.15566
1.15669
1.1577
1.15869
1.15966
1.1606
1.16152
1.16242
1.1633
1.16416
1.16499
1.1658
1.16659
1.16736
1.16811
1.16883
1.16954
1.17022
1.17089
1.17153
1.17216
1.17276
1.17335
1.17392
1.17447
1.175
1.17551
1.17601
1.17649
1.17695
1.1774
1.17783
1.17824
1.17864
1.17903
1.1794
1.17975
1.1801
1.18042
1.18074
1.18104
1.18133
1.18161
1.18187
1.18212
1.18236
1.18259
1.18281
1.18302
1.18321
1.1834
1.18357
1.18374
1.18389
1.18403
1.18417
1.18429
1.18441
1.18451
1.18461
1.1847
1.18478
1.18485
1.18491
1.18496
1.185
1.18503
1.18506
1.18508
1.18508
1.18508
1.18507
1.18505
1.18503
1.18499
1.18494
1.18489
1.18483
1.18475
1.18467
1.18458
1.18448
1.18437
1.18425
1.18412
1.18397
1.18382
1.18366
1.18349
1.18331
1.18311
1.1829
1.18269
1.18246
1.18221
1.18196
1.18169
1.18141
1.18112
1.18081
1.18049
1.18015
1.1798
1.17944
1.17906
1.17866
1.17825
1.17782
1.17738
1.17691
1.17644
1.17594
1.17543
1.17489
1.17434
1.17377
1.17319
1.17258
1.17195
1.17131
1.17065
1.16996
1.16926
1.16854
1.1678
1.16704
1.16626
1.16546
1.16465
1.16382
1.16297
1.1621
1.16122
1.16032
1.15941
1.15849
1.15755
1.1566
1.15564
1.15468
1.15371
1.15273
1.15175
1.15077
1.14979
1.14881
1.14784
1.14687
1.14591
1.14496
1.14403
1.14312
1.14222
1.14135
1.14049
1.13967
1.13888
1.13811
1.13738
1.13669
1.13604
1.13542
1.13485
1.13433
1.13385
1.13342
1.13304
1.13271
1.13243
1.13221
1.13204
1.13192
1.13185
1.13184
1.13188
1.13198
1.13212
1.13232
1.13256
1.13286
1.1332
1.13358
1.13401
1.13448
1.13498
1.13553
1.1361
1.13671
1.13735
1.13802
1.1387
1.13942
1.14015
1.14089
1.14165
1.14243
1.14321
1.144
1.1448
1.1456
1.1464
1.1472
1.148
1.1488
1.14959
1.15037
1.15115
1.15191
1.15267
1.15342
1.15415
1.15487
1.15558
1.15627
1.15695
1.15761
1.15826
1.15889
1.15951
1.16011
1.16069
1.16126
1.16181
1.16235
1.16287
1.16337
1.16386
1.16433
1.16479
1.16523
1.16565
1.16606
1.16646
1.16685
1.16721
1.16757
1.16791
1.16824
1.16856
1.16887
1.16916
1.16945
1.16972
1.16998
1.17024
1.17048
1.17071
1.17093
1.17115
1.17135
1.17155
1.17174
1.17193
1.1721
1.17227
1.17243
1.17258
1.17273
1.17287
1.17301
1.17314
1.17327
1.17339
1.1735
1.17361
1.17372
1.17382
1.17392
1.17402
1.17411
1.17419
1.17427
1.17435
1.17443
1.1745
1.17457
1.17464
1.17471
1.17477
1.17483
1.17488
1.17494
1.17499
1.17504
1.17509
1.17514
1.17518
1.17523
1.17527
1.17531
1.17535
1.17538
1.17542
1.17545
1.17548
1.17552
1.17555
1.17558
1.1756
1.17563
1.17566
1.17568
1.17571
1.17573
1.17576
1.17578
1.1758
1.17582
1.17584
1.17587
1.17589
1.17591
1.17592
1.17594
1.17596
1.17598
1.176
1.17602
1.17604
1.17605
1.17607
1.17609
1.17611
1.17613
1.17615
1.17617
1.17618
1.1762
1.17622
1.17624
1.17626
1.17628
1.1763
1.17632
1.17635
1.17637
1.17639
1.17641
1.17644
1.17646
1.17649
1.17651
1.17654
1.17656
1.17659
1.17662
1.17665
1.17668
1.17671
1.17674
1.17677
1.1768
1.17683
1.17686
1.1769
1.17693
1.17697
1.177
1.17704
1.17708
1.17712
1.17716
1.17719
1.17723
1.17727
1.17732
1.17736
1.1774
1.17744
1.17749
1.17753
1.17757
1.17762
1.17766
1.17771
1.17775
1.1778
1.17785
1.17789
1.17794
1.17799
1.17803
1.17808
1.17813
1.17817
1.17822
1.17827
1.17832
1.17836
1.17841
1.17845
1.1785
1.17855
1.17859
1.17863
1.17868
1.17872
1.17877
1.17881
1.17885
1.17889
1.17893
1.17897
1.17901
1.17905
1.17908
1.17912
1.17916
1.17919
1.17922
1.17926
1.17929
1.17932
1.17935
1.17937
1.1794
1.17943
1.17945
1.17947
1.1795
1.17952
1.17954
1.17956
1.17957
1.17959
1.17961
1.17962
1.17963
1.17964
1.17965
1.17966
1.17967
1.17968
1.17969
1.17969
1.1797
1.1797
1.1797
1.1797
1.1797
1.1797
1.1797
1.1797
1.1797
1.1797
1.17969
1.17969
1.17969
1.17968
1.17968
1.17967
1.17967
1.17966
1.17966
1.17965
1.17965
1.17965
1.17964
1.17964
1.17964
1.17963
1.17963
1.17963
1.17963
1.17963
1.17963
1.17964
1.17964
1.17965
1.17966
1.17966
1.17967
1.17969
1.1797
1.17971
1.17973
1.17975
1.17977
1.17979
1.17982
1.17985
1.17988
1.17991
1.17994
1.17998
1.18002
1.18006
1.18011
1.18015
1.1802
1.18025
1.18031
1.18037
1.18043
1.18049
1.18055
1.18062
1.18069
1.18077
1.18084
1.18092
1.18101
1.18109
1.18118
1.18127
1.18136
1.18146
1.18155
1.18165
1.18175
1.18186
1.18197
1.18208
1.18219
1.1823
1.18242
1.18253
1.18265
1.18277
1.18289
1.18302
1.18314
1.18327
1.1834
1.18353
1.18366
1.18379
1.18392
1.18405
1.18418
1.18432
1.18445
1.18459
1.18472
1.18486
1.18499
1.18512
1.18526
1.18539
1.18552
1.18566
1.18579
1.18592
1.18605
1.18618
1.1863
1.18643
1.18656
1.18668
1.1868
1.18692
1.18704
1.18715
1.18727
1.18738
1.18749
1.18759
1.1877
1.1878
1.1879
1.18799
1.18809
1.18818
1.18826
1.18835
1.18843
1.18851
1.18858
1.18865
1.18872
1.18878
1.18884
1.1889
1.18895
1.189
1.18905
1.18909
1.18912
1.18916
1.18919
1.18921
1.18923
1.18925
1.18926
1.18927
1.18927
1.18927
1.18926
1.18925
1.18924
1.18922
1.1892
1.18917
1.18914
1.1891
1.18906
1.18901
1.18896
1.18891
1.18885
1.18878
1.18872
1.18864
1.18857
1.18849
1.1884
1.18831
1.18822
1.18812
1.18801
1.18791
1.1878
1.18768
1.18756
1.18744
1.18731
1.18718
1.18705
1.18691
1.18677
1.18663
1.18648
1.18633
1.18617
1.18602
1.18586
1.18569
1.18553
1.18536
1.18519
1.18502
1.18484
1.18467
1.18449
1.18431
1.18413
1.18395
1.18376
1.18358
1.18339
1.1832
1.18302
1.18283
1.18264
1.18245
1.18226
1.18207
1.18189
1.1817
1.18151
1.18133
1.18114
1.18096
1.18078
1.1806
1.18042
1.18024
1.18007
1.17989
1.17972
1.17956
1.17939
1.17923
1.17907
1.17891
1.17876
1.1786
1.17846
1.17831
1.17817
1.17803
1.1779
1.17777
1.17764
1.17751
1.17739
1.17728
1.17716
1.17705
1.17695
1.17684
1.17674
1.17665
1.17656
1.17647
1.17638
1.1763
1.17622
1.17615
1.17608
1.17601
1.17594
1.17588
1.17582
1.17576
1.1757
1.17565
1.1756
1.17555
1.1755
1.17546
1.17541
1.17537
1.17533
1.17529
1.17526
1.17522
1.17518
1.17515
1.17511
1.17508
1.17505
1.17502
1.17498
1.17495
1.17492
1.17489
1.17486
1.17483
1.1748
1.17477
1.17474
1.17471
1.17468
1.17465
1.17462
1.17459
1.17457
1.17454
1.17451
1.17448
1.17446
1.17443
1.17441
1.17439
1.17436
1.17434
1.17433
1.17431
1.1743
1.17428
1.17427
1.17427
1.17426
1.17426
1.17426
1.17427
1.17428
1.17429
1.17431
1.17434
1.17436
1.17439
1.17443
1.17447
1.17452
1.17458
1.17464
1.1747
1.17477
1.17485
1.17493
1.17502
1.17512
1.17523
1.17534
1.17545
1.17558
1.17571
1.17585
1.17599
1.17614
1.1763
1.17646
1.17663
1.17681
1.17699
1.17718
1.17737
1.17757
1.17778
1.17799
1.1782
1.17842
1.17864
1.17887
1.1791
1.17934
1.17958
1.17982
1.18006
1.18031
1.18056
1.18081
1.18106
1.18131
1.18156
1.18181
1.18206
1.18232
1.18257
1.18282
1.18306
1.18331
1.18355
1.1838
1.18404
1.18427
1.18451
1.18473
1.18496
1.18518
1.1854
1.18561
1.18582
1.18602
1.18622
1.18642
1.1866
1.18679
1.18696
1.18713
1.1873
1.18746
1.18761
1.18775
1.18789
1.18803
1.18815
1.18827
1.18838
1.18849
1.18859
1.18869
1.18877
1.18885
1.18893
1.18899
1.18905
1.18911
1.18916
1.1892
1.18923
1.18926
1.18929
1.1893
1.18932
1.18932
1.18932
1.18932
1.18931
1.18929
1.18927
1.18925
1.18922
1.18918
1.18914
1.1891
1.18905
1.189
1.18894
1.18888
1.18882
1.18875
1.18868
1.18861
1.18853
1.18845
1.18837
1.18829
1.1882
1.18811
1.18802
1.18793
1.18783
1.18774
1.18764
1.18754
1.18744
1.18734
1.18723
1.18713
1.18703
1.18692
1.18681
1.18671
1.1866
1.18649
1.18638
1.18628
1.18617
1.18606
1.18595
1.18584
1.18573
1.18562
1.18551
1.1854
1.18529
1.18518
1.18506
1.18495
1.18484
1.18473
1.18462
1.1845
1.18439
1.18428
1.18416
1.18405
1.18393
1.18382
1.1837
1.18359
1.18347
1.18335
1.18323
1.18311
1.18299
1.18286
1.18274
1.18262
1.18249
1.18237
1.18224
1.18211
1.18198
1.18185
1.18172
1.18159
1.18145
1.18132
1.18119
1.18105
1.18092
1.18078
1.18065
1.18051
1.18037
1.18024
1.1801
1.17997
1.17984
1.17971
1.17957
1.17945
1.17932
1.17919
1.17907
1.17895
1.17883
1.17872
1.17861
1.1785
1.1784
1.1783
1.17821
1.17812
1.17803
1.17796
1.17788
1.17782
1.17776
1.17771
1.17766
1.17762
1.17759
1.17757
1.17755
1.17754
1.17754
1.17755
1.17757
1.1776
1.17763
1.17768
1.17773
1.17779
1.17786
1.17794
1.17803
1.17812
1.17823
1.17834
1.17846
1.17859
1.17873
1.17887
1.17903
1.17919
1.17936
1.17953
1.17971
1.1799
1.18009
1.18029
1.18049
1.1807
1.18091
1.18112
1.18134
1.18156
1.18179
1.18202
1.18224
1.18247
1.18271
1.18294
1.18317
1.1834
1.18363
1.18386
1.18409
1.18432
1.18455
1.18477
1.18499
1.18521
1.18542
1.18563
1.18584
1.18604
1.18624
1.18643
1.18662
1.1868
1.18697
1.18715
1.18731
1.18747
1.18762
1.18777
1.18791
1.18804
1.18817
1.18829
1.1884
1.18851
1.18861
1.1887
1.18878
1.18886
1.18893
1.189
1.18905
1.1891
1.18915
1.18918
1.18921
1.18924
1.18925
1.18926
1.18926
1.18926
1.18925
1.18923
1.18921
1.18918
1.18915
1.18911
1.18906
1.18901
1.18895
1.18889
1.18882
1.18875
1.18867
1.18859
1.18851
1.18842
1.18832
1.18822
1.18812
1.18802
1.18791
1.1878
1.18768
1.18756
1.18744
1.18732
1.18719
1.18706
1.18693
1.1868
1.18667
1.18653
1.18639
1.18625
1.18611
1.18597
1.18583
1.18569
1.18555
1.1854
1.18526
1.18512
1.18497
1.18483
1.18469
1.18454
1.1844
1.18426
1.18412
1.18398
1.18384
1.1837
1.18356
1.18343
1.18329
1.18316
1.18303
1.1829
1.18277
1.18264
1.18252
1.18239
1.18227
1.18215
1.18203
1.18191
1.1818
1.18168
1.18157
1.18146
1.18136
1.18125
1.18115
1.18105
1.18095
1.18085
1.18075
1.18066
1.18056
1.18047
1.18039
1.1803
1.18021
1.18013
1.18005
1.17997
1.17989
1.17981
1.17974
1.17967
1.17959
1.17952
1.17945
1.17939
1.17932
1.17926
1.1792
1.17913
1.17908
1.17902
1.17896
1.17891
1.17885
1.1788
1.17875
1.1787
1.17865
1.17861
1.17856
1.17852
1.17848
1.17844
1.1784
1.17836
1.17833
1.1783
1.17827
1.17824
1.17821
1.17818
1.17816
1.17814
1.17812
1.1781
1.17809
1.17808
1.17806
1.17806
1.17805
1.17805
1.17804
1.17805
1.17805
1.17806
1.17806
1.17808
1.17809
1.17811
1.17812
1.17815
1.17817
1.1782
1.17823
1.17826
1.17829
1.17833
1.17837
1.17841
1.17846
1.17851
1.17856
1.17861
1.17866
1.17872
1.17878
1.17885
1.17891
1.17898
1.17905
1.17912
1.17919
1.17926
1.17934
1.17942
1.1795
1.17958
1.17967
1.17975
1.17984
1.17992
1.18001
1.1801
1.18019
1.18028
1.18037
1.18047
1.18056
1.18065
1.18074
1.18084
1.18093
1.18102
1.18112
1.18121
1.1813
1.18139
1.18148
1.18157
1.18166
1.18175
1.18184
1.18192
1.18201
1.18209
1.18217
1.18225
1.18233
1.18241
1.18249
1.18256
1.18263
1.1827
1.18277
1.18283
1.18289
1.18296
1.18301
1.18307
1.18312
1.18318
1.18323
1.18327
1.18332
1.18336
1.1834
1.18344
1.18347
1.1835
1.18354
1.18356
1.18359
1.18361
1.18363
1.18365
1.18367
1.18369
1.1837
1.18371
1.18372
1.18373
1.18374
1.18374
1.18375
1.18375
1.18375
1.18375
1.18375
1.18375
1.18374
1.18374
1.18374
1.18373
1.18373
1.18372
1.18372
1.18371
1.18371
1.1837
1.1837
1.18369
1.18369
1.18368
1.18368
1.18368
1.18368
1.18368
1.18368
1.18368
1.18369
1.18369
1.1837
1.1837
1.18371
1.18372
1.18374
1.18375
1.18377
1.18378
1.1838
1.18382
1.18384
1.18387
1.1839
1.18392
1.18395
1.18399
1.18402
1.18406
1.18409
1.18413
1.18417
1.18422
1.18426
1.18431
1.18436
1.18441
1.18446
1.18451
1.18457
1.18462
1.18468
1.18474
1.1848
1.18486
1.18492
1.18499
1.18505
1.18512
1.18519
1.18526
1.18533
1.1854
1.18548
1.18555
1.18562
1.1857
1.18578
1.18586
1.18593
1.18601
1.18609
1.18618
1.18626
1.18634
1.18643
1.18651
1.1866
1.18668
1.18677
1.18686
1.18695
1.18703
1.18712
1.18721
1.18731
1.1874
1.18749
1.18758
1.18767
1.18777
1.18786
1.18796
1.18805
1.18815
1.18824
1.18834
1.18843
1.18853
1.18862
1.18872
1.18881
1.1889
1.189
1.18909
1.18918
1.18928
1.18937
1.18946
1.18955
1.18963
1.18972
1.1898
1.18989
1.18997
1.19005
1.19013
1.1902
1.19027
1.19034
1.19041
1.19047
1.19054
1.19059
1.19065
1.1907
1.19075
1.19079
1.19083
1.19086
1.19089
1.19092
1.19094
1.19095
1.19096
1.19097
1.19097
1.19096
1.19095
1.19093
1.1909
1.19087
1.19083
1.19079
1.19074
1.19068
1.19062
1.19054
1.19046
1.19038
1.19028
1.19018
1.19007
1.18995
1.18982
1.18969
1.18955
1.1894
1.18924
1.18907
1.1889
1.18871
1.18852
1.18832
1.18812
1.1879
1.18768
1.18745
1.18721
1.18696
1.1867
1.18644
1.18617
1.18589
1.1856
1.18531
1.18501
1.1847
1.18439
1.18407
1.18374
1.18341
1.18307
1.18273
1.18238
1.18202
1.18166
1.1813
1.18093
1.18055
1.18018
1.1798
1.17941
1.17903
1.17864
1.17825
1.17786
1.17746
1.17707
1.17667
1.17627
1.17588
1.17548
1.17509
1.17469
1.1743
1.17391
1.17352
1.17314
1.17276
1.17238
1.172
1.17163
1.17127
1.1709
1.17055
1.17019
1.16985
1.16951
1.16917
1.16885
1.16853
1.16821
1.16791
1.16761
1.16732
1.16703
1.16676
1.16649
1.16623
1.16598
1.16574
1.1655
1.16528
1.16506
1.16485
1.16465
1.16446
1.16428
1.16411
1.16394
1.16379
1.16364
1.1635
1.16337
1.16325
1.16313
1.16302
1.16292
1.16283
1.16274
1.16267
1.16259
1.16253
1.16247
1.16242
1.16237
1.16233
1.16229
1.16226
1.16223
1.1622
1.16218
1.16217
1.16215
1.16214
1.16213
1.16212
1.16212
1.16211
1.16211
1.16211
1.16211
1.16211
1.1621
1.1621
1.1621
1.16209
1.16208
1.16207
1.16206
1.16205
1.16203
1.16201
1.16199
1.16196
1.16193
1.16189
1.16185
1.16181
1.16176
1.16171
1.16165
1.16158
1.16151
1.16144
1.16135
1.16127
1.16117
1.16108
1.16097
1.16086
1.16074
1.16062
1.16049
1.16036
1.16022
1.16007
1.15992
1.15976
1.1596
1.15943
1.15926
1.15908
1.1589
1.15871
1.15852
1.15833
1.15813
1.15793
1.15772
1.15751
1.1573
1.15708
1.15687
1.15665
1.15643
1.15621
1.15598
1.15576
1.15554
1.15531
1.15509
1.15487
1.15465
1.15443
1.15421
1.15399
1.15378
1.15357
1.15336
1.15316
1.15296
1.15277
1.15258
1.15239
1.15221
1.15204
1.15187
1.15171
1.15155
1.1514
1.15126
1.15113
1.151
1.15088
1.15077
1.15066
1.15057
1.15048
1.1504
1.15033
1.15027
1.15022
1.15017
1.15014
1.15011
1.1501
1.15009
1.15009
1.1501
1.15012
1.15015
1.15019
1.15024
1.1503
1.15036
1.15043
1.15052
1.15061
1.15071
1.15082
1.15093
1.15105
1.15118
1.15132
1.15147
1.15162
1.15178
1.15195
1.15212
1.1523
1.15249
1.15268
1.15287
1.15307
1.15328
1.15349
1.15371
1.15393
1.15415
1.15438
1.15461
1.15485
1.15509
1.15533
1.15557
1.15582
1.15607
1.15632
1.15657
1.15683
1.15708
1.15734
1.15759
1.15785
1.15811
1.15837
1.15863
1.15889
1.15915
1.1594
1.15966
1.15992
1.16018
1.16043
1.16069
1.16094
1.16119
1.16144
1.16169
1.16194
1.16218
1.16243
1.16267
1.16291
1.16314
1.16338
1.16361
1.16384
1.16407
1.1643
1.16452
1.16474
1.16496
1.16517
1.16538
1.16559
1.1658
1.166
1.1662
1.1664
1.1666
1.16679
1.16698
1.16717
1.16735
1.16753
1.16771
1.16788
1.16805
1.16822
1.16839
1.16855
1.16871
1.16887
1.16902
1.16917
1.16932
1.16946
1.16961
1.16975
1.16988
1.17002
1.17015
1.17027
1.1704
1.17052
1.17064
1.17076
1.17087
1.17098
1.17109
1.17119
1.1713
1.1714
1.17149
1.17159
1.17168
1.17177
1.17186
1.17194
1.17202
1.1721
1.17218
1.17225
1.17232
1.17239
1.17246
1.17252
1.17258
1.17264
1.1727
1.17275
1.17281
1.17286
1.1729
1.17295
1.17299
1.17303
1.17307
1.1731
1.17314
1.17317
1.1732
1.17323
1.17325
1.17327
1.17329
1.17331
1.17333
1.17334
1.17335
1.17336
1.17337
1.17338
1.17338
1.17339
1.17339
1.17339
1.17338
1.17338
1.17337
1.17336
1.17335
1.17334
1.17333
1.17331
1.17329
1.17328
1.17326
1.17323
1.17321
1.17319
1.17316
1.17313
1.1731
1.17307
1.17304
1.17301
1.17298
1.17294
1.1729
1.17287
1.17283
1.17279
1.17275
1.17271
1.17266
1.17262
1.17257
1.17253
1.17248
1.17244
1.17239
1.17234
1.17229
1.17224
1.17219
1.17214
1.17209
1.17204
1.17199
1.17193
1.17188
1.17183
1.17177
1.17172
1.17167
1.17161
1.17156
1.17151
1.17145
1.1714
1.17135
1.17129
1.17124
1.17119
1.17113
1.17108
1.17103
1.17098
1.17093
1.17087
1.17082
1.17077
1.17072
1.17067
1.17063
1.17058
1.17053
1.17048
1.17044
1.17039
1.17035
1.1703
1.17026
1.17022
1.17018
1.17014
1.1701
1.17006
1.17002
1.16998
1.16995
1.16991
1.16988
1.16984
1.16981
1.16978
1.16975
1.16972
1.16969
1.16966
1.16963
1.16961
1.16958
1.16956
1.16953
1.16951
1.16949
1.16947
1.16945
1.16943
1.16941
1.16939
1.16938
1.16936
1.16934
1.16933
1.16931
1.1693
1.16929
1.16927
1.16926
1.16925
1.16924
1.16922
1.16921
1.1692
1.16919
1.16918
1.16917
1.16916
1.16915
1.16914
1.16913
1.16912
1.16911
1.1691
1.16908
1.16907
1.16906
1.16905
1.16903
1.16902
1.16901
1.16899
1.16897
1.16896
1.16894
1.16892
1.1689
1.16888
1.16886
1.16883
1.16881
1.16878
1.16875
1.16873
1.16869
1.16866
1.16863
1.16859
1.16855
1.16851
1.16847
1.16843
1.16838
1.16833
1.16828
1.16823
1.16817
1.16812
1.16806
1.16799
1.16793
1.16786
1.16779
1.16771
1.16764
1.16756
1.16747
1.16739
1.1673
1.16721
1.16711
1.16701
1.16691
1.1668
1.16669
1.16658
1.16646
1.16634
1.16622
1.16609
1.16596
1.16583
1.16569
1.16555
1.1654
1.16525
1.1651
1.16494
1.16478
1.16462
1.16445
1.16427
1.1641
1.16392
1.16373
1.16355
1.16336
1.16316
1.16296
1.16276
1.16255
1.16234
1.16213
1.16191
1.16169
1.16147
1.16125
1.16102
1.16078
1.16055
1.16031
1.16007
1.15983
1.15958
1.15934
1.15909
1.15883
1.15858
1.15832
1.15807
1.15781
1.15755
1.15729
1.15703
1.15677
1.15651
1.15624
1.15598
1.15572
1.15546
1.1552
1.15494
1.15468
1.15443
1.15417
1.15392
1.15367
1.15342
1.15318
1.15293
1.15269
1.15246
1.15223
1.152
1.15178
1.15156
1.15134
1.15114
1.15093
1.15073
1.15054
1.15036
1.15018
1.15
1.14984
1.14968
1.14953
1.14938
1.14925
1.14912
1.14899
1.14888
1.14877
1.14868
1.14859
1.14851
1.14844
1.14837
1.14832
1.14827
1.14824
1.14821
1.14819
1.14818
1.14818
1.14818
1.1482
1.14822
1.14826
1.1483
1.14835
1.14841
1.14848
1.14855
1.14864
1.14873
1.14883
1.14893
1.14905
1.14917
1.1493
1.14943
1.14957
1.14972
1.14987
1.15003
1.1502
1.15037
1.15055
1.15073
1.15092
1.15111
1.1513
1.1515
1.15171
1.15191
1.15212
1.15234
1.15255
1.15277
1.153
1.15322
1.15345
1.15367
1.1539
1.15413
1.15437
1.1546
1.15484
1.15507
1.15531
1.15554
1.15578
1.15601
1.15625
1.15649
1.15672
1.15695
1.15719
1.15742
1.15765
1.15788
1.15811
1.15834
1.15857
1.1588
1.15902
1.15924
1.15946
1.15968
1.1599
1.16011
1.16033
1.16054
1.16075
1.16095
1.16116
1.16136
1.16156
1.16176
1.16195
1.16215
1.16234
1.16252
1.16271
1.16289
1.16307
1.16325
1.16343
1.1636
1.16377
1.16394
1.1641
1.16427
1.16443
1.16458
1.16474
1.16489
1.16504
1.16519
1.16533
1.16548
1.16561
1.16575
1.16589
1.16602
1.16615
1.16627
1.1664
1.16652
1.16664
1.16675
1.16686
1.16698
1.16708
1.16719
1.16729
1.16739
1.16749
1.16758
1.16768
1.16777
1.16785
1.16794
1.16802
1.1681
1.16817
1.16825
1.16832
1.16839
1.16845
1.16852
1.16858
1.16863
1.16869
1.16874
1.16879
1.16884
1.16888
1.16892
1.16896
1.169
1.16903
1.16906
1.16909
1.16911
1.16914
1.16916
1.16917
1.16919
1.1692
1.16921
1.16921
1.16922
1.16922
1.16922
1.16921
1.16921
1.16919
1.16918
1.16917
1.16915
1.16913
1.1691
1.16908
1.16905
1.16902
1.16898
1.16895
1.16891
1.16887
1.16882
1.16878
1.16873
1.16868
1.16862
1.16857
1.16851
1.16845
1.16839
1.16832
1.16825
1.16819
1.16811
1.16804
1.16797
1.16789
1.16781
1.16773
1.16764
1.16756
1.16747
1.16739
1.1673
1.16721
1.16711
1.16702
1.16693
1.16683
1.16673
1.16663
1.16654
1.16644
1.16633
1.16623
1.16613
1.16603
1.16592
1.16582
1.16572
1.16561
1.16551
1.1654
1.1653
1.16519
1.16509
1.16499
1.16488
1.16478
1.16468
1.16457
1.16447
1.16437
1.16427
1.16417
1.16408
1.16398
1.16388
1.16379
1.1637
1.16361
1.16352
1.16343
1.16334
1.16326
1.16318
1.1631
1.16302
1.16294
1.16287
1.1628
1.16273
1.16266
1.1626
1.16254
1.16248
1.16242
1.16237
1.16232
1.16228
1.16223
1.16219
1.16215
1.16212
1.16209
1.16206
1.16204
1.16202
1.162
1.16199
1.16198
1.16198
1.16198
1.16198
1.16198
1.162
1.16201
1.16203
1.16205
1.16208
1.16212
1.16215
1.16219
1.16224
1.16229
1.16234
1.1624
1.16247
1.16254
1.16261
1.16269
1.16277
1.16286
1.16295
1.16305
1.16315
1.16326
1.16337
1.16349
1.16361
1.16373
1.16386
1.164
1.16414
1.16428
1.16443
1.16458
1.16474
1.1649
1.16507
1.16524
1.16541
1.16559
1.16577
1.16595
1.16614
1.16633
1.16652
1.16672
1.16692
1.16712
1.16733
1.16754
1.16775
1.16796
1.16817
1.16839
1.1686
1.16882
1.16904
1.16926
1.16949
1.16971
1.16993
1.17015
1.17038
1.1706
1.17082
1.17104
1.17126
1.17148
1.1717
1.17192
1.17213
1.17235
1.17256
1.17277
1.17297
1.17318
1.17338
1.17358
1.17377
1.17397
1.17416
1.17434
1.17452
1.1747
1.17487
1.17504
1.17521
1.17537
1.17552
1.17568
1.17582
1.17596
1.1761
1.17623
1.17636
1.17648
1.17659
1.1767
1.1768
1.1769
1.17699
1.17708
1.17716
1.17723
1.1773
1.17736
1.17742
1.17747
1.17751
1.17755
1.17758
1.17761
1.17763
1.17764
1.17765
1.17765
1.17765
1.17764
1.17762
1.1776
1.17757
1.17754
1.1775
1.17746
1.17741
1.17735
1.17729
1.17723
1.17716
1.17708
1.177
1.17692
1.17683
1.17674
1.17664
1.17654
1.17643
1.17633
1.17621
1.1761
1.17598
1.17586
1.17573
1.17561
1.17548
1.17535
1.17521
1.17508
1.17494
1.1748
1.17467
1.17453
1.17438
1.17424
1.1741
1.17396
1.17382
1.17367
1.17353
1.17339
1.17325
1.17311
1.17298
1.17284
1.17271
1.17257
1.17244
1.17231
1.17219
1.17206
1.17194
1.17182
1.1717
1.17159
1.17147
1.17137
1.17126
1.17116
1.17105
1.17096
1.17086
1.17077
1.17068
1.17059
1.17051
1.17043
1.17035
1.17028
1.1702
1.17013
1.17006
1.16999
1.16993
1.16986
1.1698
1.16973
1.16967
1.16961
1.16955
1.16948
1.16942
1.16936
1.16929
1.16923
1.16916
1.16909
1.16902
1.16895
1.16887
1.16879
1.1687
1.16861
1.16852
1.16842
1.16832
1.16821
1.1681
1.16798
1.16785
1.16772
1.16758
1.16743
1.16728
1.16712
1.16695
1.16677
1.16659
1.1664
1.16619
1.16598
1.16577
1.16554
1.16531
1.16506
1.16481
1.16456
1.16429
1.16402
1.16374
1.16345
1.16315
1.16285
1.16255
1.16224
1.16192
1.1616
1.16128
1.16095
1.16062
1.16029
1.15996
1.15963
1.1593
1.15897
1.15864
1.15832
1.158
1.15769
1.15738
1.15708
1.15679
1.15651
1.15624
1.15599
1.15574
1.15551
1.1553
1.1551
1.15492
1.15476
1.15462
1.1545
1.1544
1.15432
1.15427
1.15424
1.15424
1.15426
1.15431
1.15439
1.1545
1.15463
1.15479
1.15499
1.15521
1.15546
1.15575
1.15606
1.15641
1.15678
1.15719
1.15762
1.15808
1.15858
1.1591
1.15965
1.16022
1.16083
1.16145
1.16211
1.16279
1.16349
1.16421
1.16495
1.16571
1.16649
1.16729
1.1681
1.16893
1.16978
1.17063
1.17149
1.17237
1.17325
1.17414
1.17504
1.17594
1.17684
1.17774
1.17865
1.17955
1.18046
1.18136
1.18225
1.18315
1.18403
1.18491
1.18578
1.18665
1.1875
1.18835
1.18918
1.19001
1.19082
1.19162
1.1924
1.19318
1.19394
1.19468
1.19541
1.19613
1.19683
1.19751
1.19818
1.19884
1.19947
1.2001
1.2007
1.20129
1.20187
1.20243
1.20297
1.20349
1.20401
1.2045
1.20498
1.20544
1.20589
1.20633
1.20675
1.20715
1.20754
1.20791
1.20828
1.20862
1.20896
1.20928
1.20958
1.20988
1.21016
1.21043
1.21068
1.21093
1.21116
1.21138
1.21159
1.21179
1.21198
1.21215
1.21232
1.21248
1.21263
1.21277
1.21289
1.21302
1.21313
1.21323
1.21332
1.21341
1.21349
1.21356
1.21363
1.21368
1.21374
1.21378
1.21382
1.21385
1.21387
1.21389
1.21391
1.21392
1.21392
1.21392
1.21391
1.2139
1.21389
1.21387
1.21385
1.21382
1.21379
1.21376
1.21372
1.21368
1.21364
1.2136
1.21355
1.2135
1.21345
1.21339
1.21334
1.21328
1.21322
1.21317
1.2131
1.21304
1.21298
1.21292
1.21285
1.21279
1.21273
1.21266
1.2126
1.21253
1.21247
1.21241
1.21234
1.21228
1.21222
1.21216
1.2121
1.21204
1.21199
1.21193
1.21187
1.21182
1.21177
1.21172
1.21167
1.21163
1.21158
1.21154
1.2115
1.21146
1.21142
1.21138
1.21135
1.21132
1.21129
1.21126
1.21124
1.21122
1.21119
1.21118
1.21116
1.21114
1.21113
1.21112
1.21111
1.2111
1.2111
1.21109
1.21109
1.21109
1.21109
1.21109
1.21109
1.2111
1.21111
1.21111
1.21112
1.21113
1.21114
1.21115
1.21116
1.21118
1.21119
1.2112
1.21122
1.21123
1.21124
1.21126
1.21127
1.21129
1.2113
1.21131
1.21132
1.21134
1.21135
1.21136
1.21137
1.21138
1.21139
1.21139
1.2114
1.2114
1.21141
1.21141
1.21141
1.21141
1.2114
1.2114
1.21139
1.21138
1.21137
1.21136
1.21135
1.21133
1.21132
1.2113
1.21127
1.21125
1.21123
1.2112
1.21117
1.21114
1.2111
1.21107
1.21103
1.21099
1.21094
1.2109
1.21085
1.21081
1.21076
1.2107
1.21065
1.21059
1.21054
1.21048
1.21042
1.21035
1.21029
1.21022
1.21016
1.21009
1.21002
1.20995
1.20987
1.2098
1.20973
1.20965
1.20958
1.2095
1.20942
1.20934
1.20927
1.20919
1.20911
1.20903
1.20895
1.20887
1.20879
1.20871
1.20863
1.20856
1.20848
1.2084
1.20833
1.20825
1.20818
1.2081
1.20803
1.20796
1.20789
1.20782
1.20775
1.20769
1.20763
1.20756
1.2075
1.20745
1.20739
1.20734
1.20729
1.20724
1.20719
1.20715
1.20711
1.20707
1.20703
1.207
1.20697
1.20694
1.20692
1.20689
1.20687
1.20686
1.20685
1.20684
1.20683
1.20683
1.20683
1.20683
1.20684
1.20685
1.20686
1.20688
1.2069
1.20692
1.20695
1.20698
1.20701
1.20705
1.20709
1.20713
1.20717
1.20722
1.20727
1.20733
1.20739
1.20745
1.20751
1.20758
1.20765
1.20772
1.20779
1.20787
1.20795
1.20803
1.20811
1.2082
1.20829
1.20838
1.20847
1.20857
1.20866
1.20876
1.20886
1.20896
1.20906
1.20917
1.20927
1.20938
1.20949
1.2096
1.20971
1.20982
1.20993
1.21004
1.21015
1.21026
1.21038
1.21049
1.21061
1.21072
1.21083
1.21095
1.21106
1.21118
1.21129
1.2114
1.21152
1.21163
1.21174
1.21185
1.21196
1.21207
1.21218
1.21229
1.21239
1.2125
1.21261
1.21271
1.21281
1.21291
1.21301
1.21311
1.21321
1.2133
1.2134
1.21349
1.21358
1.21367
1.21376
1.21385
1.21393
1.21401
1.2141
1.21418
1.21425
1.21433
1.2144
1.21448
1.21455
1.21461
1.21468
1.21475
1.21481
1.21487
1.21493
1.21499
1.21504
1.2151
1.21515
1.2152
1.21525
1.21529
1.21534
1.21538
1.21542
1.21546
1.2155
1.21553
1.21557
1.2156
1.21563
1.21566
1.21569
1.21571
1.21574
1.21576
1.21578
1.21581
1.21583
1.21584
1.21586
1.21588
1.2159
1.21591
1.21592
1.21594
1.21595
1.21596
1.21597
1.21599
1.216
1.21601
1.21602
1.21603
1.21604
1.21605
1.21606
1.21607
1.21608
1.21609
1.2161
1.21611
1.21613
1.21614
1.21615
1.21617
1.21619
1.2162
1.21622
1.21624
1.21626
1.21629
1.21631
1.21634
1.21636
1.21639
1.21643
1.21646
1.2165
1.21653
1.21657
1.21662
1.21666
1.21671
1.21676
1.21681
1.21687
1.21692
1.21698
1.21705
1.21711
1.21718
1.21726
1.21733
1.21741
1.21749
1.21757
1.21766
1.21775
1.21785
1.21794
1.21804
1.21815
1.21825
1.21836
1.21848
1.21859
1.21871
1.21883
1.21896
1.21909
1.21922
1.21935
1.21949
1.21963
1.21977
1.21992
1.22007
1.22022
1.22037
1.22053
1.22069
1.22085
1.22101
1.22118
1.22135
1.22152
1.22169
1.22187
1.22204
1.22222
1.2224
1.22258
1.22276
1.22294
1.22313
1.22331
1.2235
1.22369
1.22388
1.22406
1.22425
1.22444
1.22463
1.22482
1.22501
1.22521
1.2254
1.22559
1.22577
1.22596
1.22615
1.22634
1.22653
1.22671
1.2269
1.22708
1.22727
1.22745
1.22763
1.22781
1.22798
1.22816
1.22833
1.2285
1.22867
1.22884
1.229
1.22916
1.22932
1.22948
1.22964
1.22979
1.22994
1.23008
1.23023
1.23037
1.23051
1.23064
1.23077
1.2309
1.23103
1.23115
1.23127
1.23138
1.23149
1.2316
1.2317
1.23181
1.2319
1.232
1.23209
1.23217
1.23225
1.23233
1.23241
1.23248
1.23255
1.23261
1.23267
1.23272
1.23278
1.23283
1.23287
1.23291
1.23295
1.23298
1.23301
1.23304
1.23306
1.23308
1.2331
1.23311
1.23312
1.23312
1.23312
1.23312
1.23312
1.23311
1.2331
1.23309
1.23307
1.23305
1.23303
1.23301
1.23298
1.23295
1.23292
1.23288
1.23284
1.23281
1.23276
1.23272
1.23268
1.23263
1.23258
1.23253
1.23248
1.23242
1.23237
1.23231
1.23225
1.23219
1.23213
1.23207
1.23201
1.23194
1.23188
1.23181
1.23174
1.23168
1.23161
1.23154
1.23147
1.2314
1.23133
1.23125
1.23118
1.23111
1.23103
1.23095
1.23088
1.2308
1.23072
1.23064
1.23056
1.23048
1.2304
1.23031
1.23023
1.23014
1.23005
1.22996
1.22987
1.22978
1.22968
1.22959
1.22949
1.22938
1.22928
1.22917
1.22906
1.22895
1.22884
1.22872
1.2286
1.22847
1.22834
1.22821
1.22808
1.22794
1.2278
1.22765
1.2275
1.22734
1.22718
1.22702
1.22685
1.22667
1.22649
1.22631
1.22612
1.22593
1.22573
1.22552
1.22531
1.2251
1.22488
1.22465
1.22442
1.22418
1.22394
1.2237
1.22344
1.22319
1.22292
1.22266
1.22238
1.22211
1.22182
1.22154
1.22125
1.22095
1.22065
1.22034
1.22003
1.21972
1.2194
1.21908
1.21875
1.21843
1.21809
1.21776
1.21742
1.21708
1.21673
1.21639
1.21604
1.21568
1.21533
1.21497
1.21461
1.21425
1.21389
1.21352
1.21315
1.21279
1.21242
1.21204
1.21167
1.21129
1.21092
1.21054
1.21016
1.20977
1.20939
1.209
1.20861
1.20822
1.20783
1.20743
1.20703
1.20663
1.20622
1.20581
1.2054
1.20498
1.20455
1.20413
1.20369
1.20325
1.20281
1.20236
1.2019
1.20143
1.20096
1.20048
1.19999
1.19949
1.19899
1.19847
1.19794
1.19741
1.19686
1.1963
1.19573
1.19515
1.19456
1.19395
1.19333
1.1927
1.19206
1.1914
1.19073
1.19005
1.18936
1.18865
1.18793
1.18719
1.18644
1.18568
1.18491
1.18413
1.18334
1.18253
1.18171
1.18089
1.18005
1.17921
1.17836
1.17751
1.17664
1.17578
1.17491
1.17403
1.17316
1.17229
1.17141
1.17054
1.16967
1.16881
1.16796
1.16711
1.16627
1.16544
1.16462
1.16382
1.16303
1.16226
1.1615
1.16077
1.16005
1.15935
1.15868
1.15803
1.1574
1.1568
1.15623
1.15568
1.15516
1.15467
1.15421
1.15377
1.15337
1.153
1.15266
1.15235
1.15207
1.15182
1.1516
1.15141
1.15125
1.15113
1.15103
1.15097
1.15093
1.15093
1.15095
1.15101
1.15109
1.1512
1.15133
1.1515
1.15169
1.15191
1.15215
1.15242
1.15272
1.15304
1.15339
1.15376
1.15415
1.15457
1.15501
1.15547
1.15596
1.15647
1.157
1.15755
1.15813
1.15872
1.15934
1.15997
1.16062
1.1613
1.16199
1.1627
1.16343
1.16417
1.16493
1.16571
1.1665
1.16731
1.16813
1.16896
1.1698
1.17066
1.17153
1.1724
1.17329
1.17418
1.17508
1.17599
1.1769
1.17782
1.17874
1.17966
1.18058
1.18151
1.18243
1.18335
1.18427
1.18519
1.1861
1.18701
1.18792
1.18881
1.1897
1.19059
1.19146
1.19233
1.19318
1.19403
1.19486
1.19569
1.1965
1.1973
1.19808
1.19886
1.19962
1.20036
1.2011
1.20182
1.20252
1.20321
1.20388
1.20454
1.20519
1.20582
1.20643
1.20703
1.20762
1.20819
1.20874
1.20928
1.20981
1.21032
1.21081
1.21129
1.21176
1.21221
1.21265
1.21308
1.21349
1.21389
1.21428
1.21465
1.21501
1.21536
1.2157
1.21603
1.21634
1.21665
1.21694
1.21722
1.21749
1.21775
1.21801
1.21825
1.21848
1.21871
1.21892
1.21913
1.21933
1.21952
1.21971
1.21988
1.22005
1.22022
1.22037
1.22052
1.22066
1.2208
1.22093
1.22106
1.22117
1.22129
1.2214
1.2215
1.2216
1.22169
1.22178
1.22187
1.22195
1.22203
1.2221
1.22217
1.22223
1.22229
1.22235
1.2224
1.22245
1.2225
1.22254
1.22258
1.22262
1.22266
1.22269
1.22271
1.22274
1.22276
1.22278
1.2228
1.22282
1.22283
1.22284
1.22284
1.22285
1.22285
1.22285
1.22285
1.22284
1.22283
1.22282
1.22281
1.2228
1.22278
1.22276
1.22274
1.22272
1.22269
1.22267
1.22264
1.22261
1.22257
1.22254
1.2225
1.22246
1.22242
1.22237
1.22233
1.22228
1.22223
1.22218
1.22213
1.22207
1.22201
1.22195
1.22189
1.22183
1.22177
1.2217
1.22163
1.22156
1.22149
1.22142
1.22134
1.22127
1.22119
1.22111
1.22103
1.22095
1.22086
1.22078
1.22069
1.2206
1.22051
1.22042
1.22032
1.22023
1.22013
1.22004
1.21994
1.21984
1.21973
1.21963
1.21953
1.21942
1.21932
1.21921
1.2191
1.21899
1.21888
1.21877
1.21865
1.21854
1.21843
1.21831
1.21819
1.21807
1.21796
1.21784
1.21772
1.2176
1.21747
1.21735
1.21723
1.2171
1.21698
1.21685
1.21673
1.2166
1.21648
1.21635
1.21622
1.21609
1.21597
1.21584
1.21571
1.21558
1.21545
1.21532
1.21519
1.21506
1.21493
1.2148
1.21467
1.21454
1.21441
1.21428
1.21415
1.21402
1.21389
1.21377
1.21364
1.21351
1.21338
1.21325
1.21313
1.213
1.21288
1.21275
1.21263
1.2125
1.21238
1.21226
1.21214
1.21202
1.2119
1.21178
1.21166
1.21154
1.21143
1.21131
1.2112
1.21109
1.21098
1.21087
1.21076
1.21065
1.21055
1.21045
1.21034
1.21024
1.21014
1.21005
1.20995
1.20985
1.20976
1.20967
1.20958
1.20949
1.20941
1.20933
1.20924
1.20916
1.20909
1.20901
1.20893
1.20886
1.20879
1.20872
1.20866
1.20859
1.20853
1.20847
1.20841
1.20836
1.2083
1.20825
1.2082
1.20815
1.20811
1.20807
1.20802
1.20798
1.20795
1.20791
1.20788
1.20785
1.20782
1.20779
1.20777
1.20774
1.20772
1.2077
1.20769
1.20767
1.20766
1.20765
1.20764
1.20763
1.20762
1.20762
1.20761
1.20761
1.20761
1.20761
1.20761
1.20762
1.20762
1.20763
1.20764
1.20765
1.20766
1.20767
1.20769
1.2077
1.20772
1.20773
1.20775
1.20777
1.20778
1.2078
1.20782
1.20785
1.20787
1.20789
1.20791
1.20793
1.20796
1.20798
1.208
1.20803
1.20805
1.20808
1.2081
1.20812
1.20815
1.20817
1.2082
1.20822
1.20824
1.20827
1.20829
1.20831
1.20833
1.20835
1.20837
1.20839
1.20841
1.20843
1.20845
1.20847
1.20848
1.2085
1.20851
1.20853
1.20854
1.20855
1.20856
1.20857
1.20858
1.20859
1.20859
1.2086
1.2086
1.2086
1.2086
1.2086
1.2086
1.2086
1.2086
1.20859
1.20858
1.20857
1.20857
1.20855
1.20854
1.20853
1.20851
1.2085
1.20848
1.20846
1.20844
1.20842
1.20839
1.20837
1.20834
1.20831
1.20828
1.20825
1.20822
1.20819
1.20816
1.20812
1.20809
1.20805
1.20801
1.20797
1.20793
1.20789
1.20785
1.2078
1.20776
1.20771
1.20767
1.20762
1.20758
1.20753
1.20748
1.20743
1.20738
1.20734
1.20729
1.20724
1.20719
1.20714
1.20709
1.20704
1.20699
1.20694
1.20689
1.20684
1.20679
1.20674
1.20669
1.20665
1.2066
1.20655
1.20651
1.20646
1.20642
1.20637
1.20633
1.20629
1.20625
1.20621
1.20617
1.20613
1.2061
1.20606
1.20603
1.20599
1.20596
1.20593
1.2059
1.20587
1.20585
1.20582
1.2058
1.20577
1.20575
1.20573
1.20571
1.20569
1.20567
1.20565
1.20564
1.20562
1.20561
1.2056
1.20558
1.20557
1.20556
1.20555
1.20554
1.20553
1.20552
1.20551
1.2055
1.20549
1.20548
1.20547
1.20546
1.20545
1.20544
1.20542
1.20541
1.2054
1.20538
1.20537
1.20535
1.20533
1.20531
1.20529
1.20527
1.20524
1.20521
1.20518
1.20515
1.20512
1.20508
1.20504
1.20499
1.20495
1.2049
1.20485
1.20479
1.20473
1.20467
1.2046
1.20453
1.20446
1.20438
1.2043
1.20421
1.20412
1.20403
1.20393
1.20382
1.20371
1.2036
1.20348
1.20336
1.20323
1.2031
1.20296
1.20282
1.20267
1.20252
1.20236
1.2022
1.20203
1.20186
1.20168
1.2015
1.20131
1.20112
1.20092
1.20072
1.20051
1.2003
1.20008
1.19986
1.19964
1.19941
1.19917
1.19894
1.1987
1.19845
1.1982
1.19795
1.1977
1.19744
1.19718
1.19692
1.19665
1.19638
1.19611
1.19584
1.19557
1.19529
1.19502
1.19474
1.19446
1.19418
1.19391
1.19363
1.19335
1.19308
1.1928
1.19253
1.19225
1.19198
1.19172
1.19145
1.19119
1.19093
1.19067
1.19042
1.19017
1.18992
1.18968
1.18945
1.18922
1.18899
1.18877
1.18856
1.18835
1.18815
1.18796
1.18777
1.18759
1.18742
1.18726
1.1871
1.18696
1.18682
1.18669
1.18657
1.18645
1.18635
1.18626
1.18617
1.1861
1.18604
1.18598
1.18594
1.18591
1.18589
1.18587
1.18587
1.18588
1.1859
1.18593
1.18598
1.18603
1.18609
1.18617
1.18626
1.18635
1.18646
1.18658
1.18671
1.18685
1.187
1.18716
1.18733
1.18752
1.18771
1.18791
1.18812
1.18834
1.18858
1.18882
1.18907
1.18932
1.18959
1.18987
1.19015
1.19044
1.19074
1.19104
1.19136
1.19168
1.192
1.19233
1.19267
1.19302
1.19336
1.19372
1.19407
1.19444
1.1948
1.19517
1.19554
1.19592
1.1963
1.19668
1.19706
1.19744
1.19783
1.19821
1.1986
1.19899
1.19937
1.19976
1.20015
1.20053
1.20091
1.2013
1.20168
1.20206
1.20244
1.20281
1.20319
1.20356
1.20392
1.20429
1.20465
1.20501
1.20536
1.20571
1.20606
1.2064
1.20674
1.20708
1.20741
1.20774
1.20806
1.20837
1.20869
1.209
1.2093
1.2096
1.20989
1.21018
1.21046
1.21074
1.21102
1.21129
1.21155
1.21181
1.21207
1.21232
1.21256
1.2128
1.21304
1.21327
1.21349
1.21372
1.21393
1.21414
1.21435
1.21456
1.21475
1.21495
1.21514
1.21533
1.21551
1.21569
1.21586
1.21603
1.2162
1.21636
1.21652
1.21667
1.21682
1.21697
1.21711
1.21725
1.21739
1.21753
1.21766
1.21778
1.21791
1.21803
1.21815
1.21826
1.21838
1.21849
1.21859
1.2187
1.2188
1.2189
1.21899
1.21909
1.21918
1.21926
1.21935
1.21943
1.21951
1.21959
1.21967
1.21974
1.21981
1.21987
1.21994
1.22
1.22006
1.22012
1.22017
1.22022
1.22027
1.22032
1.22036
1.2204
1.22044
1.22048
1.22051
1.22054
1.22057
1.22059
1.22061
1.22063
1.22064
1.22065
1.22066
1.22066
1.22067
1.22066
1.22066
1.22065
1.22064
1.22062
1.2206
1.22058
1.22055
1.22052
1.22049
1.22045
1.22041
1.22037
1.22032
1.22027
1.22021
1.22015
1.22009
1.22002
1.21995
1.21988
1.21981
1.21973
1.21964
1.21956
1.21947
1.21938
1.21928
1.21919
1.21909
1.21899
1.21888
1.21878
1.21867
1.21856
1.21845
1.21834
1.21823
1.21811
1.218
1.21789
1.21777
1.21766
1.21755
1.21743
1.21732
1.21721
1.21711
1.217
1.2169
1.2168
1.2167
1.21661
1.21652
1.21643
1.21635
1.21627
1.2162
1.21613
1.21606
1.21601
1.21596
1.21591
1.21587
1.21584
1.21581
1.21579
1.21578
1.21578
1.21578
1.21579
1.21581
1.21584
1.21587
1.21592
1.21597
1.21602
1.21609
1.21616
1.21625
1.21633
1.21643
1.21654
1.21665
1.21677
1.21689
1.21703
1.21717
1.21731
1.21747
1.21763
1.21779
1.21796
1.21813
1.21831
1.2185
1.21869
1.21888
1.21907
1.21927
1.21947
1.21968
1.21988
1.22009
1.2203
1.22051
1.22072
1.22093
1.22114
1.22135
1.22155
1.22176
1.22197
1.22217
1.22237
1.22257
1.22277
1.22296
1.22315
1.22334
1.22352
1.2237
1.22387
1.22404
1.22421
1.22437
1.22452
1.22467
1.22481
1.22495
1.22508
1.2252
1.22532
1.22543
1.22554
1.22564
1.22573
1.22582
1.2259
1.22597
1.22603
1.22609
1.22614
1.22619
1.22623
1.22626
1.22628
1.2263
1.22631
1.22631
1.2263
1.22629
1.22628
1.22625
1.22622
1.22618
1.22614
1.22609
1.22603
1.22597
1.2259
1.22582
1.22574
1.22565
1.22556
1.22546
1.22536
1.22525
1.22514
1.22502
1.22489
1.22476
1.22463
1.22449
1.22435
1.22421
1.22406
1.2239
1.22375
1.22359
1.22342
1.22326
1.22309
1.22292
1.22274
1.22257
1.22239
1.22221
1.22202
1.22184
1.22165
1.22147
1.22128
1.22109
1.2209
1.22071
1.22052
1.22032
1.22013
1.21994
1.21975
1.21956
1.21937
1.21918
1.21899
1.2188
1.21861
1.21843
1.21824
1.21806
1.21788
1.2177
1.21752
1.21734
1.21717
1.21699
1.21682
1.21666
1.21649
1.21633
1.21617
1.21601
1.21586
1.2157
1.21555
1.21541
1.21526
1.21512
1.21498
1.21485
1.21472
1.21459
1.21446
1.21434
1.21422
1.21411
1.21399
1.21388
1.21378
1.21367
1.21357
1.21347
1.21338
1.21328
1.2132
1.21311
1.21303
1.21294
1.21287
1.21279
1.21272
1.21264
1.21258
1.21251
1.21244
1.21238
1.21232
1.21226
1.2122
1.21215
1.21209
1.21204
1.21199
1.21194
1.21189
1.21184
1.21179
1.21174
1.21169
1.21164
1.2116
1.21155
1.2115
1.21145
1.2114
1.21135
1.2113
1.21125
1.21119
1.21114
1.21108
1.21102
1.21096
1.2109
1.21083
1.21077
1.2107
1.21062
1.21054
1.21047
1.21038
1.2103
1.2102
1.21011
1.21001
1.20991
1.2098
1.20969
1.20958
1.20945
1.20933
1.2092
1.20906
1.20892
1.20878
1.20863
1.20847
1.20831
1.20814
1.20796
1.20778
1.2076
1.20741
1.20721
1.20701
1.2068
1.20658
1.20636
1.20614
1.2059
1.20566
1.20542
1.20517
1.20491
1.20465
1.20438
1.20411
1.20383
1.20355
1.20326
1.20297
1.20267
1.20236
1.20206
1.20174
1.20143
1.20111
1.20078
1.20046
1.20013
1.19979
1.19946
1.19912
1.19878
1.19844
1.19809
1.19775
1.1974
1.19706
1.19671
1.19636
1.19602
1.19567
1.19533
1.19498
1.19464
1.1943
1.19396
1.19363
1.19329
1.19296
1.19264
1.19232
1.192
1.19169
1.19138
1.19108
1.19078
1.19049
1.1902
1.18992
1.18965
1.18938
1.18912
1.18887
1.18862
1.18838
1.18815
1.18792
1.18771
1.1875
1.1873
1.18711
1.18692
1.18674
1.18658
1.18641
1.18626
1.18612
1.18598
1.18585
1.18573
1.18562
1.18552
1.18542
1.18533
1.18525
1.18518
1.18511
1.18505
1.185
1.18496
1.18492
1.18489
1.18487
1.18485
1.18484
1.18484
1.18484
1.18485
1.18487
1.18489
1.18492
1.18495
1.18499
1.18504
1.18509
1.18515
1.18521
1.18528
1.18535
1.18543
1.18551
1.1856
1.1857
1.1858
1.1859
1.18601
1.18612
1.18625
1.18637
1.1865
1.18664
1.18678
1.18692
1.18708
1.18723
1.18739
1.18756
1.18773
1.18791
1.1881
1.18828
1.18848
1.18868
1.18888
1.18909
1.18931
1.18953
1.18975
1.18999
1.19022
1.19047
1.19071
1.19096
1.19122
1.19149
1.19175
1.19203
1.1923
1.19259
1.19287
1.19316
1.19346
1.19376
1.19407
1.19437
1.19469
1.195
1.19532
1.19565
1.19598
1.19631
1.19664
1.19698
1.19732
1.19766
1.19801
1.19835
1.1987
1.19905
1.19941
1.19976
1.20012
1.20048
1.20084
1.2012
1.20156
1.20192
1.20228
1.20265
1.20301
1.20337
1.20374
1.2041
1.20446
1.20482
1.20519
1.20555
1.20591
1.20627
1.20663
1.20699
1.20734
1.2077
1.20805
1.20841
1.20876
1.20911
1.20946
1.20981
1.21015
1.2105
1.21084
1.21118
1.21152
1.21185
1.21219
1.21252
1.21285
1.21318
1.21351
1.21383
1.21415
1.21447
1.21479
1.21511
1.21542
1.21573
1.21604
1.21635
1.21665
1.21695
1.21725
1.21755
1.21784
1.21813
1.21842
1.21871
1.21899
1.21927
1.21955
1.21983
1.2201
1.22037
1.22064
1.2209
1.22116
1.22142
1.22168
1.22193
1.22218
1.22242
1.22267
1.22291
1.22314
1.22338
1.22361
1.22383
1.22406
1.22428
1.22449
1.2247
1.22491
1.22512
1.22532
1.22552
1.22572
1.22591
1.22609
1.22628
1.22646
1.22663
1.22681
1.22697
1.22714
1.2273
1.22746
1.22761
1.22776
1.2279
1.22804
1.22818
1.22831
1.22844
1.22857
1.22869
1.22881
1.22892
1.22903
1.22913
1.22923
1.22933
1.22942
1.22951
1.2296
1.22968
1.22975
1.22983
1.2299
1.22996
1.23002
1.23008
1.23014
1.23019
1.23023
1.23027
1.23031
1.23035
1.23038
1.2304
1.23043
1.23045
1.23046
1.23048
1.23049
1.23049
1.23049
1.23049
1.23049
1.23048
1.23047
1.23045
1.23043
1.23041
1.23039
1.23036
1.23033
1.23029
1.23026
1.23022
1.23017
1.23013
1.23008
1.23002
1.22997
1.22991
1.22985
1.22978
1.22972
1.22965
1.22958
1.2295
1.22942
1.22934
1.22926
1.22918
1.22909
1.229
1.22891
1.22881
1.22872
1.22862
1.22852
1.22842
1.22831
1.2282
1.2281
1.22799
1.22787
1.22776
1.22764
1.22753
1.22741
1.22729
1.22717
1.22704
1.22692
1.22679
1.22667
1.22654
1.22641
1.22628
1.22615
1.22602
1.22588
1.22575
1.22562
1.22548
1.22535
1.22521
1.22508
1.22494
1.22481
1.22467
1.22454
1.2244
1.22427
1.22413
1.224
1.22387
1.22373
1.2236
1.22347
1.22334
1.22321
1.22308
1.22295
1.22283
1.2227
1.22258
1.22246
1.22234
1.22222
1.2221
1.22199
1.22187
1.22176
1.22165
1.22154
1.22144
1.22134
1.22124
1.22114
1.22104
1.22095
1.22085
1.22076
1.22068
1.22059
1.22051
1.22043
1.22035
1.22028
1.2202
1.22013
1.22006
1.22
1.21994
1.21987
1.21982
1.21976
1.2197
1.21965
1.2196
1.21955
1.21951
1.21946
1.21942
1.21937
1.21933
1.21929
1.21926
1.21922
1.21918
1.21915
1.21911
1.21908
1.21905
1.21901
1.21898
1.21895
1.21891
1.21888
1.21885
1.21881
1.21877
1.21874
1.2187
1.21866
1.21862
1.21858
1.21853
1.21849
1.21844
1.21839
1.21834
1.21828
1.21822
1.21816
1.2181
1.21803
1.21796
1.21789
1.21781
1.21773
1.21764
1.21755
1.21746
1.21737
1.21727
1.21716
1.21705
1.21694
1.21682
1.2167
1.21658
1.21645
1.21631
1.21618
1.21603
1.21589
1.21574
1.21558
1.21543
1.21526
1.2151
1.21493
1.21476
1.21458
1.21441
1.21423
1.21404
1.21386
1.21367
1.21348
1.21329
1.2131
1.21291
1.21271
1.21252
1.21232
1.21213
1.21193
1.21174
1.21155
1.21136
1.21117
1.21098
1.21079
1.21061
1.21043
1.21025
1.21008
1.20991
1.20974
1.20958
1.20943
1.20927
1.20913
1.20899
1.20885
1.20872
1.20859
1.20848
1.20836
1.20826
1.20816
1.20806
1.20798
1.2079
1.20782
1.20775
1.20769
1.20764
1.20759
1.20754
1.20751
1.20748
1.20745
1.20743
1.20742
1.20741
1.2074
1.2074
1.2074
1.20741
1.20742
1.20744
1.20745
1.20747
1.2075
1.20752
1.20754
1.20757
1.2076
1.20762
1.20765
1.20768
1.2077
1.20773
1.20775
1.20777
1.20779
1.20781
1.20782
1.20783
1.20784
1.20784
1.20784
1.20784
1.20783
1.20782
1.2078
1.20777
1.20774
1.20771
1.20767
1.20762
1.20757
1.20751
1.20745
1.20738
1.2073
1.20722
1.20714
1.20704
1.20694
1.20684
1.20673
1.20661
1.20649
1.20637
1.20623
1.2061
1.20596
1.20581
1.20566
1.20551
1.20535
1.20519
1.20502
1.20486
1.20469
1.20451
1.20434
1.20416
1.20398
1.20381
1.20362
1.20344
1.20326
1.20308
1.2029
1.20272
1.20254
1.20236
1.20218
1.20201
1.20184
1.20167
1.2015
1.20133
1.20117
1.20101
1.20085
1.2007
1.20055
1.20041
1.20026
1.20013
1.2
1.19987
1.19974
1.19962
1.19951
1.1994
1.19929
1.19919
1.1991
1.199
1.19892
1.19884
1.19876
1.19868
1.19862
1.19855
1.19849
1.19843
1.19838
1.19833
1.19829
1.19824
1.19821
1.19817
1.19814
1.19811
1.19808
1.19806
1.19804
1.19802
1.198
1.19799
1.19798
1.19797
1.19796
1.19795
1.19794
1.19794
1.19793
1.19793
1.19793
1.19793
1.19793
1.19793
1.19793
1.19793
1.19793
1.19793
1.19794
1.19794
1.19794
1.19795
1.19795
1.19796
1.19796
1.19797
1.19797
1.19798
1.19799
1.198
1.19801
1.19802
1.19803
1.19804
1.19805
1.19807
1.19808
1.1981
1.19812
1.19813
1.19816
1.19818
1.1982
1.19823
1.19826
1.19829
1.19832
1.19836
1.1984
1.19844
1.19848
1.19853
1.19858
1.19863
1.19869
1.19875
1.19881
1.19888
1.19894
1.19902
1.19909
1.19917
1.19925
1.19934
1.19943
1.19952
1.19962
1.19971
1.19982
1.19992
1.20003
1.20015
1.20026
1.20038
1.2005
1.20063
1.20075
1.20088
1.20102
1.20115
1.20129
1.20143
1.20157
1.20171
1.20186
1.20201
1.20215
1.2023
1.20246
1.20261
1.20276
1.20291
1.20307
1.20322
1.20338
1.20353
1.20368
1.20384
1.20399
1.20414
1.20429
1.20444
1.20459
1.20474
1.20489
1.20503
1.20517
1.20532
1.20545
1.20559
1.20573
1.20586
1.20599
1.20612
1.20624
1.20636
1.20648
1.2066
1.20671
1.20682
1.20693
1.20704
1.20714
1.20724
1.20734
1.20743
1.20752
1.20761
1.2077
1.20779
1.20787
1.20795
1.20802
1.2081
1.20817
1.20824
1.20831
1.20838
1.20845
1.20851
1.20858
1.20864
1.2087
1.20876
1.20882
1.20888
1.20894
1.209
1.20906
1.20912
1.20918
1.20924
1.2093
1.20936
1.20942
1.20948
1.20955
1.20961
1.20968
1.20975
1.20981
1.20988
1.20996
1.21003
1.2101
1.21018
1.21026
1.21034
1.21042
1.2105
1.21058
1.21067
1.21076
1.21085
1.21094
1.21103
1.21112
1.21122
1.21131
1.21141
1.21151
1.21161
1.21171
1.21181
1.21191
1.21201
1.21211
1.21221
1.21231
1.21242
1.21252
1.21262
1.21272
1.21282
1.21291
1.21301
1.21311
1.2132
1.21329
1.21339
1.21347
1.21356
1.21365
1.21373
1.21381
1.21389
1.21396
1.21403
1.2141
1.21417
1.21423
1.21429
1.21435
1.2144
1.21445
1.2145
1.21454
1.21458
1.21461
1.21464
1.21467
1.21469
1.21471
1.21473
1.21474
1.21475
1.21475
1.21475
1.21475
1.21474
1.21473
1.21472
1.2147
1.21467
1.21465
1.21462
1.21458
1.21454
1.2145
1.21446
1.21441
1.21436
1.2143
1.21424
1.21418
1.21411
1.21404
1.21397
1.2139
1.21382
1.21374
1.21365
1.21356
1.21347
1.21338
1.21329
1.21319
1.21309
1.21298
1.21288
1.21277
1.21266
1.21255
1.21243
1.21231
1.21219
1.21207
1.21194
1.21182
1.21169
1.21156
1.21142
1.21129
1.21115
1.21101
1.21087
1.21073
1.21058
1.21044
1.21029
1.21014
1.20998
1.20983
1.20967
1.20951
1.20935
1.20919
1.20903
1.20886
1.2087
1.20853
1.20836
1.20818
1.20801
1.20783
1.20766
1.20748
1.2073
1.20711
1.20693
1.20674
1.20656
1.20637
1.20618
1.20599
1.20579
1.2056
1.20541
1.20521
1.20501
1.20482
1.20462
1.20442
1.20422
1.20402
1.20382
1.20362
1.20342
1.20322
1.20302
1.20282
1.20262
1.20242
1.20222
1.20203
1.20183
1.20164
1.20144
1.20125
1.20106
1.20088
1.2007
1.20051
1.20034
1.20016
1.19999
1.19982
1.19966
1.1995
1.19935
1.1992
1.19905
1.19891
1.19878
1.19865
1.19853
1.19842
1.19831
1.19821
1.19812
1.19803
1.19795
1.19788
1.19782
1.19777
1.19772
1.19769
1.19766
1.19764
1.19764
1.19764
1.19765
1.19767
1.19771
1.19775
1.1978
1.19787
1.19794
1.19803
1.19812
1.19823
1.19834
1.19847
1.19861
1.19876
1.19892
1.19909
1.19927
1.19946
1.19966
1.19987
1.20009
1.20032
1.20056
1.20081
1.20107
1.20133
1.20161
1.20189
1.20218
1.20247
1.20278
1.20309
1.20341
1.20373
1.20406
1.2044
1.20474
1.20508
1.20543
1.20579
1.20614
1.2065
1.20687
1.20723
1.2076
1.20797
1.20834
1.20871
1.20909
1.20946
1.20983
1.21021
1.21058
1.21095
1.21132
1.21169
1.21206
1.21242
1.21278
1.21314
1.2135
1.21385
1.2142
1.21455
1.21489
1.21523
1.21556
1.21589
1.21622
1.21654
1.21685
1.21716
1.21747
1.21777
1.21806
1.21835
1.21863
1.21891
1.21918
1.21944
1.2197
1.21995
1.2202
1.22044
1.22067
1.2209
1.22112
1.22134
1.22155
1.22175
1.22195
1.22214
1.22232
1.2225
1.22268
1.22284
1.223
1.22316
1.22331
1.22345
1.22359
1.22372
1.22385
1.22397
1.22408
1.22419
1.2243
1.2244
1.22449
1.22458
1.22467
1.22475
1.22482
1.22489
1.22496
1.22502
1.22508
1.22513
1.22518
1.22522
1.22527
1.2253
1.22533
1.22536
1.22539
1.22541
1.22543
1.22544
1.22545
1.22546
1.22547
1.22547
1.22547
1.22546
1.22545
1.22544
1.22543
1.22541
1.2254
1.22537
1.22535
1.22532
1.22529
1.22526
1.22523
1.22519
1.22515
1.22511
1.22507
1.22502
1.22498
1.22493
1.22487
1.22482
1.22476
1.22471
1.22464
1.22458
1.22452
1.22445
1.22438
1.22431
1.22424
1.22416
1.22409
1.22401
1.22393
1.22385
1.22376
1.22368
1.22359
1.2235
1.22341
1.22332
1.22322
1.22312
1.22303
1.22293
1.22282
1.22272
1.22261
1.22251
1.2224
1.22229
1.22218
1.22206
1.22195
1.22183
1.22171
1.22159
1.22147
1.22135
1.22123
1.2211
1.22097
1.22085
1.22072
1.22059
1.22046
1.22032
1.22019
1.22005
1.21992
1.21978
1.21964
1.2195
1.21936
1.21922
1.21908
1.21894
1.21879
1.21865
1.2185
1.21836
1.21821
1.21806
1.21791
1.21776
1.21761
1.21746
1.21731
1.21716
1.21701
1.21685
1.2167
1.21654
1.21639
1.21623
1.21607
1.21591
1.21575
1.21559
1.21543
1.21527
1.2151
1.21494
1.21477
1.21461
1.21444
1.21427
1.2141
1.21393
1.21376
1.21359
1.21341
1.21324
1.21306
1.21288
1.21271
1.21253
1.21235
1.21216
1.21198
1.2118
1.21161
1.21143
1.21124
1.21106
1.21087
1.21068
1.2105
1.21031
1.21012
1.20993
1.20975
1.20956
1.20938
1.20919
1.20901
1.20883
1.20865
1.20847
1.2083
1.20812
1.20796
1.20779
1.20763
