-4.352000e-01
-7.552000e-01
-7.552000e-01
-7.552000e-01
-7.488000e-01
-7.464000e-01
-7.472000e-01
-7.464000e-01
-8.296000e-01
-8.296000e-01
-8.312000e-01
-8.328000e-01
-8.328000e-01
-8.336000e-01
-8.360000e-01
-8.320000e-01
-8.328000e-01
-8.328000e-01
-8.336000e-01
-8.328000e-01
-8.304000e-01
-9.104000e-01
-9.096000e-01
-9.080000e-01
-9.056000e-01
-9.056000e-01
-9.064000e-01
-9.064000e-01
-9.088000e-01
-9.088000e-01
-9.096000e-01
-9.112000e-01
-9.128000e-01
-9.144000e-01
-9.144000e-01
-9.120000e-01
-9.136000e-01
-9.120000e-01
-9.120000e-01
-9.096000e-01
-9.096000e-01
-9.088000e-01
-9.080000e-01
-9.112000e-01
-9.112000e-01
-9.120000e-01
-9.104000e-01
-9.072000e-01
-9.080000e-01
-9.064000e-01
-9.064000e-01
-9.056000e-01
-9.048000e-01
-9.048000e-01
-9.064000e-01
-9.096000e-01
-9.096000e-01
-9.104000e-01
-8.304000e-01
-8.304000e-01
-8.312000e-01
-9.072000e-01
-8.280000e-01
-8.264000e-01
-8.272000e-01
-8.288000e-01
-8.304000e-01
-8.344000e-01
-8.344000e-01
-8.368000e-01
-8.392000e-01
-8.424000e-01
-8.400000e-01
-8.416000e-01
-8.432000e-01
-8.432000e-01
-8.408000e-01
-8.424000e-01
-8.408000e-01
-9.216000e-01
-9.232000e-01
-9.232000e-01
-9.256000e-01
-9.256000e-01
-9.240000e-01
-9.248000e-01
-9.240000e-01
-9.240000e-01
-9.248000e-01
-9.248000e-01
-9.240000e-01
-9.248000e-01
-9.232000e-01
-9.216000e-01
-9.224000e-01
-9.224000e-01
-9.216000e-01
-9.192000e-01
-9.184000e-01
-9.160000e-01
-9.168000e-01
-9.160000e-01
-9.128000e-01
-9.144000e-01
-9.160000e-01
-9.136000e-01
-9.120000e-01
-9.128000e-01
-9.120000e-01
-9.128000e-01
-9.152000e-01
-9.160000e-01
-9.136000e-01
-9.168000e-01
-9.184000e-01
-9.168000e-01
-9.176000e-01
-9.184000e-01
-9.168000e-01
-9.168000e-01
-9.168000e-01
-9.176000e-01
-9.168000e-01
-9.192000e-01
-9.192000e-01
-9.216000e-01
-9.200000e-01
-9.200000e-01
-9.216000e-01
-9.224000e-01
-9.232000e-01
-9.240000e-01
-9.248000e-01
-9.248000e-01
-9.248000e-01
-9.248000e-01
-9.240000e-01
-9.232000e-01
-9.216000e-01
-9.192000e-01
-9.216000e-01
-9.216000e-01
-9.224000e-01
-9.208000e-01
-9.240000e-01
-9.248000e-01
-9.248000e-01
-9.288000e-01
-9.280000e-01
-9.304000e-01
-9.328000e-01
-9.312000e-01
-9.328000e-01
-9.352000e-01
-9.336000e-01
-9.328000e-01
-9.304000e-01
-9.320000e-01
-9.312000e-01
-9.304000e-01
-9.296000e-01
-9.288000e-01
-9.296000e-01
-9.296000e-01
-9.288000e-01
-9.280000e-01
-9.256000e-01
-9.272000e-01
-9.288000e-01
-9.296000e-01
-9.304000e-01
-9.304000e-01
-9.312000e-01
-9.312000e-01
-9.320000e-01
-9.312000e-01
-9.312000e-01
-9.312000e-01
-9.304000e-01
-9.320000e-01
-9.288000e-01
-9.296000e-01
-9.288000e-01
-9.320000e-01
-9.336000e-01
-9.360000e-01
-9.368000e-01
-9.344000e-01
-9.352000e-01
-9.344000e-01
-9.360000e-01
-9.368000e-01
-9.360000e-01
-9.352000e-01
-9.344000e-01
-9.320000e-01
-9.296000e-01
-9.320000e-01
-9.328000e-01
-9.304000e-01
-9.304000e-01
-9.328000e-01
-9.328000e-01
-9.328000e-01
-9.344000e-01
-9.328000e-01
-9.320000e-01
-9.312000e-01
-9.320000e-01
-9.336000e-01
-9.336000e-01
-9.368000e-01
-9.384000e-01
-9.376000e-01
-9.376000e-01
-1.020000e+00
-1.020000e+00
-1.020000e+00
-1.020000e+00
-1.020000e+00
-1.020000e+00
-1.020000e+00
-1.020000e+00
-1.020000e+00
-1.020000e+00
-1.020000e+00
-1.020000e+00
-1.020000e+00
-1.020000e+00
-1.020000e+00
-1.020000e+00
-1.020000e+00
-1.020000e+00
-1.020000e+00
-1.020000e+00
-1.020000e+00
-1.020000e+00
-1.020000e+00
-1.020000e+00
-1.020000e+00
-1.020000e+00
-1.020000e+00
-1.020000e+00
-1.020000e+00
-1.020000e+00
-1.020000e+00
-1.020000e+00
-1.020000e+00
-1.020000e+00
-1.020000e+00
-1.020000e+00
-1.020000e+00
-1.020000e+00
-1.020000e+00
-1.020000e+00
-1.020000e+00
-1.020000e+00
-1.020000e+00
-1.020000e+00
-1.020000e+00
-1.020000e+00
-1.020000e+00
-1.020000e+00
-1.020000e+00
-1.020000e+00
-1.020000e+00
-1.020000e+00
-1.020000e+00
-1.020000e+00
-1.020000e+00
-1.020000e+00
-1.020000e+00
-1.020000e+00
-1.020000e+00
-1.020000e+00
-1.020000e+00
-1.020000e+00
-1.020000e+00
-1.020000e+00
-1.020000e+00
-1.020000e+00
-1.020000e+00
-1.020000e+00
-1.020000e+00
-1.020000e+00
-1.020000e+00
-1.020000e+00
-1.020000e+00
-1.020000e+00
-1.020000e+00
-1.020000e+00
-1.020000e+00
-1.020000e+00
-1.020000e+00
-1.020000e+00
-1.020000e+00
-1.020000e+00
-1.020000e+00
-1.020000e+00
-1.020000e+00
-1.020000e+00
-1.020000e+00
-1.020000e+00
-1.020000e+00
-1.020000e+00
-1.020000e+00
-1.020000e+00
-1.020000e+00
-1.020000e+00
-1.020000e+00
-1.020000e+00
-1.020000e+00
-1.020000e+00
-1.020000e+00
-1.020000e+00
-1.020000e+00
-1.020000e+00
-1.020000e+00
-1.020000e+00
-1.020000e+00
-1.020000e+00
-1.020000e+00
-1.020000e+00
-1.020000e+00
-1.020000e+00
-1.020000e+00
-1.020000e+00
-1.020000e+00
-1.020000e+00
-1.020000e+00
-1.020000e+00
-1.020000e+00
-1.020000e+00
-1.020000e+00
-1.020000e+00
-1.020000e+00
-1.020000e+00
-1.020000e+00
-1.020000e+00
-1.020000e+00
-9.376000e-01
-9.384000e-01
-1.020000e+00
-1.020000e+00
-1.020000e+00
-1.020000e+00
-1.020000e+00
-1.020000e+00
-1.020000e+00
-1.020000e+00
-1.020000e+00
-1.020000e+00
-1.020000e+00
-1.020000e+00
-9.384000e-01
-9.368000e-01
-9.376000e-01
-9.392000e-01
-9.392000e-01
-1.020000e+00
-1.020000e+00
-1.020000e+00
-1.020000e+00
-1.020000e+00
-1.020000e+00
-1.020000e+00
-1.020000e+00
-1.020000e+00
-1.020000e+00
-1.020000e+00
-1.020000e+00
-1.020000e+00
-1.020000e+00
-1.020000e+00
-1.020000e+00
-1.020000e+00
-1.020000e+00
-1.020000e+00
-1.020000e+00
-1.020000e+00
-1.020000e+00
-1.020000e+00
-1.020000e+00
-1.020000e+00
-1.020000e+00
-1.020000e+00
-1.020000e+00
-1.020000e+00
-1.020000e+00
-1.020000e+00
-1.020000e+00
-1.020000e+00
-1.020000e+00
-1.020000e+00
-1.020000e+00
-1.020000e+00
-1.020000e+00
-1.020000e+00
-1.020000e+00
-1.020000e+00
-1.020000e+00
-1.020000e+00
-1.020000e+00
-1.020000e+00
-1.020000e+00
-1.020000e+00
-1.020000e+00
-1.020000e+00
-1.020000e+00
-1.020000e+00
-1.020000e+00
-1.020000e+00
-1.020000e+00
-1.020000e+00
-1.020000e+00
-1.020000e+00
-1.020000e+00
-1.020000e+00
-1.020000e+00
-1.020000e+00
-9.392000e-01
-1.020000e+00
-9.392000e-01
-1.020000e+00
-1.020000e+00
-1.020000e+00
-1.020000e+00
-1.020000e+00
-1.020000e+00
-1.020000e+00
-1.020000e+00
-1.020000e+00
-1.020000e+00
-1.020000e+00
-1.020000e+00
-1.020000e+00
-1.020000e+00
-1.020000e+00
-1.020000e+00
-1.020000e+00
-1.020000e+00
-1.020000e+00
-1.020000e+00
-1.020000e+00
-1.020000e+00
-1.020000e+00
-1.020000e+00
-1.020000e+00
-1.020000e+00
-1.020000e+00
-1.020000e+00
-1.020000e+00
-1.020000e+00
-1.020000e+00
-1.020000e+00
-1.020000e+00
-1.020000e+00
-1.020000e+00
-1.020000e+00
-1.020000e+00
-1.020000e+00
-1.020000e+00
-1.020000e+00
-1.020000e+00
-1.020000e+00
-1.020000e+00
-1.020000e+00
-1.020000e+00
-1.020000e+00
-1.020000e+00
-1.020000e+00
-1.020000e+00
-1.020000e+00
-1.020000e+00
-1.020000e+00
-1.020000e+00
-1.020000e+00
-1.020000e+00
-1.020000e+00
-1.020000e+00
-1.020000e+00
-1.020000e+00
-1.020000e+00
-1.020000e+00
-1.020000e+00
-1.020000e+00
-1.020000e+00
-1.020000e+00
-1.020000e+00
-1.020000e+00
-1.020000e+00
-1.020000e+00
-1.020000e+00
-1.020000e+00
-1.020000e+00
-1.020000e+00
-1.020000e+00
-1.020000e+00
-1.020000e+00
-9.392000e-01
-1.020000e+00
-1.020000e+00
-1.020000e+00
-1.020000e+00
-1.020000e+00
-1.020000e+00
-1.020000e+00
-1.020000e+00
-1.020000e+00
-1.020000e+00
-1.020000e+00
-1.020000e+00
-1.020000e+00
-1.020000e+00
-1.020000e+00
-9.392000e-01
-9.392000e-01
-1.020000e+00
-1.020000e+00
-1.020000e+00
-1.020000e+00
-1.020000e+00
-1.020000e+00
-1.020000e+00
-1.020000e+00
-1.020000e+00
-1.020000e+00
-1.020000e+00
-1.020000e+00
-1.020000e+00
-1.020000e+00
-1.020000e+00
-1.020000e+00
-1.020000e+00
-1.020000e+00
-1.020000e+00
-1.020000e+00
-1.020000e+00
-1.020000e+00
-1.020000e+00
-1.020000e+00
-1.020000e+00
-1.020000e+00
-1.020000e+00
-1.020000e+00
-1.020000e+00
-1.020000e+00
-1.020000e+00
-1.020000e+00
-1.020000e+00
-1.020000e+00
-1.020000e+00
-1.020000e+00
-1.020000e+00
-1.020000e+00
-1.020000e+00
-1.020000e+00
-1.020000e+00
-1.020000e+00
-1.020000e+00
-1.020000e+00
-1.020000e+00
-1.020000e+00
-1.020000e+00
-1.020000e+00
-1.020000e+00
-1.020000e+00
-1.020000e+00
-1.020000e+00
-1.020000e+00
-1.020000e+00
-1.020000e+00
-1.020000e+00
-1.020000e+00
-1.020000e+00
-1.020000e+00
-1.020000e+00
-1.020000e+00
-1.020000e+00
-1.020000e+00
-1.020000e+00
-1.020000e+00
-1.020000e+00
-1.020000e+00
-1.020000e+00
-1.020000e+00
-1.020000e+00
-1.020000e+00
-1.020000e+00
-1.020000e+00
-1.020000e+00
-1.020000e+00
-1.020000e+00
-1.020000e+00
-1.020000e+00
-1.020000e+00
-9.384000e-01
-9.368000e-01
-9.360000e-01
-9.384000e-01
-9.384000e-01
-1.020000e+00
-1.020000e+00
-1.020000e+00
-1.020000e+00
-1.020000e+00
-1.020000e+00
-1.020000e+00
-1.020000e+00
-1.020000e+00
-9.384000e-01
-9.392000e-01
-1.020000e+00
-1.020000e+00
-1.020000e+00
-1.020000e+00
-1.020000e+00
-1.020000e+00
-1.020000e+00
-1.020000e+00
-1.020000e+00
-1.020000e+00
-1.020000e+00
-1.020000e+00
-1.020000e+00
-1.020000e+00
-1.020000e+00
-1.020000e+00
-1.020000e+00
-1.020000e+00
-1.020000e+00
-1.020000e+00
-1.020000e+00
-1.020000e+00
-1.020000e+00
-1.020000e+00
-1.020000e+00
-1.020000e+00
-1.020000e+00
-1.020000e+00
-1.020000e+00
-1.020000e+00
-1.020000e+00
-1.020000e+00
-1.020000e+00
-1.020000e+00
-1.020000e+00
-1.020000e+00
-1.020000e+00
-1.020000e+00
